# transform file /out/sourcedata/freesurfer/sub-v2s11x28684_ses-1/mri/transforms/cc_up.lta
# created by oesteban on Tue Mar 10 17:07:01 2026

type      = 0 # LINEAR_VOX_TO_VOX
nxforms   = 1
mean      = 161.0000 160.0000 153.0000
sigma     = 10000.0000
1 4 4
9.999380111694336e-01 -7.327773142606020e-03 -8.375028148293495e-03 -2.873730659484863e+01 
7.327515631914139e-03 9.999731183052063e-01 -6.137195305200294e-05 -1.715242958068848e+01 
8.375253528356552e-03 0.000000000000000e+00 9.999648928642273e-01 -1.632664299011230e+01 
0.000000000000000e+00 0.000000000000000e+00 0.000000000000000e+00 1.000000000000000e+00 
src volume info
valid = 1  # volume info valid
filename = /out/sourcedata/freesurfer/sub-v2s11x28684_ses-1/mri/norm.mgz
volume = 320 320 320
voxelsize = 7.999998927116394e-01 7.999998927116394e-01 7.999998927116394e-01
xras   = -9.999999403953552e-01 0.000000000000000e+00 0.000000000000000e+00
yras   = 0.000000000000000e+00 0.000000000000000e+00 -9.999999403953552e-01
zras   = 0.000000000000000e+00 9.999999403953552e-01 0.000000000000000e+00
cras   = 7.611083984375000e-02 -3.024627685546875e+00 2.892978286743164e+01
dst volume info
valid = 1  # volume info valid
filename = /out/sourcedata/freesurfer/sub-v2s11x28684_ses-1/mri/norm.mgz
volume = 320 320 320
voxelsize = 7.999998927116394e-01 7.999998927116394e-01 7.999998927116394e-01
xras   = -9.999999403953552e-01 0.000000000000000e+00 0.000000000000000e+00
yras   = 0.000000000000000e+00 0.000000000000000e+00 -9.999999403953552e-01
zras   = 0.000000000000000e+00 9.999999403953552e-01 0.000000000000000e+00
cras   = 7.611083984375000e-02 -3.024627685546875e+00 2.892978286743164e+01
