# transform file /out/sourcedata/freesurfer/sub-v2s11x28708_ses-1/mri/transforms/cc_up.lta
# created by oesteban on Tue Mar 10 23:34:02 2026

type      = 0 # LINEAR_VOX_TO_VOX
nxforms   = 1
mean      = 159.0000 165.0000 152.0000
sigma     = 10000.0000
1 4 4
9.991420507431030e-01 -3.950780257582664e-02 1.243000477552414e-02 -2.409418296813965e+01 
3.950474411249161e-02 9.992193579673767e-01 4.914657911285758e-04 -2.813081169128418e+01 
-1.243971660733223e-02 0.000000000000000e+00 9.999226927757263e-01 -1.504380607604980e+01 
0.000000000000000e+00 0.000000000000000e+00 0.000000000000000e+00 1.000000000000000e+00 
src volume info
valid = 1  # volume info valid
filename = /out/sourcedata/freesurfer/sub-v2s11x28708_ses-1/mri/norm.mgz
volume = 320 320 320
voxelsize = 8.000000119209290e-01 8.000000119209290e-01 8.000000119209290e-01
xras   = -1.000000000000000e+00 0.000000000000000e+00 0.000000000000000e+00
yras   = 0.000000000000000e+00 0.000000000000000e+00 -1.000000000000000e+00
zras   = 0.000000000000000e+00 1.000000000000000e+00 0.000000000000000e+00
cras   = 1.497413635253906e+00 1.356759643554688e+01 8.334457397460938e+00
dst volume info
valid = 1  # volume info valid
filename = /out/sourcedata/freesurfer/sub-v2s11x28708_ses-1/mri/norm.mgz
volume = 320 320 320
voxelsize = 8.000000119209290e-01 8.000000119209290e-01 8.000000119209290e-01
xras   = -1.000000000000000e+00 0.000000000000000e+00 0.000000000000000e+00
yras   = 0.000000000000000e+00 0.000000000000000e+00 -1.000000000000000e+00
zras   = 0.000000000000000e+00 1.000000000000000e+00 0.000000000000000e+00
cras   = 1.497413635253906e+00 1.356759643554688e+01 8.334457397460938e+00
