#Insight Transform File V1.0
#Transform 0
Transform: AffineTransform_float_3_3
Parameters: 1 0.000283 2.07156e-07 -0.000283 0.999999 0.000732 2.07156e-07 -0.000732 0.999999 -0.0286792 -0.034568 -0.0435109
FixedParameters: 0 0 0

#Transform 1
Transform: AffineTransform_float_3_3
Parameters: 1 3.17845e-06 -0.000165997 -2.82155e-06 1 0.001075 0.000166003 -0.001075 1 -0.0204866 -0.0691235 -0.0238855
FixedParameters: 0 0 0

#Transform 2
Transform: AffineTransform_float_3_3
Parameters: 1 8.69999e-05 8.06489e-08 -8.69999e-05 0.999999 0.000926999 8.06489e-08 -0.000926999 0.999999 -0.0205514 -0.0806465 -0.0286273
FixedParameters: 0 0 0

#Transform 3
Transform: AffineTransform_float_3_3
Parameters: 1 0.000166007 -7.85491e-06 -0.000165993 0.999999 0.000874001 8.14508e-06 -0.000873998 0.999999 -0.00966024 -0.0865154 -0.0280226
FixedParameters: 0 0 0

#Transform 4
Transform: AffineTransform_float_3_3
Parameters: 1 0.000292606 0.000404286 -0.000292395 1 0.000975883 -0.000404715 -0.000976119 1 0.00155585 -0.0645428 -0.0189034
FixedParameters: 0 0 0

#Transform 5
Transform: AffineTransform_float_3_3
Parameters: 1 0.000132941 6.81159e-05 -0.000133059 0.999999 0.00087199 -6.7884e-05 -0.000872008 0.999999 -0.0124465 -0.0324574 -0.0281266
FixedParameters: 0 0 0

#Transform 6
Transform: AffineTransform_float_3_3
Parameters: 1 3.20038e-06 -0.000181997 -2.79962e-06 1 0.001101 0.000182003 -0.001101 1 -0.0262902 -0.000131612 -0.0509045
FixedParameters: 0 0 0

#Transform 7
Transform: AffineTransform_float_3_3
Parameters: 1 3.05976e-06 -8.29978e-05 -2.94024e-06 0.999999 0.00072 8.30021e-05 -0.000719999 0.999999 -0.0174793 0.0146041 -0.0494761
FixedParameters: 0 0 0

#Transform 8
Transform: AffineTransform_float_3_3
Parameters: 1 2.83367e-06 0.000167003 -3.16633e-06 0.999999 0.000995998 -0.000166997 -0.000995999 0.999999 -0.0117705 -0.109957 -0.0242341
FixedParameters: 0 0 0

#Transform 9
Transform: AffineTransform_float_3_3
Parameters: 1 3.02054e-06 -2.59976e-05 -2.97946e-06 0.999999 0.00079 2.60024e-05 -0.000789999 0.999999 -0.00453052 -0.108931 -0.016958
FixedParameters: 0 0 0

#Transform 10
Transform: AffineTransform_float_3_3
Parameters: 1 0.000210607 0.000332249 -0.000210393 1 0.00118293 -0.000331751 -0.00118307 0.999999 -0.000899215 -0.120212 -0.00324108
FixedParameters: 0 0 0

#Transform 11
Transform: AffineTransform_float_3_3
Parameters: 1 0.000244044 -4.37536e-05 -0.000243956 1 0.00101001 4.42464e-05 -0.00100999 1 0.00968191 -0.0882994 0.00859814
FixedParameters: 0 0 0

#Transform 12
Transform: AffineTransform_float_3_3
Parameters: 1 3.01001e-06 -1.29977e-05 -2.98999e-06 0.999999 0.00077 1.30023e-05 -0.00077 0.999999 -0.00442129 -0.0572344 0.00463142
FixedParameters: 0 0 0

#Transform 13
Transform: AffineTransform_float_3_3
Parameters: 1 3.01001e-06 -1.29977e-05 -2.98999e-06 0.999999 0.00077 1.30023e-05 -0.00077 0.999999 -0.013977 -0.0285715 -0.0111088
FixedParameters: 0 0 0

#Transform 14
Transform: AffineTransform_float_3_3
Parameters: 1 3.11396e-06 -0.000147998 -2.88604e-06 0.999999 0.00077 0.000148002 -0.000769999 0.999999 -0.013345 0.00889522 -0.0153234
FixedParameters: 0 0 0

#Transform 15
Transform: AffineTransform_float_3_3
Parameters: 1 2.95226e-06 6.20023e-05 -3.04774e-06 0.999999 0.000769999 -6.19977e-05 -0.00077 0.999999 -0.0143502 -0.0780394 0.0202924
FixedParameters: 0 0 0

#Transform 16
Transform: AffineTransform_float_3_3
Parameters: 1 0.000186875 0.000121193 -0.000187125 1 0.00102998 -0.000120807 -0.00103002 1 0.00463277 -0.0646667 0.0104342
FixedParameters: 0 0 0

#Transform 17
Transform: AffineTransform_float_3_3
Parameters: 1 0.000311525 0.000481308 -0.000311476 1 0.000986851 -0.000481693 -0.000987151 1 0.00979521 -0.0790599 0.0278217
FixedParameters: 0 0 0

#Transform 18
Transform: AffineTransform_float_3_3
Parameters: 1 0.00017201 -1.28676e-05 -0.00017199 0.999999 0.000770002 1.31324e-05 -0.000769997 0.999999 0.0109911 -0.0364834 0.00194665
FixedParameters: 0 0 0

#Transform 19
Transform: AffineTransform_float_3_3
Parameters: 1 0.000122005 -1.2954e-05 -0.000121995 1 0.000377002 1.3046e-05 -0.000376998 1 0.0105809 -0.034509 -0.0109223
FixedParameters: 0 0 0

#Transform 20
Transform: AffineTransform_float_3_3
Parameters: 1 3.0086e-06 -1.2998e-05 -2.99139e-06 1 0.000662 1.3002e-05 -0.000662 1 0.00942213 0.00840905 -0.0126059
FixedParameters: 0 0 0

#Transform 21
Transform: AffineTransform_float_3_3
Parameters: 1 2.9611e-06 8.80013e-05 -3.0389e-06 1 0.000442 -8.79987e-05 -0.000442 1 -0.0094608 -0.0948751 0.00591838
FixedParameters: 0 0 0

#Transform 22
Transform: AffineTransform_float_3_3
Parameters: 1 9.78646e-05 0.00043403 -9.81354e-05 1 0.000311957 -0.000433969 -0.000312042 1 0.00746065 -0.102576 0.0298773
FixedParameters: 0 0 0

#Transform 23
Transform: AffineTransform_float_3_3
Parameters: 1 0.000211719 0.000527113 -0.000212281 1 0.000532888 -0.000526887 -0.000533111 0.999999 0.0143415 -0.117125 0.0178492
FixedParameters: 0 0 0

#Transform 24
Transform: AffineTransform_float_3_3
Parameters: 1 0.000174793 0.000483075 -0.000175208 1 0.000429915 -0.000482925 -0.000429084 1 0.00800629 -0.060317 0.0235958
FixedParameters: 0 0 0

#Transform 25
Transform: AffineTransform_float_3_3
Parameters: 1 2.90514e-06 0.000465 -3.09486e-06 1 0.000203999 -0.000464999 -0.000204001 1 0.00641654 -0.0493601 0.00920175
FixedParameters: 0 0 0

#Transform 26
Transform: AffineTransform_float_3_3
Parameters: 1 -7.20031e-05 -1.59859e-05 7.19969e-05 1 -0.000196001 1.60141e-05 0.000195999 1 -0.00381035 0.0317924 -0.00861784
FixedParameters: 0 0 0

#Transform 27
Transform: AffineTransform_float_3_3
Parameters: 1 3.00789e-06 -1.59985e-05 -2.99211e-06 1 0.000493 1.60015e-05 -0.000493 1 0.00853719 -0.0363723 0.0074851
FixedParameters: 0 0 0

#Transform 28
Transform: AffineTransform_float_3_3
Parameters: 1 3.00138e-06 -1.59997e-05 -2.99862e-06 1 8.6e-05 1.60003e-05 -8.6e-05 1 0.00866176 -0.0792393 0.0265845
FixedParameters: 0 0 0

#Transform 29
Transform: AffineTransform_float_3_3
Parameters: 1 0.000101984 0.000240007 -0.000102016 1 6.69755e-05 -0.000239993 -6.70245e-05 1 0.0101327 -0.120935 0.0444544
FixedParameters: 0 0 0

#Transform 30
Transform: AffineTransform_float_3_3
Parameters: 1 0.000103951 0.000458011 -0.000104049 1 0.000107952 -0.000457989 -0.000108048 1 0.00901928 -0.0869848 0.0424821
FixedParameters: 0 0 0

#Transform 31
Transform: AffineTransform_float_3_3
Parameters: 1 3.0345e-06 -0.000124999 -2.9655e-06 1 0.000276 0.000125001 -0.000276 1 0.0109894 -0.0721093 0.0300598
FixedParameters: 0 0 0

#Transform 32
Transform: AffineTransform_float_3_3
Parameters: 1 2.99761e-06 -1.80004e-05 -3.00239e-06 1 -0.000133 1.79996e-05 0.000133 1 0.0105218 -0.043725 0.0281708
FixedParameters: 0 0 0

#Transform 33
Transform: AffineTransform_float_3_3
Parameters: 1 3.00925e-06 -0.000125 -2.99075e-06 1 7.40004e-05 0.000125 -7.39996e-05 1 0.00508555 -0.0447679 0.0373815
FixedParameters: 0 0 0

#Transform 34
Transform: AffineTransform_float_3_3
Parameters: 1 2.9968e-06 4.00002e-05 -3.0032e-06 1 7.99999e-05 -3.99998e-05 -8.00001e-05 1 0.00741815 -0.100164 0.0685283
FixedParameters: 0 0 0

#Transform 35
Transform: AffineTransform_float_3_3
Parameters: 1 3.00712e-06 -0.000125 -2.99287e-06 1 5.70004e-05 0.000125 -5.69996e-05 1 0.010985 -0.100017 0.0646385
FixedParameters: 0 0 0

#Transform 36
Transform: AffineTransform_float_3_3
Parameters: 1 0.000122986 0.000229007 -0.000123014 1 5.99718e-05 -0.000228993 -6.00282e-05 1 0.0145357 -0.0821934 0.0673365
FixedParameters: 0 0 0

#Transform 37
Transform: AffineTransform_float_3_3
Parameters: 1 3.00145e-06 3.29999e-05 -2.99855e-06 1 -4.40001e-05 -3.30001e-05 4.39999e-05 1 0.0102311 -0.044455 0.0631131
FixedParameters: 0 0 0

#Transform 38
Transform: AffineTransform_float_3_3
Parameters: 1 2.98537e-06 -0.000125 -3.01462e-06 1 -0.000117 0.000125 0.000117 1 0.0109868 -0.0271292 0.0521519
FixedParameters: 0 0 0

#Transform 39
Transform: AffineTransform_float_3_3
Parameters: 1 -0.000128015 -0.000124985 0.000127985 1 -0.000117016 0.000125015 0.000116984 1 0.00979612 0.0340095 0.0227409
FixedParameters: 0 0 0

#Transform 40
Transform: AffineTransform_float_3_3
Parameters: 1 2.98537e-06 -0.000125 -3.01462e-06 1 -0.000117 0.000125 0.000117 1 0.0109895 -0.0260087 0.030042
FixedParameters: 0 0 0

#Transform 41
Transform: AffineTransform_float_3_3
Parameters: 1 3.02881e-06 0.000146999 -2.97119e-06 1 -0.000196 -0.000147001 0.000196 1 -0.0120953 -0.043001 0.0410353
FixedParameters: 0 0 0

#Transform 42
Transform: AffineTransform_float_3_3
Parameters: 1 -9.8003e-05 1.09734e-05 9.7997e-05 1 0.000271001 -1.10266e-05 -0.000270999 1 -0.00619964 -0.120013 0.04894
FixedParameters: 0 0 0

#Transform 43
Transform: AffineTransform_float_3_3
Parameters: 1 3.00198e-06 -8.99999e-05 -2.99802e-06 1 2.20003e-05 9.00001e-05 -2.19997e-05 1 0.00841367 -0.0833537 0.0569149
FixedParameters: 0 0 0

#Transform 44
Transform: AffineTransform_float_3_3
Parameters: 1 3.01292e-06 -0.000142 -2.98708e-06 1 9.10004e-05 0.000142 -9.09996e-05 1 0.00641028 -0.0891181 0.0649507
FixedParameters: 0 0 0

#Transform 45
Transform: AffineTransform_float_3_3
Parameters: 1 3.04181e-06 0.000200999 -2.95819e-06 1 -0.000208001 -0.000201001 0.000207999 1 -0.00379692 -0.0383645 0.0455378
FixedParameters: 0 0 0

#Transform 46
Transform: AffineTransform_float_3_3
Parameters: 1 2.88299e-06 0.000398001 -3.11701e-06 1 0.000293999 -0.000397999 -0.000294001 1 -0.0083981 -0.0265692 0.0211657
FixedParameters: 0 0 0

#Transform 47
Transform: AffineTransform_float_3_3
Parameters: 1 2.84222e-06 -0.000228002 -3.15777e-06 1 -0.000691999 0.000227998 0.000692 0.999999 -0.0100336 0.0488011 0.0135349
FixedParameters: 0 0 0

#Transform 48
Transform: AffineTransform_float_3_3
Parameters: 1 2.98459e-06 -7.20006e-05 -3.01541e-06 1 -0.000214 7.19994e-05 0.000214 1 -0.0145057 -0.0150954 -0.00331926
FixedParameters: 0 0 0

#Transform 49
Transform: AffineTransform_float_3_3
Parameters: 1 -9.40405e-05 -0.000209982 9.39595e-05 1 -0.00019302 0.000210018 0.00019298 1 -0.0147032 -0.0578563 0.0227702
FixedParameters: 0 0 0

#Transform 50
Transform: AffineTransform_float_3_3
Parameters: 1 3.0474e-06 0.000288999 -2.9526e-06 1 -0.000164001 -0.000289 0.000163999 1 -0.0162736 -0.094611 0.0560878
FixedParameters: 0 0 0

#Transform 51
Transform: AffineTransform_float_3_3
Parameters: 1 3.00751e-06 0.000289 -2.99249e-06 1 -2.60009e-05 -0.000289 2.59991e-05 1 -0.00273335 -0.0974245 0.0534286
FixedParameters: 0 0 0

#Transform 52
Transform: AffineTransform_float_3_3
Parameters: 1 -5.1935e-05 0.000289012 5.1065e-05 1 -0.000224985 -0.000288988 0.000225015 1 -0.000208119 -0.0883672 0.055519
FixedParameters: 0 0 0

#Transform 53
Transform: AffineTransform_float_3_3
Parameters: 1 2.93837e-06 0.000434 -3.06163e-06 1 0.000141999 -0.000433999 -0.000142001 1 -0.000491352 -0.0685381 0.057851
FixedParameters: 0 0 0

#Transform 54
Transform: AffineTransform_float_3_3
Parameters: 1 2.89889e-06 0.000369001 -3.10111e-06 1 0.000273999 -0.000368999 -0.000274001 1 -0.00564799 -0.0323475 0.0438968
FixedParameters: 0 0 0

#Transform 55
Transform: AffineTransform_float_3_3
Parameters: 1 3.00377e-06 3.69997e-05 -2.99623e-06 1 -0.000102 -3.70003e-05 0.000102 1 0.00148689 0.00330184 0.0453874
FixedParameters: 0 0 0

#Transform 56
Transform: AffineTransform_float_3_3
Parameters: 1 -0.000189044 -0.000144943 0.000188956 1 -0.000302027 0.000145057 0.000301973 1 -0.0166545 0.0222278 0.00156412
FixedParameters: 0 0 0

#Transform 57
Transform: AffineTransform_float_3_3
Parameters: 1 -0.000207005 -0.000144992 0.000206995 1 -3.703e-05 0.000145008 3.697e-05 1 -0.0168666 -0.0466123 0.0564271
FixedParameters: 0 0 0

#Transform 58
Transform: AffineTransform_float_3_3
Parameters: 1 -0.000124001 2.09912e-05 0.000123999 1 7.10026e-05 -2.10088e-05 -7.09974e-05 1 -0.0168402 -0.0804356 0.0507091
FixedParameters: 0 0 0

#Transform 59
Transform: AffineTransform_float_3_3
Parameters: 1 2.9268e-06 0.000366001 -3.0732e-06 1 0.000199999 -0.000365999 -0.000200001 1 -0.000168286 -0.114713 0.0619203
FixedParameters: 0 0 0

#Transform 60
Transform: AffineTransform_float_3_3
Parameters: 1 3.01574e-06 0.000366 -2.98426e-06 1 -4.30011e-05 -0.000366 4.29989e-05 1 0.000284411 -0.0705499 0.0743911
FixedParameters: 0 0 0

#Transform 61
Transform: AffineTransform_float_3_3
Parameters: 1 3.0105e-06 -8.89996e-05 -2.9895e-06 1 0.000118 8.90004e-05 -0.000118 1 -0.0036243 -0.0665762 0.0522497
FixedParameters: 0 0 0

#Transform 62
Transform: AffineTransform_float_3_3
Parameters: 1 2.9288e-06 -0.000243001 -3.0712e-06 1 -0.000292999 0.000242999 0.000293001 1 -0.0143789 -0.0241074 0.0354818
FixedParameters: 0 0 0

#Transform 63
Transform: AffineTransform_float_3_3
Parameters: 1 -0.000203999 1.60108e-05 0.000204001 1 -5.29967e-05 -1.59892e-05 5.30033e-05 1 -0.0175896 -0.0493474 0.0386266
FixedParameters: 0 0 0

#Transform 64
Transform: AffineTransform_float_3_3
Parameters: 1 3.01164e-06 4.09991e-05 -2.98836e-06 1 -0.000284 -4.10008e-05 0.000284 1 -0.0158256 -0.0822211 0.0833861
FixedParameters: 0 0 0

#Transform 65
Transform: AffineTransform_float_3_3
Parameters: 1 3.01416e-06 0.000236 -2.98584e-06 1 -6.00007e-05 -0.000236 5.99993e-05 1 0.00101839 -0.0926591 0.0972043
FixedParameters: 0 0 0

#Transform 66
Transform: AffineTransform_float_3_3
Parameters: 1 3.01888e-06 0.000236 -2.98112e-06 1 -8.00007e-05 -0.000236 7.99993e-05 1 0.0161086 -0.0563882 0.0847482
FixedParameters: 0 0 0

#Transform 67
Transform: AffineTransform_float_3_3
Parameters: 1 3.03304e-06 0.000172999 -2.96696e-06 1 -0.000191001 -0.000173001 0.000190999 1 0.00133938 -0.0558587 0.0846722
FixedParameters: 0 0 0

#Transform 68
Transform: AffineTransform_float_3_3
Parameters: 1 -0.000206984 7.20468e-05 0.000207016 1 -0.000225985 -7.19532e-05 0.000226015 1 -0.000133564 -0.0269378 0.060072
FixedParameters: 0 0 0

#Transform 69
Transform: AffineTransform_float_3_3
Parameters: 1 -0.00043105 -9.57741e-05 0.00043095 1 -0.000524041 9.52258e-05 0.000523959 1 -0.00145722 -0.00395706 0.05101
FixedParameters: 0 0 0

#Transform 70
Transform: AffineTransform_float_3_3
Parameters: 1 -0.000410041 -9.58261e-05 0.00040996 1 -0.000424039 9.51738e-05 0.000423961 1 -0.00121246 -0.0684291 0.0835612
FixedParameters: 0 0 0

#Transform 71
Transform: AffineTransform_float_3_3
Parameters: 1 -0.000537926 0.000326121 0.000537074 1 -0.000225825 -0.000326878 0.000226176 1 0.00501142 -0.100636 0.0679167
FixedParameters: 0 0 0

#Transform 72
Transform: AffineTransform_float_3_3
Parameters: 1 -0.000110962 0.000170025 0.000111038 1 -0.000225981 -0.000169975 0.000226019 1 0.019095 -0.0692482 0.0892001
FixedParameters: 0 0 0

#Transform 73
Transform: AffineTransform_float_3_3
Parameters: 1 -0.000260931 0.000303059 0.000261068 1 -0.000225921 -0.000302941 0.000226079 1 0.0169495 -0.0693336 0.0702142
FixedParameters: 0 0 0

#Transform 74
Transform: AffineTransform_float_3_3
Parameters: 1 -0.000403885 0.000261177 0.000404115 1 -0.000438894 -0.000261823 0.000439106 1 -0.000731719 -0.0225788 0.0701252
FixedParameters: 0 0 0

#Transform 75
Transform: AffineTransform_float_3_3
Parameters: 1 -0.000690052 -9.86356e-05 0.000689947 0.999999 -0.000528068 9.93642e-05 0.000527931 1 -0.00152336 -0.0221756 0.005304
FixedParameters: 0 0 0

#Transform 76
Transform: AffineTransform_float_3_3
Parameters: 1 -0.000690064 -9.855e-05 0.000689935 0.999999 -0.000652068 9.94498e-05 0.000651931 1 -0.00152052 -0.0256993 0.0719318
FixedParameters: 0 0 0

#Transform 77
Transform: AffineTransform_float_3_3
Parameters: 0.999999 -0.000689847 0.000218482 0.000690152 0.999999 -0.000698849 -0.000218517 0.00069915 0.999999 0.0116445 -0.0895568 0.0997615
FixedParameters: 0 0 0

#Transform 78
Transform: AffineTransform_float_3_3
Parameters: 1 -0.00041181 0.000302259 0.00041219 0.999999 -0.000627875 -0.000302741 0.000628124 1 0.030448 -0.0899446 0.104971
FixedParameters: 0 0 0

#Transform 79
Transform: AffineTransform_float_3_3
Parameters: 1 -0.000196682 0.00041715 0.000197318 0.999999 -0.000761917 -0.00041685 0.000762082 0.999999 0.0219873 -0.0707031 0.100439
FixedParameters: 0 0 0

#Transform 80
Transform: AffineTransform_float_3_3
Parameters: 1 -0.000461811 0.000273319 0.000462189 0.999999 -0.000689873 -0.000273681 0.000690126 0.999999 0.0156072 -0.0542775 0.0842044
FixedParameters: 0 0 0

#Transform 81
Transform: AffineTransform_float_3_3
Parameters: 1 -0.000689973 2.28273e-05 0.000690027 0.999999 -0.00119898 -2.21727e-05 0.00119902 1 0.0147021 -0.00825803 0.0655881
FixedParameters: 0 0 0

#Transform 82
Transform: AffineTransform_float_3_3
Parameters: 1 -0.000546956 3.86268e-05 0.000547044 0.999999 -0.00114598 -3.83731e-05 0.00114602 1 0.0159494 -0.0448637 0.0991784
FixedParameters: 0 0 0

#Transform 83
Transform: AffineTransform_float_3_3
Parameters: 1 -0.000689911 8.37382e-05 0.000690089 0.999999 -0.00106994 -8.32616e-05 0.00107006 1 0.0144303 -0.0750155 0.117742
FixedParameters: 0 0 0

#Transform 84
Transform: AffineTransform_float_3_3
Parameters: 1 -0.000432765 0.000270375 0.000433234 0.999999 -0.000866882 -0.000269624 0.000867116 0.999999 0.0285879 -0.105259 0.125191
FixedParameters: 0 0 0

#Transform 85
Transform: AffineTransform_float_3_3
Parameters: 1 -0.000445817 0.000266306 0.000445182 0.999999 -0.000686881 -0.000265694 0.000687118 0.999999 0.0291289 -0.0633374 0.11402
FixedParameters: 0 0 0

#Transform 86
Transform: AffineTransform_float_3_3
Parameters: 1 -0.000483794 0.000233429 0.000483207 1 -0.000886887 -0.000232572 0.000886113 0.999999 0.0256715 -0.0560394 0.108012
FixedParameters: 0 0 0

#Transform 87
Transform: AffineTransform_float_3_3
Parameters: 1 -0.000689877 9.29134e-05 0.000690122 0.999999 -0.00132394 -9.20863e-05 0.00132406 0.999999 0.0143789 -0.0149279 0.0899443
FixedParameters: 0 0 0

#Transform 88
Transform: AffineTransform_float_3_3
Parameters: 1 -0.000689866 0.000118781 0.000690134 0.999999 -0.00113192 -0.000118219 0.00113208 1 0.0142273 -0.0378538 0.0909376
FixedParameters: 0 0 0

#Transform 89
Transform: AffineTransform_float_3_3
Parameters: 1 -0.000492105 -8.64066e-05 0.000491895 0.999999 -0.00120604 8.75933e-05 0.00120596 1 0.00792507 -0.0741366 0.145405
FixedParameters: 0 0 0

#Transform 90
Transform: AffineTransform_float_3_3
Parameters: 1 -0.000387091 -8.65956e-05 0.000386909 1 -0.00104503 8.74044e-05 0.00104497 1 0.0214198 -0.118448 0.148481
FixedParameters: 0 0 0

#Transform 91
Transform: AffineTransform_float_3_3
Parameters: 1 -0.000363776 0.000252322 0.000363223 0.999999 -0.000885908 -0.000251678 0.000886091 0.999999 0.0273198 -0.0892712 0.128187
FixedParameters: 0 0 0

#Transform 92
Transform: AffineTransform_float_3_3
Parameters: 0.999999 -0.000689802 0.000219624 0.000690199 1 -0.000904849 -0.000219375 0.000905151 0.999999 0.0137529 -0.0792509 0.126327
FixedParameters: 0 0 0

#Transform 93
Transform: AffineTransform_float_3_3
Parameters: 1 -0.000689829 0.000143823 0.000690171 0.999999 -0.0011929 -0.000143177 0.0011931 1 0.0141134 -0.0311651 0.110055
FixedParameters: 0 0 0

#Transform 94
Transform: AffineTransform_float_3_3
Parameters: 1 -0.000581164 -0.000129263 0.000580836 0.999999 -0.00126908 0.000129737 0.00126893 0.999999 0.0163973 -0.0131872 0.0912445
FixedParameters: 0 0 0

#Transform 95
Transform: AffineTransform_float_3_3
Parameters: 1 -0.000689835 0.000138823 0.000690165 0.999999 -0.0011929 -0.000138177 0.0011931 1 0.0141931 -0.0550761 0.112572
FixedParameters: 0 0 0

#Transform 96
Transform: AffineTransform_float_3_3
Parameters: 1 -0.000490904 8.05857e-05 0.000491095 0.999999 -0.00119296 -7.94142e-05 0.00119304 1 0.00797074 -0.107129 0.129541
FixedParameters: 0 0 0

#Transform 97
Transform: AffineTransform_float_3_3
Parameters: 1 -0.000279914 0.000122197 0.000280086 0.999999 -0.000703965 -0.000121803 0.000704034 0.999999 0.0101188 -0.133675 0.130279
FixedParameters: 0 0 0

#Transform 98
Transform: AffineTransform_float_3_3
Parameters: 1 -0.000181875 0.000242094 0.000181126 1 -0.000517956 -0.000242906 0.000518044 1 0.012087 -0.122696 0.136587
FixedParameters: 0 0 0

#Transform 99
Transform: AffineTransform_float_3_3
Parameters: 1 -0.000355953 7.12363e-05 0.000356048 0.999999 -0.000663974 -7.17636e-05 0.000664025 1 0.0172808 -0.088855 0.115601
FixedParameters: 0 0 0

#Transform 100
Transform: AffineTransform_float_3_3
Parameters: 1 -0.000689918 7.17893e-05 0.000690082 0.999999 -0.00114395 -7.12113e-05 0.00114305 1 -0.00253608 -0.019849 0.105333
FixedParameters: 0 0 0

#Transform 101
Transform: AffineTransform_float_3_3
Parameters: 1 -0.000690066 -7.84224e-05 0.000689934 1 -0.000837054 7.95774e-05 0.000836945 0.999999 -0.00172617 -0.0455379 0.0956166
FixedParameters: 0 0 0

#Transform 102
Transform: AffineTransform_float_3_3
Parameters: 1 -0.000689972 2.96693e-05 0.000690029 1 -0.00096998 -2.93307e-05 0.00097002 0.999999 -0.00231056 -0.0448826 0.136223
FixedParameters: 0 0 0

#Transform 103
Transform: AffineTransform_float_3_3
Parameters: 1 -0.000398094 -0.000308878 0.000397905 1 -0.000306123 0.000309122 0.000305877 1 0.00436629 -0.113953 0.109981
FixedParameters: 0 0 0

#Transform 104
Transform: AffineTransform_float_3_3
Parameters: 1 -0.000231953 8.31308e-05 0.000232047 1 -0.000563981 -8.38691e-05 0.000564019 1 0.0091015 -0.119086 0.144386
FixedParameters: 0 0 0

#Transform 105
Transform: AffineTransform_float_3_3
Parameters: 1 -0.000277963 0.00020605 0.000278037 1 -0.000179943 -0.00020595 0.000180057 1 0.00594914 -0.158337 0.115754
FixedParameters: 0 0 0

#Transform 106
Transform: AffineTransform_float_3_3
Parameters: 1 -0.000449791 0.000233403 0.00045021 1 -0.000896895 -0.000233596 0.000897105 0.999999 -0.00105387 -0.0538573 0.111274
FixedParameters: 0 0 0

#Transform 107
Transform: AffineTransform_float_3_3
Parameters: 0.999999 -0.000690072 -0.000266812 0.000689927 0.999999 -0.000272184 0.000267188 0.000271816 1 0.00472418 -0.0728135 0.0601402
FixedParameters: 0 0 0

#Transform 108
Transform: AffineTransform_float_3_3
Parameters: 1 -0.000690005 -4.21616e-06 0.000689995 0.999999 -0.001136 4.78384e-06 0.001136 1 0.00866455 -0.0272606 0.121346
FixedParameters: 0 0 0

#Transform 109
Transform: AffineTransform_float_3_3
Parameters: 1 -0.00050793 0.00010135 0.000508069 0.999999 -0.000688948 -0.00010065 0.000689051 1 0.00575186 -0.0992496 0.108059
FixedParameters: 0 0 0

#Transform 110
Transform: AffineTransform_float_3_3
Parameters: 1 -0.000447834 0.000216344 0.000448166 0.999999 -0.000767903 -0.000216656 0.000768097 0.999999 0.0152323 -0.125603 0.144943
FixedParameters: 0 0 0

#Transform 111
Transform: AffineTransform_float_3_3
Parameters: 1 -0.000323013 -2.78443e-05 0.000322986 1 -0.000482009 2.81557e-05 0.000481991 1 0.0205438 -0.16881 0.150442
FixedParameters: 0 0 0

#Transform 112
Transform: AffineTransform_float_3_3
Parameters: 1 -0.00035796 7.61858e-05 0.000358039 1 -0.000518973 -7.58142e-05 0.000519027 1 0.0163262 -0.14726 0.149715
FixedParameters: 0 0 0

#Transform 113
Transform: AffineTransform_float_3_3
Parameters: 1 -0.000563011 -1.04145e-05 0.000562988 1 -0.00104001 1.15855e-05 0.00103999 1 0.0205984 -0.0728697 0.119265
FixedParameters: 0 0 0

#Transform 114
Transform: AffineTransform_float_3_3
Parameters: 0.999999 -0.000690219 -0.000180162 0.00068978 0.999999 -0.00121412 0.000181837 0.00121388 0.999999 0.0162942 -0.0517483 0.132135
FixedParameters: 0 0 0

#Transform 115
Transform: AffineTransform_float_3_3
Parameters: 1 -0.000690024 -1.91623e-05 0.000689976 0.999999 -0.00121401 1.98376e-05 0.00121399 1 0.0142524 -0.0401203 0.153207
FixedParameters: 0 0 0

#Transform 116
Transform: AffineTransform_float_3_3
Parameters: 1 -0.000448 3.39584e-07 0.000448 0.999999 -0.000757999 3.39584e-07 0.000757999 0.999999 0.00710539 -0.108893 0.158211
FixedParameters: 0 0 0

#Transform 117
Transform: AffineTransform_float_3_3
Parameters: 1 -0.000238003 -4.83673e-06 0.000237996 0.999999 -0.000686001 5.16327e-06 0.000685998 1 0.0195968 -0.131067 0.156321
FixedParameters: 0 0 0

#Transform 118
Transform: AffineTransform_float_3_3
Parameters: 1 -0.000233831 0.000286138 0.000234168 1 -0.000588933 -0.000285862 0.000589067 1 0.0181431 -0.13809 0.163429
FixedParameters: 0 0 0

#Transform 119
Transform: AffineTransform_float_3_3
Parameters: 1 -0.000337828 0.000239243 0.000338172 0.999999 -0.000718919 -0.000238757 0.00071908 0.999999 0.0173388 -0.100882 0.154082
FixedParameters: 0 0 0

#Transform 120
Transform: AffineTransform_float_3_3
Parameters: 1 -0.000546217 -0.00021545 0.000545783 1 -0.00100712 0.00021555 0.00100688 0.999999 0.0176248 -0.0344742 0.134281
FixedParameters: 0 0 0

#Transform 121
Transform: AffineTransform_float_3_3
Parameters: 1 -0.000524022 -2.04425e-05 0.000523977 1 -0.00106401 2.15575e-05 0.00106399 1 0.0110801 -0.073998 0.18459
FixedParameters: 0 0 0

#Transform 122
Transform: AffineTransform_float_3_3
Parameters: 1 -0.000417043 -4.25834e-05 0.000416957 1 -0.000999018 4.34165e-05 0.000998982 0.999999 0.00762258 -0.080469 0.187811
FixedParameters: 0 0 0

#Transform 123
Transform: AffineTransform_float_3_3
Parameters: 1 -0.000211041 -8.58989e-05 0.000210959 1 -0.000479018 8.6101e-05 0.000478982 1 0.0202312 -0.141091 0.204935
FixedParameters: 0 0 0

#Transform 124
Transform: AffineTransform_float_3_3
Parameters: 1 -6.89758e-05 2.40697e-05 6.90242e-05 1 -0.00101 -2.39303e-05 0.00101 1 0.0209796 -0.112639 0.219626
FixedParameters: 0 0 0

#Transform 125
Transform: AffineTransform_float_3_3
Parameters: 1 -0.000397128 -0.000133621 0.000396873 1 -0.000955053 0.000133379 0.000954947 0.999999 0.00916758 -0.0868296 0.189447
FixedParameters: 0 0 0

#Transform 126
Transform: AffineTransform_float_3_3
Parameters: 1 -0.000482409 -0.000287314 0.000481591 0.999999 -0.00142314 0.000287686 0.00142286 0.999999 0.00434311 -0.00981545 0.191038
FixedParameters: 0 0 0

#Transform 127
Transform: AffineTransform_float_3_3
Parameters: 0.999999 -0.00055826 -0.000495706 0.000557739 0.999999 -0.000526276 0.000496293 0.000525723 0.999999 0.000507717 -0.0632864 0.129285
FixedParameters: 0 0 0

#Transform 128
Transform: AffineTransform_float_3_3
Parameters: 1 -0.000656049 -3.40697e-05 0.000656951 0.999999 -0.00141802 3.49316e-05 0.00141798 0.999999 0.00249712 -0.0661037 0.204581
FixedParameters: 0 0 0

#Transform 129
Transform: AffineTransform_float_3_3
Parameters: 0.999999 -0.000656169 -0.000323657 0.00065683 0.999999 -0.000523212 0.000324343 0.000522787 1 0.0166312 -0.118597 0.183802
FixedParameters: 0 0 0

#Transform 130
Transform: AffineTransform_float_3_3
Parameters: 1 -0.000445007 -1.07134e-05 0.000444993 0.999999 -0.000644005 1.02866e-05 0.000643995 1 0.0202809 -0.127894 0.236592
FixedParameters: 0 0 0

#Transform 131
Transform: AffineTransform_float_3_3
Parameters: 1 -0.000342973 4.12209e-05 0.000343026 0.999999 -0.000643986 -4.07791e-05 0.000644014 1 0.0161985 -0.141355 0.219768
FixedParameters: 0 0 0

#Transform 132
Transform: AffineTransform_float_3_3
Parameters: 1 -0.000407034 -2.54636e-05 0.000406967 0.999999 -0.00131801 2.55364e-05 0.00131799 0.999999 0.0157804 -0.0875872 0.214623
FixedParameters: 0 0 0

#Transform 133
Transform: AffineTransform_float_3_3
Parameters: 1 -0.000655962 2.3102e-05 0.000656038 0.999999 -0.00167999 -2.18979e-05 0.00168001 0.999998 0.000983522 -0.0446662 0.205005
FixedParameters: 0 0 0

#Transform 134
Transform: AffineTransform_float_3_3
Parameters: 1 -0.000656018 -1.31354e-05 0.000655981 0.999999 -0.00131801 1.48646e-05 0.00131799 0.999999 -0.00379225 -0.146124 0.187662
FixedParameters: 0 0 0

#Transform 135
Transform: AffineTransform_float_3_3
Parameters: 1 -0.000219602 0.000393223 0.000219398 1 -0.00101191 -0.000392778 0.00101209 1 -0.0155855 -0.116794 0.19664
FixedParameters: 0 0 0

#Transform 136
Transform: AffineTransform_float_3_3
Parameters: 1 -0.000544216 -0.000171317 0.000543785 0.999999 -0.00125509 0.000171683 0.00125591 0.999999 0.0163683 -0.0699864 0.18202
FixedParameters: 0 0 0

#Transform 137
Transform: AffineTransform_float_3_3
Parameters: 1 -0.000295599 0.000323367 0.000295401 0.999999 -0.00124091 -0.000322634 0.0012411 0.999999 0.0192204 -0.0958495 0.203367
FixedParameters: 0 0 0

#Transform 138
Transform: AffineTransform_float_3_3
Parameters: 1 -0.000250614 0.000293331 0.000251387 0.999999 -0.00131793 -0.000293669 0.00131807 0.999999 0.0167709 -0.0688687 0.190623
FixedParameters: 0 0 0

#Transform 139
Transform: AffineTransform_float_3_3
Parameters: 1 -0.000420775 0.000131722 0.000421226 0.999999 -0.00171594 -0.000131277 0.00171606 0.999998 0.00599219 -0.00420876 0.191579
FixedParameters: 0 0 0

#Transform 140
Transform: AffineTransform_float_3_3
Parameters: 1 -0.000655797 0.000122097 0.000656203 0.999999 -0.00167292 -0.000120902 0.00167308 0.999998 0.0137599 -0.00455834 0.199969
FixedParameters: 0 0 0

#Transform 141
Transform: AffineTransform_float_3_3
Parameters: 0.999999 -0.000714881 7.61181e-05 0.000715117 0.999998 -0.00156394 -7.48816e-05 0.00156405 0.999999 0.00126614 -0.00484282 0.161642
FixedParameters: 0 0 0

#Transform 142
Transform: AffineTransform_float_3_3
Parameters: 0.999999 -0.000655461 0.000347019 0.000656538 0.999998 -0.00155377 -0.00034598 0.00155423 0.999998 -0.0093533 -0.106363 0.198088
FixedParameters: 0 0 0

#Transform 143
Transform: AffineTransform_float_3_3
Parameters: 1 -0.000655822 0.000146796 0.000656178 0.999999 -0.0012139 -0.000146203 0.0012141 1 -0.00841837 -0.113437 0.190829
FixedParameters: 0 0 0

#Transform 144
Transform: AffineTransform_float_3_3
Parameters: 0.999999 -0.000655679 0.000338622 0.000656321 1 -0.000948779 -0.000338377 0.000949223 1 0.00298395 -0.114723 0.205186
FixedParameters: 0 0 0

#Transform 145
Transform: AffineTransform_float_3_3
Parameters: 1 -0.000655779 0.000262553 0.000656221 1 -0.000842828 -0.000261447 0.000843172 0.999999 0.0159253 -0.0750034 0.168588
FixedParameters: 0 0 0

#Transform 146
Transform: AffineTransform_float_3_3
Parameters: 0.999999 -0.000655063 0.000629975 0.000656936 0.999998 -0.00148759 -0.000629023 0.00148841 0.999998 0.0066297 -0.0392174 0.199733
FixedParameters: 0 0 0

#Transform 147
Transform: AffineTransform_float_3_3
Parameters: 1 -0.000655957 3.28646e-05 0.000656043 0.999999 -0.00131798 -3.21354e-05 0.00131802 0.999999 0.00768209 0.0362754 0.160109
FixedParameters: 0 0 0

#Transform 148
Transform: AffineTransform_float_3_3
Parameters: 0.999999 -0.000748785 0.000146104 0.000749214 0.999998 -0.00147389 -0.000144896 0.00147411 0.999999 0.0057287 0.0291379 0.19538
FixedParameters: 0 0 0

#Transform 149
Transform: AffineTransform_float_3_3
Parameters: 0.999999 -0.00065537 0.000349185 0.000656629 0.999998 -0.00180677 -0.000347814 0.00180723 0.999999 -0.000585792 -0.00805884 0.228525
FixedParameters: 0 0 0

#Transform 150
Transform: AffineTransform_float_3_3
Parameters: 0.999999 -0.00065565 0.000348659 0.00065635 1 -0.00100477 -0.000348341 0.00100523 1 0.0154482 -0.0859592 0.222563
FixedParameters: 0 0 0

#Transform 151
Transform: AffineTransform_float_3_3
Parameters: 1 -0.000472493 0.000348688 0.000473507 0.999999 -0.00145583 -0.000348311 0.00145616 0.999999 0.0171952 -0.0636801 0.223751
FixedParameters: 0 0 0

#Transform 152
Transform: AffineTransform_float_3_3
Parameters: 0.999999 -0.000655575 0.000348801 0.000656425 0.999999 -0.00122077 -0.000348199 0.00122023 0.999999 0.0154621 -0.0909325 0.195634
FixedParameters: 0 0 0

#Transform 153
Transform: AffineTransform_float_3_3
Parameters: 0.999999 -0.000655373 0.000349178 0.000656626 0.999998 -0.00179677 -0.000347821 0.00179723 0.999999 0.00445711 -0.0289342 0.191769
FixedParameters: 0 0 0

#Transform 154
Transform: AffineTransform_float_3_3
Parameters: 0.999999 -0.000954014 -7.28564e-06 0.000953985 0.999998 -0.00179701 8.71432e-06 0.00179699 0.999999 0.0144165 -0.0590834 0.191736
FixedParameters: 0 0 0

#Transform 155
Transform: AffineTransform_float_3_3
Parameters: 0.999999 -0.000936373 0.000349683 0.000936627 0.999998 -0.00179667 -0.000348317 0.00179733 0.999999 -0.00091262 -0.0668545 0.208719
FixedParameters: 0 0 0

#Transform 156
Transform: AffineTransform_float_3_3
Parameters: 0.999999 -0.000655629 0.000348699 0.000656372 0.999999 -0.00106577 -0.0003483 0.00106623 1 0.0154774 -0.111518 0.218056
FixedParameters: 0 0 0

#Transform 157
Transform: AffineTransform_float_3_3
Parameters: 0.999999 -0.000655581 0.000348788 0.000656419 0.999999 -0.00120177 -0.000348211 0.00120223 0.999999 0.0189603 -0.0576693 0.224335
FixedParameters: 0 0 0

#Transform 158
Transform: AffineTransform_float_3_3
Parameters: 0.999999 -0.000655546 0.000398747 0.000656453 0.999999 -0.00113974 -0.000397252 0.00114026 1 0.0192685 -0.0579678 0.22072
FixedParameters: 0 0 0

#Transform 159
Transform: AffineTransform_float_3_3
Parameters: 1 -0.00107179 0.000148517 0.00107221 0.999999 -0.00141484 -0.000146483 0.00141516 0.999999 0.0125891 0.00821128 0.211136
FixedParameters: 0 0 0

#Transform 160
Transform: AffineTransform_float_3_3
Parameters: 1 -0.00107156 0.000319484 0.00107244 0.999999 -0.00138466 -0.000317515 0.00138534 0.999999 0.0117687 0.00807083 0.214066
FixedParameters: 0 0 0

#Transform 161
Transform: AffineTransform_float_3_3
Parameters: 1 -0.00115361 0.000249807 0.00115339 0.999998 -0.00156571 -0.000248194 0.00156629 0.999998 0.0113478 -0.00212369 0.222872
FixedParameters: 0 0 0

#Transform 162
Transform: AffineTransform_float_3_3
Parameters: 1 -0.0011375 0.00038548 0.0011385 0.999998 -0.00130056 -0.000383519 0.00130144 0.999999 0.0109133 -0.0872952 0.235592
FixedParameters: 0 0 0

#Transform 163
Transform: AffineTransform_float_3_3
Parameters: 1 -0.00107148 0.000379464 0.00107252 0.999999 -0.00136559 -0.000378536 0.00136541 0.999999 0.0114906 -0.0713099 0.234507
FixedParameters: 0 0 0

#Transform 164
Transform: AffineTransform_float_3_3
Parameters: 1 -0.00107148 0.000420333 0.00107252 0.999998 -0.00124355 -0.000418666 0.00124445 0.999999 0.0278851 -0.0950461 0.240829
FixedParameters: 0 0 0

#Transform 165
Transform: AffineTransform_float_3_3
Parameters: 1 -0.00107141 0.000456389 0.00107259 0.999998 -0.00129551 -0.00045561 0.00129649 0.999999 0.0143965 -0.0506945 0.227904
FixedParameters: 0 0 0

#Transform 166
Transform: AffineTransform_float_3_3
Parameters: 1 -0.00107176 0.000172494 0.00107224 0.999999 -0.00139382 -0.000171507 0.00139319 0.999999 0.0124381 -0.0389294 0.218651
FixedParameters: 0 0 0

#Transform 167
Transform: AffineTransform_float_3_3
Parameters: 1 -0.00107171 0.000181746 0.00107229 0.999998 -0.00162881 -0.000179253 0.00162919 0.999998 0.0168224 0.0321289 0.218318
FixedParameters: 0 0 0

#Transform 168
Transform: AffineTransform_float_3_3
Parameters: 1 -0.00116263 0.000222963 0.00116237 0.999998 -0.00168774 -0.000221039 0.00168726 0.999998 0.0164337 -0.0410092 0.244573
FixedParameters: 0 0 0

#Transform 169
Transform: AffineTransform_float_3_3
Parameters: 1 -0.0010711 0.000486988 0.0010719 0.999997 -0.00185448 -0.000485012 0.00185552 0.999998 0.0108777 -0.0628199 0.251046
FixedParameters: 0 0 0

#Transform 170
Transform: AffineTransform_float_3_3
Parameters: 1 -0.00107177 0.000167481 0.00107223 0.999999 -0.00138182 -0.000166518 0.00138218 0.999999 0.0276603 -0.0858662 0.25173
FixedParameters: 0 0 0

#Transform 171
Transform: AffineTransform_float_3_3
Parameters: 1 -0.00107154 0.000295688 0.00107247 0.999998 -0.00157468 -0.000294311 0.00157532 0.999998 0.018921 -0.059063 0.250093
FixedParameters: 0 0 0

#Transform 172
Transform: AffineTransform_float_3_3
Parameters: 0.999999 -0.000789488 0.000276465 0.000789512 0.999998 -0.00185478 -0.000275536 0.00185522 0.999998 0.0172681 -0.0438333 0.245334
FixedParameters: 0 0 0

#Transform 173
Transform: AffineTransform_float_3_3
Parameters: 1 -0.00107211 -5.69534e-05 0.00107189 0.999997 -0.00190906 5.90463e-05 0.00190894 0.999998 0.0158699 -0.0333529 0.247659
FixedParameters: 0 0 0

#Transform 174
Transform: AffineTransform_float_3_3
Parameters: 0.999999 -0.000884955 2.18832e-05 0.000885045 0.999998 -0.00212798 -2.01166e-05 0.00212802 0.999997 0.0138243 -0.0361298 0.260072
FixedParameters: 0 0 0

#Transform 175
Transform: AffineTransform_float_3_3
Parameters: 0.999999 -0.00092884 8.08522e-05 0.000928159 0.999997 -0.00199393 -7.91503e-05 0.00199307 0.999998 0.009543 -0.093452 0.27366
FixedParameters: 0 0 0

#Transform 176
Transform: AffineTransform_float_3_3
Parameters: 1 -0.00101574 0.000150772 0.00101626 0.999998 -0.00174385 -0.000149228 0.00174415 0.999998 0.0243814 -0.121817 0.277249
FixedParameters: 0 0 0

#Transform 177
Transform: AffineTransform_float_3_3
Parameters: 0.999999 -0.000883662 0.000200493 0.000883338 0.999998 -0.00168982 -0.000199507 0.00169018 0.999998 0.0326263 -0.0925324 0.285
FixedParameters: 0 0 0

#Transform 178
Transform: AffineTransform_float_3_3
Parameters: 0.999999 -0.000798753 0.000151309 0.000799248 0.999999 -0.00163888 -0.00015069 0.00163912 0.999998 0.0222297 -0.0680472 0.273449
FixedParameters: 0 0 0

#Transform 179
Transform: AffineTransform_float_3_3
Parameters: 0.999999 -0.00078411 -4.72037e-05 0.00078489 0.999997 -0.00229104 4.87983e-05 0.00229096 0.999998 0.018495 -0.0147345 0.26197
FixedParameters: 0 0 0

#Transform 180
Transform: AffineTransform_float_3_3
Parameters: 1 -0.00107188 5.63529e-05 0.00107212 0.999997 -0.00219494 -5.36468e-05 0.00219506 0.999997 0.00871532 -0.0153756 0.258555
FixedParameters: 0 0 0

#Transform 181
Transform: AffineTransform_float_3_3
Parameters: 1 -0.00107257 -0.000279824 0.00107243 0.999998 -0.0020293 0.000281176 0.0020287 0.999998 0.0146652 -0.0161695 0.249259
FixedParameters: 0 0 0

#Transform 182
Transform: AffineTransform_float_3_3
Parameters: 0.999999 -0.000902787 0.000119618 0.000903213 0.999998 -0.00179189 -0.000118382 0.00179111 0.999999 0.0153973 -0.101693 0.278648
FixedParameters: 0 0 0

#Transform 183
Transform: AffineTransform_float_3_3
Parameters: 0.999999 -0.00087985 8.26049e-05 0.000880148 0.999998 -0.00182393 -8.03947e-05 0.00182407 0.999999 0.0289696 -0.0771304 0.27007
FixedParameters: 0 0 0

#Transform 184
Transform: AffineTransform_float_3_3
Parameters: 0.999999 -0.000781669 0.000190363 0.000782332 0.999998 -0.00174385 -0.000189636 0.00174415 0.999999 0.0332007 -0.101873 0.291776
FixedParameters: 0 0 0

#Transform 185
Transform: AffineTransform_float_3_3
Parameters: 1 -0.00107189 6.09274e-05 0.00107211 0.999998 -0.00179794 -5.90725e-05 0.00179806 0.999999 0.0273439 -0.0511937 0.265289
FixedParameters: 0 0 0

#Transform 186
Transform: AffineTransform_float_3_3
Parameters: 1 -0.00107166 0.000176085 0.00107234 0.999998 -0.00194481 -0.000173915 0.00194519 0.999998 0.026793 -0.0287286 0.262842
FixedParameters: 0 0 0

#Transform 187
Transform: AffineTransform_float_3_3
Parameters: 1 -0.00117592 3.85483e-05 0.00117608 0.999997 -0.00216696 -3.54515e-05 0.00216704 0.999997 0.0389811 0.0100634 0.266384
FixedParameters: 0 0 0

#Transform 188
Transform: AffineTransform_float_3_3
Parameters: 1 -0.00107209 -4.06393e-05 0.00107191 0.999997 -0.00220204 4.33604e-05 0.00220195 0.999997 0.027867 -0.051111 0.295595
FixedParameters: 0 0 0

#Transform 189
Transform: AffineTransform_float_3_3
Parameters: 0.999999 -0.00140459 0.000190071 0.00140541 0.999996 -0.00218573 -0.000186928 0.00218626 0.999997 0.0235417 -0.0852412 0.293802
FixedParameters: 0 0 0

#Transform 190
Transform: AffineTransform_float_3_3
Parameters: 1 -0.00107185 7.2221e-05 0.00107215 0.999998 -0.00207192 -6.97786e-05 0.00207208 0.999998 0.046104 -0.111119 0.297906
FixedParameters: 0 0 0

#Transform 191
Transform: AffineTransform_float_3_3
Parameters: 1 -0.00107117 0.000363455 0.00107183 0.999997 -0.00229061 -0.000360545 0.00229139 0.999998 0.0445844 -0.0630455 0.296023
FixedParameters: 0 0 0

#Transform 192
Transform: AffineTransform_float_3_3
Parameters: 1 -0.00115212 0.000397562 0.00115288 0.999997 -0.00222254 -0.000394438 0.00222345 0.999997 0.0437365 -0.0547207 0.29082
FixedParameters: 0 0 0

#Transform 193
Transform: AffineTransform_float_3_3
Parameters: 1 -0.00107104 0.00035987 0.00107196 0.999996 -0.00267762 -0.000356132 0.00267738 0.999997 0.044557 -0.0114161 0.279559
FixedParameters: 0 0 0

#Transform 194
Transform: AffineTransform_float_3_3
Parameters: 1 -0.00113403 0.00037892 0.00113497 0.999996 -0.00257357 -0.00037608 0.00257443 0.999996 0.0352887 -0.051335 0.291049
FixedParameters: 0 0 0

#Transform 195
