#Insight Transform File V1.0
#Transform 0
Transform: AffineTransform_float_3_3
Parameters: 0.999995 0.00102201 0.00302066 -0.00105299 0.999946 0.0102749 -0.00301034 -0.0102781 0.999942 0.322476 0.168829 0.595747
FixedParameters: 0 0 0

#Transform 1
Transform: AffineTransform_float_3_3
Parameters: 0.999998 0.000319962 0.0015725 -0.000332042 0.99997 0.00766149 -0.0015705 -0.00766151 0.99997 0.188344 0.112569 0.471576
FixedParameters: 0 0 0

#Transform 2
Transform: AffineTransform_float_3_3
Parameters: 1 0.000100839 0.000338956 -0.000104161 0.999956 0.00933696 -0.000338042 -0.00933703 0.999957 0.0782706 0.307436 0.328016
FixedParameters: 0 0 0

#Transform 3
Transform: AffineTransform_float_3_3
Parameters: 1 0.000111941 -0.00105219 -0.00010406 0.999971 0.00754411 0.00105282 -0.00754388 0.999971 -0.0783107 0.297718 0.551477
FixedParameters: 0 0 0

#Transform 4
Transform: AffineTransform_float_3_3
Parameters: 0.999999 0.00010932 -0.000937395 -0.000103682 0.999984 0.0056741 0.000937603 -0.0056739 0.999984 -0.0632461 0.118925 0.412922
FixedParameters: 0 0 0

#Transform 5
Transform: AffineTransform_float_3_3
Parameters: 1 0.000537715 -0.000146397 -0.000537286 0.999988 0.00484408 0.000148604 -0.00484392 0.999989 -0.0155284 -0.0417762 0.384754
FixedParameters: 0 0 0

#Transform 6
Transform: AffineTransform_float_3_3
Parameters: 1 0.000657034 0.000746621 -0.000659968 0.999992 0.00397951 -0.000744379 -0.00398049 0.999992 0.0205091 -0.0376167 0.331273
FixedParameters: 0 0 0

#Transform 7
Transform: AffineTransform_float_3_3
Parameters: 0.999999 0.000515089 0.00116873 -0.000518913 0.999995 0.0033494 -0.00116727 -0.0033496 0.999993 0.0585488 -0.0181032 0.241102
FixedParameters: 0 0 0

#Transform 8
Transform: AffineTransform_float_3_3
Parameters: 0.999999 0.000602098 0.000547099 -0.000604901 0.999994 0.00348167 -0.000544897 -0.00348233 0.999994 0.0359868 0.0295726 0.228432
FixedParameters: 0 0 0

#Transform 9
Transform: AffineTransform_float_3_3
Parameters: 0.999999 0.000616539 0.000525718 -0.000617462 0.999996 0.00278368 -0.000524283 -0.00278332 0.999996 0.0535619 0.130965 0.215065
FixedParameters: 0 0 0

#Transform 10
Transform: AffineTransform_float_3_3
Parameters: 0.999999 0.000644923 0.00113433 -0.000649077 0.999994 0.00359827 -0.00113167 -0.00359873 0.999993 0.0583277 0.182707 0.201358
FixedParameters: 0 0 0

#Transform 11
Transform: AffineTransform_float_3_3
Parameters: 0.999999 0.000588134 0.0012044 -0.000590868 0.999997 0.00238129 -0.0012036 -0.00238171 0.999997 0.0603117 0.216313 0.191138
FixedParameters: 0 0 0

#Transform 12
Transform: AffineTransform_float_3_3
Parameters: 1 0.000102931 0.000592187 -0.00010407 0.999999 0.00180494 -0.000592813 -0.00180506 0.999998 0.05812 0.120245 0.151087
FixedParameters: 0 0 0

#Transform 13
Transform: AffineTransform_float_3_3
Parameters: 1 0.000102315 0.000690251 -0.000103684 0.999997 0.00244093 -0.000689749 -0.00244107 0.999997 0.0444753 -0.0779855 0.163516
FixedParameters: 0 0 0

#Transform 14
Transform: AffineTransform_float_3_3
Parameters: 1 0.000102476 0.00065624 -0.000104526 0.999998 0.00232293 -0.000656759 -0.00232307 0.999997 0.039312 -0.141451 0.14806
FixedParameters: 0 0 0

#Transform 15
Transform: AffineTransform_float_3_3
Parameters: 1 1.05875e-05 0.000650025 -1.24124e-05 0.999997 0.00217299 -0.000649975 -0.00217301 0.999998 0.0417584 -0.161621 0.111676
FixedParameters: 0 0 0

#Transform 16
Transform: AffineTransform_float_3_3
Parameters: 0.999999 0.000587193 0.000651633 -0.000589808 0.999996 0.00277662 -0.000650365 -0.00277638 0.999996 0.0368136 -0.104955 0.0959805
FixedParameters: 0 0 0

#Transform 17
Transform: AffineTransform_float_3_3
Parameters: 1 0.000212394 0.000521247 -0.000212606 1 0.00116289 -0.000520753 -0.00116311 0.999999 0.0172029 -0.134696 0.0710177
FixedParameters: 0 0 0

#Transform 18
Transform: AffineTransform_float_3_3
Parameters: 1 0.000103244 0.00065012 -0.000103756 1 0.00116293 -0.00064988 -0.00116307 0.999999 0.0167336 -0.0691654 0.0639389
FixedParameters: 0 0 0

#Transform 19
Transform: AffineTransform_float_3_3
Parameters: 1 0.000103784 0.000276081 -0.000104216 0.999999 0.000783971 -0.000275918 -0.000784028 0.999999 0.0115381 0.00255401 0.0503713
FixedParameters: 0 0 0

#Transform 20
Transform: AffineTransform_float_3_3
Parameters: 1 0.000103795 0.000541039 -0.000104204 1 0.000377944 -0.00054096 -0.000378056 1 0.00978983 0.0389016 -0.004083
FixedParameters: 0 0 0

#Transform 21
Transform: AffineTransform_float_3_3
Parameters: 1 -9.40089e-05 5.59851e-05 9.39911e-05 1 0.000159005 -5.60149e-05 -0.000158995 1 -0.00224062 -0.0458633 -0.00440555
FixedParameters: 0 0 0

#Transform 22
Transform: AffineTransform_float_3_3
Parameters: 1 0.000104168 -0.000354951 -0.000103832 1 0.000474037 0.000355049 -0.000473963 1 -0.0132044 -0.135869 0.00557392
FixedParameters: 0 0 0

#Transform 23
Transform: AffineTransform_float_3_3
Parameters: 1 0.000104041 -4.39033e-05 -0.000103959 0.999999 0.000929004 4.40966e-05 -0.000928995 0.999999 -0.011935 -0.2013 0.0322241
FixedParameters: 0 0 0

#Transform 24
Transform: AffineTransform_float_3_3
Parameters: 1 0.000104395 -0.000461911 -0.000104605 0.999999 0.000855048 0.000462089 -0.000854951 0.999999 -0.0324237 -0.184288 0.0189944
FixedParameters: 0 0 0

#Transform 25
Transform: AffineTransform_float_3_3
Parameters: 1 -2.06611e-05 -0.000540975 2.03389e-05 1 -0.00122201 0.000541025 0.00122199 0.999999 -0.040719 -0.279553 -0.0173522
FixedParameters: 0 0 0

#Transform 26
Transform: AffineTransform_float_3_3
Parameters: 1 0.000104069 -0.000265973 -0.000103931 1 0.000258028 0.000266027 -0.000257972 1 -0.0345841 -0.169265 -0.0193614
FixedParameters: 0 0 0

#Transform 27
Transform: AffineTransform_float_3_3
Parameters: 1 3.19057e-05 -0.000507006 -3.20943e-05 1 -0.000185984 0.000506994 0.000186016 1 -0.038141 -0.137892 -0.0221121
FixedParameters: 0 0 0

#Transform 28
Transform: AffineTransform_float_3_3
Parameters: 1 -0.000131235 -0.000506939 0.000130765 1 -0.000464066 0.000507061 0.000463933 1 -0.0283958 -0.100229 -0.0452359
FixedParameters: 0 0 0

#Transform 29
Transform: AffineTransform_float_3_3
Parameters: 1 -0.000277369 -0.000506798 0.00027763 0.999999 -0.00072914 0.000507202 0.000728859 0.999999 -0.0341364 -0.107909 -0.0804063
FixedParameters: 0 0 0

#Transform 30
Transform: AffineTransform_float_3_3
Parameters: 1 -0.000304173 -0.000237778 0.000303827 0.999999 -0.000729072 0.000237221 0.000728927 0.999999 -0.0210341 -0.124005 -0.0822792
FixedParameters: 0 0 0

#Transform 31
Transform: AffineTransform_float_3_3
Parameters: 1 0.000103843 -0.000446036 -0.000104157 1 -0.000351953 0.000445963 0.000352046 1 -0.0193429 -0.226061 -0.0565943
FixedParameters: 0 0 0

#Transform 32
Transform: AffineTransform_float_3_3
Parameters: 1 0.000102508 -0.00106315 -0.000104491 0.999999 -0.00140289 0.00106286 0.00140311 0.999999 -0.0482419 -0.355187 -0.083469
FixedParameters: 0 0 0

#Transform 33
Transform: AffineTransform_float_3_3
Parameters: 1 4.88611e-05 -0.000293023 -4.91393e-05 1 -0.000473985 0.000293977 0.000474014 1 -0.0205697 -0.292234 -0.104758
FixedParameters: 0 0 0

#Transform 34
Transform: AffineTransform_float_3_3
Parameters: 1 0.000103467 -0.000507109 -0.000104534 1 -0.00105195 0.00050789 0.00105205 1 -0.0201662 -0.276496 -0.126334
FixedParameters: 0 0 0

#Transform 35
Transform: AffineTransform_float_3_3
Parameters: 1 3.27716e-05 -0.000454016 -3.32283e-05 1 -0.000502985 0.000453983 0.000503015 1 -0.0258563 -0.236333 -0.109482
FixedParameters: 0 0 0

#Transform 36
Transform: AffineTransform_float_3_3
Parameters: 1 -4.68289e-05 -0.000528927 4.6171e-05 0.999999 -0.00156702 0.000529073 0.00156697 0.999998 -0.0334486 -0.169286 -0.123004
FixedParameters: 0 0 0

#Transform 37
Transform: AffineTransform_float_3_3
Parameters: 1 -0.000362372 -0.000231419 0.000361629 0.999998 -0.00160508 0.000231581 0.00160492 0.999998 -0.0282727 -0.121416 -0.135491
FixedParameters: 0 0 0

#Transform 38
Transform: AffineTransform_float_3_3
Parameters: 1 -0.000314893 -0.000582518 0.000314107 0.999999 -0.00153118 0.000583482 0.00153182 0.999998 -0.0501224 -0.119287 -0.118846
FixedParameters: 0 0 0

#Transform 39
Transform: AffineTransform_float_3_3
Parameters: 0.999999 -0.000406649 -0.000582547 0.00040635 1 -0.00111424 0.000583453 0.00111376 0.999999 -0.0365216 -0.212746 -0.107536
FixedParameters: 0 0 0

#Transform 40
Transform: AffineTransform_float_3_3
Parameters: 1 -0.000313997 -0.000521002 0.000314003 1 5.8364e-06 0.000520998 -6.16359e-06 1 -0.0363811 -0.263396 -0.0874722
FixedParameters: 0 0 0

#Transform 41
Transform: AffineTransform_float_3_3
Parameters: 1 -0.000314409 -0.000500743 0.00031459 0.999999 -0.000817157 0.000501257 0.000817842 0.999999 -0.039285 -0.29425 -0.104512
FixedParameters: 0 0 0

#Transform 42
Transform: AffineTransform_float_3_3
Parameters: 1 -0.000314215 -0.000245725 0.000313785 0.999999 -0.000875076 0.000245275 0.000874922 0.999999 -0.0342044 -0.287179 -0.113811
FixedParameters: 0 0 0

#Transform 43
Transform: AffineTransform_float_3_3
Parameters: 1 -0.000314206 -0.000245737 0.000313794 0.999999 -0.000838077 0.000245263 0.000837922 0.999999 -0.0389939 -0.2409 -0.118169
FixedParameters: 0 0 0

#Transform 44
Transform: AffineTransform_float_3_3
Parameters: 1 -7.72836e-05 -0.000245911 7.67175e-05 1 -0.00115302 0.000245089 0.00115298 1 -0.0440337 -0.195275 -0.125324
FixedParameters: 0 0 0

#Transform 45
Transform: AffineTransform_float_3_3
Parameters: 1 -0.000314428 -0.000245453 0.000314573 0.999999 -0.00174108 0.000245548 0.00174092 0.999999 -0.0309601 -0.142523 -0.141145
FixedParameters: 0 0 0

#Transform 46
Transform: AffineTransform_float_3_3
Parameters: 1 -0.000368428 -0.000245359 0.000368573 0.999999 -0.00174109 0.000245642 0.00174091 0.999999 -0.044715 -0.166292 -0.179178
FixedParameters: 0 0 0

#Transform 47
Transform: AffineTransform_float_3_3
Parameters: 1 -0.00031436 -0.000312639 0.000314641 1 -0.0011501 0.000312362 0.0011499 1 -0.0386715 -0.205569 -0.139435
FixedParameters: 0 0 0

#Transform 48
Transform: AffineTransform_float_3_3
Parameters: 1 -0.000155191 -0.00024588 0.00015481 0.999999 -0.000775038 0.00024512 0.000774961 0.999999 -0.0518416 -0.243299 -0.0953381
FixedParameters: 0 0 0

#Transform 49
Transform: AffineTransform_float_3_3
Parameters: 1 3.48326e-05 -0.000383015 -3.51674e-05 1 -0.000436986 0.000382985 0.000437013 1 -0.065851 -0.250099 -0.0956979
FixedParameters: 0 0 0

#Transform 50
Transform: AffineTransform_float_3_3
Parameters: 1 2.37907e-05 -0.00047901 -2.42093e-05 1 -0.000436988 0.000478989 0.000437011 1 -0.0710651 -0.229917 -0.083478
FixedParameters: 0 0 0

#Transform 51
Transform: AffineTransform_float_3_3
Parameters: 1 1.89816e-05 -0.000542 -1.90184e-05 1 -3.39897e-05 0.000541999 3.40103e-05 1 -0.0692409 -0.175813 -0.0491633
FixedParameters: 0 0 0

#Transform 52
Transform: AffineTransform_float_3_3
Parameters: 0.999999 -0.000315118 -0.00074853 0.000313881 0.999999 -0.00149323 0.000749469 0.00149376 0.999998 -0.0645742 -0.150319 -0.10328
FixedParameters: 0 0 0

#Transform 53
Transform: AffineTransform_float_3_3
Parameters: 1 -0.000314397 -0.000262525 0.000314603 0.999999 -0.00151308 0.000262476 0.00151292 0.999999 -0.0485232 -0.150869 -0.117807
FixedParameters: 0 0 0

#Transform 54
Transform: AffineTransform_float_3_3
Parameters: 1 -0.000372301 -0.000208463 0.000372699 0.999999 -0.00144308 0.000208538 0.00144292 0.999999 -0.0470951 -0.218781 -0.0830237
FixedParameters: 0 0 0

#Transform 55
Transform: AffineTransform_float_3_3
Parameters: 1 -0.000314198 -0.000319805 0.000313801 1 -0.0006201 0.000320194 0.000619899 1 -0.0509297 -0.234155 -0.0864987
FixedParameters: 0 0 0

#Transform 56
Transform: AffineTransform_float_3_3
Parameters: 1 -0.000314197 -0.000198689 0.000313803 1 -0.000991062 0.000199311 0.000990937 0.999999 -0.0451992 -0.246421 -0.0981079
FixedParameters: 0 0 0

#Transform 57
Transform: AffineTransform_float_3_3
Parameters: 1 -0.000314234 -0.00031977 0.000313766 0.999999 -0.0007321 0.00032023 0.000732899 0.999999 -0.0402931 -0.231417 -0.103709
FixedParameters: 0 0 0

#Transform 58
Transform: AffineTransform_float_3_3
Parameters: 1 -0.000314223 -0.000498859 0.000313777 1 -0.000447156 0.00049914 0.000446843 1 -0.0419469 -0.19048 -0.100689
FixedParameters: 0 0 0

#Transform 59
Transform: AffineTransform_float_3_3
Parameters: 1 -0.000390082 -4.63143e-05 0.000389917 0.999999 -0.00175802 4.76856e-05 0.00175798 0.999999 -0.0296689 -0.160238 -0.149427
FixedParameters: 0 0 0

#Transform 60
Transform: AffineTransform_float_3_3
Parameters: 1 -0.00031413 -6.94159e-05 0.000313871 0.999998 -0.00186002 6.95839e-05 0.00185998 0.999999 -0.0349973 -0.184707 -0.169358
FixedParameters: 0 0 0

#Transform 61
Transform: AffineTransform_float_3_3
Parameters: 1 -0.000314364 -0.000225493 0.000314635 0.999998 -0.00161207 0.000226507 0.00161193 0.999998 -0.0351343 -0.257097 -0.11889
FixedParameters: 0 0 0

#Transform 62
Transform: AffineTransform_float_3_3
Parameters: 1 -0.000315247 -0.000356902 0.000313753 0.999994 -0.00348811 0.000358096 0.00348789 0.999994 -0.0525767 -0.397715 -0.125515
FixedParameters: 0 0 0

#Transform 63
Transform: AffineTransform_float_3_3
Parameters: 1 -0.000314728 -0.000550584 0.000314271 0.999999 -0.00132217 0.000551416 0.00132183 0.999999 -0.0458674 -0.320726 -0.153933
FixedParameters: 0 0 0

#Transform 64
Transform: AffineTransform_float_3_3
Parameters: 1 -0.000388824 -0.000529665 0.000387174 0.999994 -0.00344021 0.000531335 0.00343979 0.999994 -0.041553 -0.419294 -0.169721
FixedParameters: 0 0 0

#Transform 65
Transform: AffineTransform_float_3_3
Parameters: 1 -0.000314694 -0.000289246 0.000314306 0.999997 -0.00239809 0.000289755 0.00239791 0.999997 -0.0328267 -0.32195 -0.150295
FixedParameters: 0 0 0

#Transform 66
Transform: AffineTransform_float_3_3
Parameters: 1 -0.000380366 -0.00012388 0.000380633 0.999995 -0.00294505 0.000125121 0.00294495 0.999995 -0.0314048 -0.275446 -0.205407
FixedParameters: 0 0 0

#Transform 67
Transform: AffineTransform_float_3_3
Parameters: 1 -0.000565461 -0.000403962 0.000564539 0.999994 -0.00360823 0.00040604 0.00360777 0.999994 -0.0379621 -0.337039 -0.234287
FixedParameters: 0 0 0

#Transform 68
Transform: AffineTransform_float_3_3
Parameters: 1 -0.000377339 -0.000160204 0.000376662 0.999997 -0.00210906 0.000160795 0.00210894 0.999998 -0.0423655 -0.301289 -0.17071
FixedParameters: 0 0 0

#Transform 69
Transform: AffineTransform_float_3_3
Parameters: 1 -0.00031464 -0.000294317 0.000314358 0.999997 -0.00217409 0.000295684 0.00217391 0.999997 -0.0422675 -0.336799 -0.178349
FixedParameters: 0 0 0

#Transform 70
Transform: AffineTransform_float_3_3
Parameters: 1 -0.000314155 -6.82902e-05 0.000313846 0.999998 -0.00226002 6.87095e-05 0.00225998 0.999998 -0.0343729 -0.328571 -0.176149
FixedParameters: 0 0 0

#Transform 71
Transform: AffineTransform_float_3_3
Parameters: 1 -0.000314903 -0.0004053 0.000314098 0.999998 -0.00222513 0.0004057 0.00222587 0.999998 -0.0583102 -0.307178 -0.190104
FixedParameters: 0 0 0

#Transform 72
Transform: AffineTransform_float_3_3
Parameters: 1 -0.00031537 -0.000379867 0.00031463 0.999994 -0.00360112 0.000381136 0.00360088 0.999994 -0.0576917 -0.350506 -0.202279
FixedParameters: 0 0 0

#Transform 73
Transform: AffineTransform_float_3_3
Parameters: 1 -0.000313984 6.76457e-06 0.000314016 0.999997 -0.002435 -6.23539e-06 0.002435 0.999997 -0.0378029 -0.258706 -0.191595
FixedParameters: 0 0 0

#Transform 74
Transform: AffineTransform_float_3_3
Parameters: 1 -0.000314827 -0.000288099 0.000314173 0.999996 -0.00286609 0.000288902 0.00286591 0.999996 -0.0534269 -0.236942 -0.204977
FixedParameters: 0 0 0

#Transform 75
Transform: AffineTransform_float_3_3
Parameters: 1 -0.000314312 -0.000181461 0.000313688 0.999999 -0.00171506 0.000182538 0.00171494 0.999998 -0.0418751 -0.204279 -0.207878
FixedParameters: 0 0 0

#Transform 76
Transform: AffineTransform_float_3_3
Parameters: 1 -0.000193954 3.3269e-05 0.000194046 0.999999 -0.00138699 -3.27309e-05 0.00138701 0.999999 -0.0393262 -0.318596 -0.123027
FixedParameters: 0 0 0

#Transform 77
Transform: AffineTransform_float_3_3
Parameters: 1 -0.000314079 0.000221889 0.000313922 1 0.00035307 -0.000222111 -0.00035393 1 -0.0423112 -0.242929 0.0259696
FixedParameters: 0 0 0

#Transform 78
Transform: AffineTransform_float_3_3
Parameters: 0.999998 0.000688341 -0.00188088 -0.00068766 0.999999 0.000181294 0.00188113 -0.000180706 0.999998 -0.0997999 -0.423302 0.134668
FixedParameters: 0 0 0

#Transform 79
Transform: AffineTransform_float_3_3
Parameters: 0.999999 0.000557034 -0.0017803 -0.000557966 0.999999 -0.000542008 0.0017797 0.000542992 0.999999 -0.077446 -0.39298 0.0888889
FixedParameters: 0 0 0

#Transform 80
Transform: AffineTransform_float_3_3
Parameters: 0.999999 0.000267812 -0.00179763 -0.000272188 0.999997 -0.00233051 0.00179637 0.00233048 0.999995 -0.0162513 -0.4052 -0.0316786
FixedParameters: 0 0 0

#Transform 81
Transform: AffineTransform_float_3_3
Parameters: 0.999998 0.000546915 -0.00225473 -0.000553086 0.999995 -0.00314276 0.00225327 0.00314424 0.999992 -0.0237729 -0.396884 -0.0263913
FixedParameters: 0 0 0

#Transform 82
Transform: AffineTransform_float_3_3
Parameters: 0.999999 0.000440354 -0.00166624 -0.000444646 0.999996 -0.00278926 0.00166477 0.00278974 0.999994 -0.0331829 -0.230759 -0.0222899
FixedParameters: 0 0 0

#Transform 83
Transform: AffineTransform_float_3_3
Parameters: 0.999999 0.000443024 -0.000779126 -0.000444974 0.999996 -0.00253665 0.000777874 0.00253735 0.999997 0.0182787 -0.21004 -0.0909953
FixedParameters: 0 0 0

#Transform 84
Transform: AffineTransform_float_3_3
Parameters: 1 0.00044254 -0.000985109 -0.000445459 0.999997 -0.00249756 0.000983891 0.00249844 0.999997 0.0116062 -0.290739 -0.10493
FixedParameters: 0 0 0

#Transform 85
Transform: AffineTransform_float_3_3
Parameters: 0.999999 0.000441064 -0.0014532 -0.000444934 0.999996 -0.00270836 0.0014518 0.00270964 0.999996 -0.00391643 -0.425252 -0.100423
FixedParameters: 0 0 0

#Transform 86
Transform: AffineTransform_float_3_3
Parameters: 1 0.000272295 -0.00118063 -0.000274707 0.999998 -0.00229268 0.00118037 0.00229232 0.999996 0.00410009 -0.479759 -0.0682288
FixedParameters: 0 0 0

#Transform 87
Transform: AffineTransform_float_3_3
Parameters: 0.999999 0.000494081 -0.00141602 -0.000496919 0.999998 -0.0020623 0.00141498 0.0020627 0.999997 -0.0133914 -0.4736 -0.100474
FixedParameters: 0 0 0

#Transform 88
Transform: AffineTransform_float_3_3
Parameters: 0.999999 0.000598057 -0.00142766 -0.00060194 0.999996 -0.00276214 0.00142534 0.00276386 0.999995 -0.0153211 -0.451779 -0.130944
FixedParameters: 0 0 0

#Transform 89
Transform: AffineTransform_float_3_3
Parameters: 0.999999 0.000440229 -0.00148442 -0.000444768 0.999994 -0.00321434 0.00148258 0.00321565 0.999993 -0.0284348 -0.409051 -0.156197
FixedParameters: 0 0 0

#Transform 90
Transform: AffineTransform_float_3_3
Parameters: 0.999999 0.000442436 -0.00137083 -0.000444565 0.999998 -0.00187139 0.00137017 0.00187161 0.999998 -0.0441473 -0.296926 -0.12514
FixedParameters: 0 0 0

#Transform 91
Transform: AffineTransform_float_3_3
Parameters: 0.999999 0.000441988 -0.000616171 -0.000445011 0.999988 -0.00489673 0.000613828 0.00489727 0.999988 -0.0230016 -0.343829 -0.174567
FixedParameters: 0 0 0

#Transform 92
Transform: AffineTransform_float_3_3
Parameters: 1 0.000342201 -0.000599031 -0.000343798 0.999996 -0.0030048 0.00059797 0.00300521 0.999996 -0.0292992 -0.19619 -0.161845
FixedParameters: 0 0 0

#Transform 93
Transform: AffineTransform_float_3_3
Parameters: 1 0.000443917 -0.00047701 -0.000445083 0.999998 -0.00227279 0.00047599 0.00227321 0.999998 -0.0177879 -0.310281 -0.185127
FixedParameters: 0 0 0

#Transform 94
Transform: AffineTransform_float_3_3
Parameters: 0.999999 0.000590289 -0.000470893 -0.000590711 0.999998 -0.00151172 0.000470108 0.00151128 0.999998 -0.0157158 -0.414021 -0.20696
FixedParameters: 0 0 0

#Transform 95
Transform: AffineTransform_float_3_3
Parameters: 1 0.000783584 -0.000538069 -0.000785417 0.999996 -0.00263758 0.000535931 0.00263742 0.999997 -0.0173717 -0.508463 -0.231586
FixedParameters: 0 0 0

#Transform 96
Transform: AffineTransform_float_3_3
Parameters: 0.999999 0.000714355 -0.000583021 -0.000715644 0.999996 -0.00282558 0.000580979 0.00282642 0.999996 -0.0290689 -0.536039 -0.251479
FixedParameters: 0 0 0

#Transform 97
Transform: AffineTransform_float_3_3
Parameters: 0.999999 0.000715018 -0.000317223 -0.000715981 0.999995 -0.00310677 0.000314777 0.00310723 0.999995 -0.0293705 -0.523163 -0.277224
FixedParameters: 0 0 0

#Transform 98
Transform: AffineTransform_float_3_3
Parameters: 0.999999 0.000714943 -0.00051148 -0.000716057 0.999997 -0.00206863 0.000510519 0.00206936 0.999997 -0.0398892 -0.426233 -0.259768
FixedParameters: 0 0 0

#Transform 99
Transform: AffineTransform_float_3_3
Parameters: 0.999999 0.000714249 -0.000514439 -0.000715749 0.999994 -0.00341063 0.000511561 0.00341137 0.999994 -0.0284994 -0.374124 -0.270992
FixedParameters: 0 0 0

#Transform 100
Transform: AffineTransform_float_3_3
Parameters: 1 0.000300047 -0.000292979 -0.000300953 0.999994 -0.00325691 0.000292021 0.00325709 0.999994 -0.0101598 -0.363185 -0.265669
FixedParameters: 0 0 0

#Transform 101
Transform: AffineTransform_float_3_3
Parameters: 1 0.000282861 -0.000640949 -0.00028514 0.999995 -0.00334082 0.000640051 0.00334018 0.999994 -0.0169654 -0.434458 -0.249678
FixedParameters: 0 0 0

#Transform 102
Transform: AffineTransform_float_3_3
Parameters: 1 0.000458059 -0.000322341 -0.000458943 0.999995 -0.00292585 0.000321658 0.00292615 0.999995 -0.00842214 -0.478309 -0.283862
FixedParameters: 0 0 0

#Transform 103
Transform: AffineTransform_float_3_3
Parameters: 1 0.000493887 -0.000349578 -0.000495114 0.999995 -0.00319083 0.000348422 0.00319117 0.999995 -0.00904851 -0.473289 -0.299329
FixedParameters: 0 0 0

#Transform 104
Transform: AffineTransform_float_3_3
Parameters: 0.999999 0.000658038 -0.000328932 -0.000658963 0.999996 -0.00293378 0.000327068 0.00293422 0.999995 -0.0051627 -0.438834 -0.310445
FixedParameters: 0 0 0

#Transform 105
Transform: AffineTransform_float_3_3
Parameters: 0.999999 0.000715326 -0.000251921 -0.000715674 0.999996 -0.00268382 0.00025008 0.00268418 0.999997 -0.000806475 -0.412129 -0.325881
FixedParameters: 0 0 0

#Transform 106
Transform: AffineTransform_float_3_3
Parameters: 1 0.000501523 -0.000449653 -0.000502475 0.999995 -0.00329078 0.000447349 0.00329123 0.999995 -0.00765422 -0.430779 -0.307357
FixedParameters: 0 0 0

#Transform 107
Transform: AffineTransform_float_3_3
Parameters: 0.999999 0.000595262 -0.000519996 -0.000596737 0.999994 -0.00334769 0.000518005 0.00334831 0.999995 -0.0139856 -0.452881 -0.296667
FixedParameters: 0 0 0

#Transform 108
Transform: AffineTransform_float_3_3
Parameters: 0.999999 0.000589814 -0.000572261 -0.000592189 0.999993 -0.00382667 0.000570738 0.00382734 0.999993 -0.0186542 -0.440241 -0.330347
FixedParameters: 0 0 0

#Transform 109
Transform: AffineTransform_float_3_3
Parameters: 0.999999 0.000714007 -0.00050483 -0.000715993 0.999992 -0.00395864 0.000502169 0.00395936 0.999992 -0.00749193 -0.447752 -0.360678
FixedParameters: 0 0 0

#Transform 110
Transform: AffineTransform_float_3_3
Parameters: 0.999999 0.000714349 -0.000514301 -0.00071565 0.999995 -0.00321763 0.0005117 0.00321737 0.999994 -0.0242853 -0.494496 -0.339847
FixedParameters: 0 0 0

#Transform 111
Transform: AffineTransform_float_3_3
Parameters: 0.999999 0.00071424 -0.000540334 -0.000715759 0.999995 -0.00326461 0.000537665 0.00326539 0.999994 -0.0202759 -0.524111 -0.344953
FixedParameters: 0 0 0

#Transform 112
Transform: AffineTransform_float_3_3
Parameters: 0.999999 0.000714718 -0.000452033 -0.000716282 0.999995 -0.00284268 0.000449966 0.00284232 0.999996 -0.0124769 -0.517571 -0.338048
FixedParameters: 0 0 0

#Transform 113
Transform: AffineTransform_float_3_3
Parameters: 1 0.000712283 -0.00091391 -0.000715719 0.999992 -0.00407435 0.000911092 0.00407465 0.999992 -0.0344067 -0.537269 -0.346661
FixedParameters: 0 0 0

#Transform 114
Transform: AffineTransform_float_3_3
Parameters: 0.999999 0.000632126 -0.000542193 -0.000634873 0.999994 -0.00346366 0.000539804 0.00346334 0.999994 -0.00920117 -0.470462 -0.343487
FixedParameters: 0 0 0

#Transform 115
Transform: AffineTransform_float_3_3
Parameters: 1 0.000303077 -0.000558048 -0.000304923 0.999994 -0.00344883 0.000556951 0.00344917 0.999994 -0.0182292 -0.428271 -0.343422
FixedParameters: 0 0 0

#Transform 116
Transform: AffineTransform_float_3_3
Parameters: 1 0.000263245 -0.00045502 -0.000264756 0.999993 -0.00386288 0.000453981 0.00386212 0.999993 -0.00286411 -0.423521 -0.364351
FixedParameters: 0 0 0

#Transform 117
Transform: AffineTransform_float_3_3
Parameters: 1 0.000277098 -0.000207211 -0.000277901 0.999991 -0.00436395 0.000205789 0.00436406 0.999991 0.00450373 -0.454357 -0.392244
FixedParameters: 0 0 0

#Transform 118
Transform: AffineTransform_float_3_3
Parameters: 1 0.000263351 -0.000416048 -0.000264649 0.999992 -0.00396889 0.000414953 0.00396911 0.999992 -0.00794142 -0.47238 -0.389441
FixedParameters: 0 0 0

#Transform 119
Transform: AffineTransform_float_3_3
Parameters: 0.999999 0.000715012 -0.000351019 -0.000715987 0.999996 -0.00282175 0.000348981 0.00282225 0.999996 -9.15738e-05 -0.503184 -0.338092
FixedParameters: 0 0 0

#Transform 120
Transform: AffineTransform_float_3_3
Parameters: 1 0.000712368 -0.00083312 -0.000715633 0.99999 -0.00436841 0.000829882 0.0043686 0.99999 -0.0211012 -0.594054 -0.358331
FixedParameters: 0 0 0

#Transform 121
Transform: AffineTransform_float_3_3
Parameters: 1 0.000318529 -0.000583805 -0.000320469 0.999997 -0.00252081 0.000582194 0.00252118 0.999996 -0.0072345 -0.510166 -0.342063
FixedParameters: 0 0 0

#Transform 122
Transform: AffineTransform_float_3_3
Parameters: 1 0.000114789 -0.000326428 -0.000116213 0.999993 -0.00371296 0.000326571 0.00371304 0.999993 0.0144963 -0.508332 -0.362706
FixedParameters: 0 0 0

#Transform 123
Transform: AffineTransform_float_3_3
Parameters: 1 0.000132685 -0.000608509 -0.000134317 0.999992 -0.00380592 0.000608493 0.00380608 0.999992 -0.00330412 -0.48714 -0.362221
FixedParameters: 0 0 0

#Transform 124
Transform: AffineTransform_float_3_3
Parameters: 0.999999 0.000305617 -0.000763363 -0.000309381 0.99999 -0.00443577 0.000761635 0.00443623 0.99999 -0.0101053 -0.466855 -0.407683
FixedParameters: 0 0 0

#Transform 125
Transform: AffineTransform_float_3_3
Parameters: 1 -3.66422e-05 -0.000362838 3.5357e-05 0.99999 -0.00452501 0.000363164 0.00452498 0.999989 0.00400989 -0.477136 -0.427287
FixedParameters: 0 0 0

#Transform 126
Transform: AffineTransform_float_3_3
Parameters: 1 0.000307821 -0.000312167 -0.000309182 0.999993 -0.0037829 0.000311832 0.00378309 0.999993 0.00770507 -0.526647 -0.376793
FixedParameters: 0 0 0

#Transform 127
Transform: AffineTransform_float_3_3
Parameters: 1 0.000241338 -0.000461873 -0.000242663 0.999993 -0.00360289 0.000461129 0.00360211 0.999994 0.00199753 -0.53317 -0.347911
FixedParameters: 0 0 0

#Transform 128
Transform: AffineTransform_float_3_3
Parameters: 1 1.93428e-06 -0.000667009 -4.06569e-06 0.999995 -0.003097 0.00066699 0.003097 0.999995 -0.00862978 -0.51387 -0.337427
FixedParameters: 0 0 0

#Transform 129
Transform: AffineTransform_float_3_3
Parameters: 1 0.000126237 -0.000460487 -0.000127765 0.999992 -0.00383094 0.000460514 0.00383106 0.999992 -0.0113421 -0.510805 -0.336682
FixedParameters: 0 0 0

#Transform 130
Transform: AffineTransform_float_3_3
Parameters: 1 -0.000133302 -0.000595489 0.000131699 0.999992 -0.00386508 0.000595514 0.00386492 0.999993 -0.0143371 -0.480847 -0.371441
FixedParameters: 0 0 0

#Transform 131
Transform: AffineTransform_float_3_3
Parameters: 1 -2.12632e-05 -0.000512911 1.87364e-05 0.999991 -0.00441201 0.000513088 0.00441199 0.99999 0.00425104 -0.486147 -0.413699
FixedParameters: 0 0 0

#Transform 132
Transform: AffineTransform_float_3_3
Parameters: 1 0.000161532 -0.000373638 -0.00016247 0.999993 -0.00393394 0.000373364 0.00393306 0.999992 0.00596172 -0.480307 -0.400507
FixedParameters: 0 0 0

#Transform 133
Transform: AffineTransform_float_3_3
Parameters: 1 0.000307872 -0.000351989 -0.000309128 0.999995 -0.00320789 0.00035101 0.00320811 0.999995 -0.0100665 -0.544238 -0.348546
FixedParameters: 0 0 0

#Transform 134
Transform: AffineTransform_float_3_3
Parameters: 1 0.000558538 -0.000162593 -0.000559459 0.999996 -0.00285091 0.000160406 0.00285109 0.999996 -0.00335813 -0.520807 -0.350456
FixedParameters: 0 0 0

#Transform 135
Transform: AffineTransform_float_3_3
Parameters: 1 0.000307378 -0.000434153 -0.000309625 0.999993 -0.00374087 0.000433845 0.00374113 0.999993 -0.0136238 -0.538543 -0.350418
FixedParameters: 0 0 0

#Transform 136
Transform: AffineTransform_float_3_3
Parameters: 1 0.000168873 -0.000307622 -0.000170129 0.999994 -0.00366795 0.000307378 0.00366805 0.999993 -0.0136121 -0.502192 -0.350652
FixedParameters: 0 0 0

#Transform 137
Transform: AffineTransform_float_3_3
Parameters: 1 0.000308282 -0.000181226 -0.000309717 0.999992 -0.00397294 0.000179771 0.00397306 0.999992 -0.00629534 -0.491758 -0.362768
FixedParameters: 0 0 0

#Transform 138
Transform: AffineTransform_float_3_3
Parameters: 1 -0.000131382 -0.000519403 0.000128615 0.999989 -0.00458407 0.000520595 0.00458393 0.99999 -0.0194347 -0.495429 -0.400191
FixedParameters: 0 0 0

#Transform 139
Transform: AffineTransform_float_3_3
Parameters: 1 -0.000205749 -0.000427162 0.000203252 0.999991 -0.00409008 0.000427835 0.00408991 0.999991 -0.00703406 -0.45861 -0.410229
FixedParameters: 0 0 0

#Transform 140
Transform: AffineTransform_float_3_3
Parameters: 1 0.000307859 -0.000329071 -0.000309141 0.999994 -0.0034739 0.000327928 0.0034741 0.999994 -0.0206529 -0.481763 -0.357688
FixedParameters: 0 0 0

#Transform 141
Transform: AffineTransform_float_3_3
Parameters: 1 0.000307606 -0.00041404 -0.000309394 0.999995 -0.00337187 0.000412959 0.00337213 0.999994 -0.0272224 -0.538994 -0.352631
FixedParameters: 0 0 0

#Transform 142
Transform: AffineTransform_float_3_3
Parameters: 1 0.000307316 -0.000512015 -0.000309684 0.999994 -0.00329184 0.000510983 0.00329216 0.999995 -0.00717622 -0.555483 -0.355025
FixedParameters: 0 0 0

#Transform 143
Transform: AffineTransform_float_3_3
Parameters: 1 -4.89548e-05 -0.000276833 4.80446e-05 0.999994 -0.00344801 0.000277167 0.00344799 0.999994 0.0137978 -0.519456 -0.355208
FixedParameters: 0 0 0

#Transform 144
Transform: AffineTransform_float_3_3
Parameters: 1 -9.51155e-05 -0.000609673 9.28868e-05 0.999994 -0.00346906 0.000609326 0.00346894 0.999994 -0.0161768 -0.508128 -0.349126
FixedParameters: 0 0 0

#Transform 145
Transform: AffineTransform_float_3_3
Parameters: 1 -0.000280133 -0.000526871 0.000277866 0.999992 -0.00404514 0.000528128 0.00404485 0.999991 -0.00814367 -0.437576 -0.386592
FixedParameters: 0 0 0

#Transform 146
Transform: AffineTransform_float_3_3
Parameters: 1 -0.000351809 -0.000442568 0.000349193 0.999991 -0.00408015 0.000443428 0.00408084 0.999991 -0.0101803 -0.456324 -0.415741
FixedParameters: 0 0 0

#Transform 147
Transform: AffineTransform_float_3_3
Parameters: 1 0.000307391 -0.000539919 -0.000309609 0.999996 -0.00298184 0.000539079 0.00298217 0.999996 -0.0216342 -0.442789 -0.379144
FixedParameters: 0 0 0

#Transform 148
Transform: AffineTransform_float_3_3
Parameters: 1 0.000307423 -0.000446091 -0.000309577 0.999993 -0.00354086 0.000444907 0.00354013 0.999993 -0.00866606 -0.527717 -0.334185
FixedParameters: 0 0 0

#Transform 149
Transform: AffineTransform_float_3_3
Parameters: 1 0.00030773 -0.000402973 -0.00030927 0.999995 -0.00315588 0.000402026 0.00315612 0.999995 -0.0166275 -0.542276 -0.337804
FixedParameters: 0 0 0

#Transform 150
Transform: AffineTransform_float_3_3
Parameters: 0.999999 0.000306967 -0.000677924 -0.000309033 0.999996 -0.00300079 0.000677076 0.00300121 0.999996 -0.0262763 -0.507629 -0.33401
FixedParameters: 0 0 0

#Transform 151
Transform: AffineTransform_float_3_3
Parameters: 1 0.000305849 -0.000610589 -0.000309148 0.999986 -0.00516681 0.000608411 0.00516719 0.999987 -0.040197 -0.582657 -0.339231
FixedParameters: 0 0 0

#Transform 152
Transform: AffineTransform_float_3_3
Parameters: 1 0.000108989 -0.000230481 -0.000110009 0.999991 -0.00439298 0.000229519 0.00439303 0.999991 -0.0198649 -0.476627 -0.380571
FixedParameters: 0 0 0

#Transform 153
Transform: AffineTransform_float_3_3
Parameters: 1 0.000309454 9.35111e-05 -0.000309549 0.999989 -0.00481503 -9.44916e-05 0.00481497 0.999989 -0.00392887 -0.50417 -0.434128
FixedParameters: 0 0 0

#Transform 154
Transform: AffineTransform_float_3_3
Parameters: 1 0.000310098 0.000235562 -0.000309905 0.999989 -0.00464607 -0.000236442 0.00464593 0.999989 0.00392463 -0.502009 -0.400072
FixedParameters: 0 0 0

#Transform 155
Transform: AffineTransform_float_3_3
Parameters: 1 0.000203016 -0.000260769 -0.000203985 0.999993 -0.00377795 0.000260231 0.00377805 0.999993 -0.0273098 -0.541355 -0.353716
FixedParameters: 0 0 0

#Transform 156
Transform: AffineTransform_float_3_3
Parameters: 1 0.000308291 -0.000193136 -0.000309708 0.999993 -0.00367994 0.000191862 0.00368006 0.999993 -0.0228204 -0.55079 -0.354504
FixedParameters: 0 0 0

#Transform 157
Transform: AffineTransform_float_3_3
Parameters: 1 0.000226661 0.000168113 -0.00022634 0.999993 -0.00392104 -0.000168889 0.00392196 0.999993 -0.012887 -0.54648 -0.347685
FixedParameters: 0 0 0

#Transform 158
Transform: AffineTransform_float_3_3
Parameters: 1 0.000309282 7.17959e-05 -0.000309717 0.999993 -0.00389503 -7.32069e-05 0.00389498 0.999993 -0.0219067 -0.526456 -0.35249
FixedParameters: 0 0 0

#Transform 159
Transform: AffineTransform_float_3_3
Parameters: 1 0.000307484 -0.000388206 -0.000309519 0.999993 -0.00391188 0.000387792 0.00391212 0.999993 -0.0318333 -0.482326 -0.390856
FixedParameters: 0 0 0

#Transform 160
Transform: AffineTransform_float_3_3
Parameters: 1 0.000310777 0.000315258 -0.000309225 0.999984 -0.0056201 -0.000316743 0.0056199 0.999984 -0.00684293 -0.557806 -0.4504
FixedParameters: 0 0 0

#Transform 161
Transform: AffineTransform_float_3_3
Parameters: 1 0.000310357 0.000284527 -0.000309641 0.999988 -0.00475709 -0.000286476 0.00475691 0.999988 -0.010069 -0.549435 -0.412809
FixedParameters: 0 0 0

#Transform 162
Transform: AffineTransform_float_3_3
Parameters: 1 0.000308889 -2.63343e-05 -0.000309109 0.99999 -0.00431899 2.46652e-05 0.004319 0.99999 -0.0168879 -0.583585 -0.36851
FixedParameters: 0 0 0

#Transform 163
Transform: AffineTransform_float_3_3
Parameters: 1 0.000558096 -0.000283785 -0.000559905 0.999994 -0.00319584 0.000282212 0.00319616 0.999995 -0.0367317 -0.545084 -0.36608
FixedParameters: 0 0 0

#Transform 164
Transform: AffineTransform_float_3_3
Parameters: 1 0.000309433 9.96666e-05 -0.000309566 0.99999 -0.00431203 -0.000101336 0.00431197 0.99999 -0.00895657 -0.548656 -0.371231
FixedParameters: 0 0 0

#Transform 165
Transform: AffineTransform_float_3_3
Parameters: 1 0.000327295 7.06466e-05 -0.000327704 0.999992 -0.00413703 -7.23564e-05 0.00413698 0.999992 -0.0168894 -0.512502 -0.363951
FixedParameters: 0 0 0

#Transform 166
Transform: AffineTransform_float_3_3
Parameters: 1 -0.000381568 -0.000308067 0.000380432 0.999987 -0.00507512 0.000309935 0.00507488 0.999987 -0.0282466 -0.525828 -0.40998
FixedParameters: 0 0 0

#Transform 167
Transform: AffineTransform_float_3_3
Parameters: 1 -0.000382937 -0.00047967 0.000380061 0.999982 -0.00610819 0.00048233 0.00610782 0.999981 -0.0235172 -0.547831 -0.450224
FixedParameters: 0 0 0

#Transform 168
Transform: AffineTransform_float_3_3
Parameters: 1 7.81643e-06 -0.00048204 -1.01834e-05 0.999989 -0.00452999 0.000481959 0.00453 0.999989 -0.0250927 -0.552242 -0.390861
FixedParameters: 0 0 0

#Transform 169
Transform: AffineTransform_float_3_3
Parameters: 1 0.000591582 -0.000322614 -0.00059242 0.99999 -0.00441281 0.000320389 0.00441319 0.99999 -0.0131777 -0.582179 -0.393244
FixedParameters: 0 0 0

#Transform 170
Transform: AffineTransform_float_3_3
Parameters: 1 6.11412e-06 -0.00019403 -6.88574e-06 0.999989 -0.00456599 0.00019397 0.004566 0.999989 0.0103192 -0.588803 -0.407328
FixedParameters: 0 0 0

#Transform 171
Transform: AffineTransform_float_3_3
Parameters: 1 0.000393158 -0.000384891 -0.000394843 0.999989 -0.00479885 0.00038311 0.00479916 0.999989 -0.00898484 -0.582136 -0.4136
FixedParameters: 0 0 0

#Transform 172
Transform: AffineTransform_float_3_3
Parameters: 1 0.000394209 -0.000171825 -0.000394792 0.999989 -0.00462593 0.000170176 0.00462607 0.99999 -0.00300593 -0.570533 -0.427246
FixedParameters: 0 0 0

#Transform 173
Transform: AffineTransform_float_3_3
Parameters: 1 0.000395589 0.00012211 -0.000394407 0.999989 -0.00478205 -0.000124887 0.00478195 0.999988 0.00444661 -0.53997 -0.423653
FixedParameters: 0 0 0

#Transform 174
Transform: AffineTransform_float_3_3
Parameters: 1 0.000394296 -0.000107612 -0.0003947 0.999978 -0.00661896 0.00010439 0.00661904 0.999978 -0.0194906 -0.595062 -0.478252
FixedParameters: 0 0 0

#Transform 175
Transform: AffineTransform_float_3_3
Parameters: 1 0.000394864 -1.99067e-05 -0.000395129 0.999973 -0.00735999 1.60923e-05 0.00736001 0.999973 -0.0241035 -0.605849 -0.522998
FixedParameters: 0 0 0

#Transform 176
Transform: AffineTransform_float_3_3
Parameters: 1 0.000394141 -0.000187814 -0.00039486 0.99999 -0.00459793 0.000186186 0.00459808 0.99999 -0.0254 -0.560434 -0.428581
FixedParameters: 0 0 0

#Transform 177
Transform: AffineTransform_float_3_3
Parameters: 1 0.000643683 -0.00020322 -0.000644316 0.999979 -0.00654887 0.000198784 0.00654913 0.999978 -0.0309306 -0.686634 -0.455528
FixedParameters: 0 0 0

#Transform 178
Transform: AffineTransform_float_3_3
Parameters: 1 0.000392468 -0.000484064 -0.000394532 0.999986 -0.00524181 0.000481939 0.00524119 0.999986 -0.0520213 -0.600878 -0.447599
FixedParameters: 0 0 0

#Transform 179
Transform: AffineTransform_float_3_3
Parameters: 1 0.000395531 0.000109094 -0.00039447 0.999989 -0.00482205 -0.000110903 0.00482196 0.999989 -0.0158097 -0.624961 -0.439679
FixedParameters: 0 0 0

#Transform 180
Transform: AffineTransform_float_3_3
Parameters: 1 0.000395825 0.000170093 -0.000395176 0.999989 -0.00482207 -0.000171908 0.00482194 0.999989 -0.0285435 -0.558854 -0.421639
FixedParameters: 0 0 0

#Transform 181
Transform: AffineTransform_float_3_3
Parameters: 1 0.000396827 0.000329814 -0.000395171 0.999984 -0.00552213 -0.000332187 0.00552187 0.999984 -0.00627919 -0.551979 -0.449631
FixedParameters: 0 0 0

#Transform 182
Transform: AffineTransform_float_3_3
Parameters: 1 0.000394593 -5.78449e-05 -0.000394408 0.999974 -0.00720598 5.51593e-05 0.00720602 0.999974 -0.0291708 -0.589743 -0.505175
FixedParameters: 0 0 0

#Transform 183
Transform: AffineTransform_float_3_3
Parameters: 1 0.000394996 -2.14344e-06 -0.000395003 0.999969 -0.007958 -1.14347e-06 0.007958 0.999969 -0.0202112 -0.618939 -0.543493
FixedParameters: 0 0 0

#Transform 184
Transform: AffineTransform_float_3_3
Parameters: 1 0.000644665 -8.16864e-05 -0.000644332 0.999991 -0.00416595 7.83164e-05 0.00416605 0.999992 -0.0223127 -0.555275 -0.440271
FixedParameters: 0 0 0

#Transform 185
Transform: AffineTransform_float_3_3
Parameters: 1 0.00064318 -0.000280215 -0.000644819 0.999979 -0.00654383 0.000275786 0.00654419 0.999979 -0.0313205 -0.711838 -0.438244
FixedParameters: 0 0 0

#Transform 186
Transform: AffineTransform_float_3_3
Parameters: 1 0.000394199 -0.000174817 -0.000394802 0.99999 -0.00460493 0.000173184 0.00460507 0.99999 -0.0245169 -0.618085 -0.404989
FixedParameters: 0 0 0

#Transform 187
Transform: AffineTransform_float_3_3
Parameters: 1 0.000394693 -6.58652e-05 -0.000394303 0.999989 -0.00472397 6.3138e-05 0.00472402 0.999989 -0.018241 -0.593494 -0.405982
FixedParameters: 0 0 0

#Transform 188
Transform: AffineTransform_float_3_3
Parameters: 1 0.000396633 0.000332058 -0.000394367 0.999988 -0.00490513 -0.000333938 0.00490487 0.999988 -0.00227633 -0.559603 -0.413685
FixedParameters: 0 0 0

#Transform 189
Transform: AffineTransform_float_3_3
Parameters: 1 -3.16823e-05 -0.000222767 2.93159e-05 0.999971 -0.007548 0.000223228 0.00754799 0.999971 -0.0432026 -0.61232 -0.498893
FixedParameters: 0 0 0

