# transform file /out/sourcedata/freesurfer/sub-v2s11x28714_ses-1/mri/transforms/cc_up.lta
# created by oesteban on Tue Mar 10 23:18:54 2026

type      = 0 # LINEAR_VOX_TO_VOX
nxforms   = 1
mean      = 160.0000 162.0000 155.0000
sigma     = 10000.0000
1 4 4
9.993398785591125e-01 3.084453381597996e-02 -1.919247582554817e-02 -3.272581481933594e+01 
-3.083884529769421e-02 9.995241761207581e-01 5.922647542320192e-04 -1.107782268524170e+01 
1.920161210000515e-02 0.000000000000000e+00 9.998155832290649e-01 -1.104718399047852e+01 
0.000000000000000e+00 0.000000000000000e+00 0.000000000000000e+00 1.000000000000000e+00 
src volume info
valid = 1  # volume info valid
filename = /out/sourcedata/freesurfer/sub-v2s11x28714_ses-1/mri/norm.mgz
volume = 320 320 320
voxelsize = 7.999999523162842e-01 7.999999523162842e-01 7.999999523162842e-01
xras   = -9.999999403953552e-01 0.000000000000000e+00 0.000000000000000e+00
yras   = 0.000000000000000e+00 0.000000000000000e+00 -9.999999403953552e-01
zras   = 0.000000000000000e+00 9.999999403953552e-01 0.000000000000000e+00
cras   = 2.711547851562500e+00 1.817955017089844e+00 2.070600891113281e+01
dst volume info
valid = 1  # volume info valid
filename = /out/sourcedata/freesurfer/sub-v2s11x28714_ses-1/mri/norm.mgz
volume = 320 320 320
voxelsize = 7.999999523162842e-01 7.999999523162842e-01 7.999999523162842e-01
xras   = -9.999999403953552e-01 0.000000000000000e+00 0.000000000000000e+00
yras   = 0.000000000000000e+00 0.000000000000000e+00 -9.999999403953552e-01
zras   = 0.000000000000000e+00 9.999999403953552e-01 0.000000000000000e+00
cras   = 2.711547851562500e+00 1.817955017089844e+00 2.070600891113281e+01
