#Insight Transform File V1.0
#Transform 0
Transform: AffineTransform_float_3_3
Parameters: 1 9.81594e-07 -0.000413999 -1.8403e-08 0.999997 0.002371 0.000414001 -0.002371 0.999997 0.0200339 -0.178849 0.158788
FixedParameters: 0 0 0

#Transform 1
Transform: AffineTransform_float_3_3
Parameters: 1 5.49542e-07 -0.000237999 -4.50455e-07 0.999998 0.002309 0.000238002 -0.002309 0.999998 -0.00945106 -0.184519 0.159248
FixedParameters: 0 0 0

#Transform 2
Transform: AffineTransform_float_3_3
Parameters: 1 4.40535e-07 -0.000215 4.40535e-07 0.999998 0.002049 0.000215 -0.002049 0.999998 -0.00817682 -0.171752 0.160519
FixedParameters: 0 0 0

#Transform 3
Transform: AffineTransform_float_3_3
Parameters: 1 9.6303e-08 -4.69999e-05 9.6303e-08 0.999998 0.002049 4.69999e-05 -0.002049 0.999998 0.0197446 -0.176877 0.0982099
FixedParameters: 0 0 0

#Transform 4
Transform: AffineTransform_float_3_3
Parameters: 1 3.60801e-07 -0.000207 3.60801e-07 0.999998 0.001743 0.000207 -0.001743 0.999998 0.029409 -0.09034 0.0353242
FixedParameters: 0 0 0

#Transform 5
Transform: AffineTransform_float_3_3
Parameters: 1 5.61591e-05 -7.08742e-05 -5.58406e-05 0.999998 0.00224301 7.11255e-05 -0.002243 0.999998 0.0226008 -0.149097 0.0154676
FixedParameters: 0 0 0

#Transform 6
Transform: AffineTransform_float_3_3
Parameters: 1 -1.42e-07 7.09999e-05 -1.42e-07 0.999998 0.002 -7.09999e-05 -0.002 0.999998 0.0159601 -0.189071 0.0188733
FixedParameters: 0 0 0

#Transform 7
Transform: AffineTransform_float_3_3
Parameters: 1 2.00464e-07 -8.79998e-05 2.00464e-07 0.999998 0.002278 8.79998e-05 -0.002278 0.999998 -0.0211704 -0.230444 0.0381881
FixedParameters: 0 0 0

#Transform 8
Transform: AffineTransform_float_3_3
Parameters: 1 -2.985e-07 0.00015 -2.985e-07 0.999998 0.00199 -0.00015 -0.00199 0.999998 -0.0309175 -0.213095 0.0828505
FixedParameters: 0 0 0

#Transform 9
Transform: AffineTransform_float_3_3
Parameters: 1 -7.88113e-05 -0.000104143 7.91884e-05 0.999999 0.00181299 0.000103857 -0.00181301 0.999999 -0.0220988 -0.159556 0.128097
FixedParameters: 0 0 0

#Transform 10
Transform: AffineTransform_float_3_3
Parameters: 1 9.54777e-05 0.000288174 -9.5522e-05 0.999999 0.00181297 -0.000287827 -0.00181303 0.999999 -0.0359816 -0.158902 0.128684
FixedParameters: 0 0 0

#Transform 11
Transform: AffineTransform_float_3_3
Parameters: 1 0.00042574 0.000191579 -0.000426261 0.999999 0.00135992 -0.00019142 -0.00136008 0.999999 -0.0039801 -0.0620365 0.0964401
FixedParameters: 0 0 0

#Transform 12
Transform: AffineTransform_float_3_3
Parameters: 1 5.3856e-07 -0.000288 -4.61438e-07 0.999999 0.00187 0.000288001 -0.00187 0.999998 0.0376568 -0.0984279 0.034851
FixedParameters: 0 0 0

#Transform 13
Transform: AffineTransform_float_3_3
Parameters: 1 0.000412789 0.000144604 -0.00041321 0.999999 0.00146394 -0.000143395 -0.00146406 0.999999 -0.00167486 -0.0506589 0.00714416
FixedParameters: 0 0 0

#Transform 14
Transform: AffineTransform_float_3_3
Parameters: 1 1.15564e-05 -0.000287978 -1.14436e-05 0.999998 0.001932 0.000288023 -0.001932 0.999998 0.0207458 -0.184584 0.0303807
FixedParameters: 0 0 0

#Transform 15
Transform: AffineTransform_float_3_3
Parameters: 1 9.13e-05 -0.000204867 -9.06998e-05 0.999999 0.00146402 0.000205133 -0.00146398 0.999999 -0.0121039 -0.205683 0.0895657
FixedParameters: 0 0 0

#Transform 16
Transform: AffineTransform_float_3_3
Parameters: 1 9.71369e-06 -0.000451985 -9.28628e-06 0.999999 0.001579 0.000452015 -0.00157899 0.999998 -0.00967122 -0.21732 0.0361036
FixedParameters: 0 0 0

#Transform 17
Transform: AffineTransform_float_3_3
Parameters: 1 9.42314e-06 -0.000454992 -9.57684e-06 0.999999 0.000930004 0.000455009 -0.000929996 1 0.00924251 -0.148792 0.136177
FixedParameters: 0 0 0

#Transform 18
Transform: AffineTransform_float_3_3
Parameters: 1 7.57207e-05 -0.000955866 -7.42791e-05 0.999999 0.00180007 0.000956136 -0.00179993 0.999998 0.0261007 -0.161436 0.0409114
FixedParameters: 0 0 0

#Transform 19
Transform: AffineTransform_float_3_3
Parameters: 1 9.18895e-06 -0.000254993 -8.81104e-06 0.999999 0.000741002 0.000255007 -0.000740997 0.999999 0.0191756 -0.0508819 0.0424849
FixedParameters: 0 0 0

#Transform 20
Transform: AffineTransform_float_3_3
Parameters: 1 9.21049e-06 -0.000433995 -8.78951e-06 1 0.000485004 0.000434004 -0.000484996 1 0.0338529 -0.038512 -0.00172664
FixedParameters: 0 0 0

#Transform 21
Transform: AffineTransform_float_3_3
Parameters: 1 0.000131979 0.000477006 -0.000132021 1 4.4937e-05 -0.000476994 -4.5063e-05 1 -0.0352608 -0.0168848 -0.00874847
FixedParameters: 0 0 0

#Transform 22
Transform: AffineTransform_float_3_3
Parameters: 1 9.32233e-06 -0.000434993 -8.67766e-06 0.999999 0.000741003 0.000435006 -0.000740996 0.999999 0.0279093 -0.1451 0.0272632
FixedParameters: 0 0 0

#Transform 23
Transform: AffineTransform_float_3_3
Parameters: 1 9.13708e-06 -0.000184993 -8.86291e-06 0.999999 0.000741001 0.000185007 -0.000740998 0.999999 -0.025322 -0.172892 0.0540803
FixedParameters: 0 0 0

#Transform 24
Transform: AffineTransform_float_3_3
Parameters: 1 9.08454e-06 -0.000184996 -8.91545e-06 1 0.000457002 0.000185004 -0.000456998 1 -0.0253274 -0.133948 0.0852881
FixedParameters: 0 0 0

#Transform 25
Transform: AffineTransform_float_3_3
Parameters: 1 9.34495e-06 -0.000434993 -8.65504e-06 0.999999 0.000793003 0.000435007 -0.000792995 0.999999 0.0181682 -0.147342 0.121631
FixedParameters: 0 0 0

#Transform 26
Transform: AffineTransform_float_3_3
Parameters: 1 8.98594e-06 -0.000185001 -9.01406e-06 1 -7.59983e-05 0.000184999 7.60017e-05 1 0.000258196 -0.0612067 0.101653
FixedParameters: 0 0 0

#Transform 27
Transform: AffineTransform_float_3_3
Parameters: 1 -0.000105988 -0.000185007 0.000106012 1 6.59804e-05 0.000184993 -6.60196e-05 1 0.039144 -0.0593746 0.00178164
FixedParameters: 0 0 0

#Transform 28
Transform: AffineTransform_float_3_3
Parameters: 1 8.89519e-06 -0.000133007 -9.1048e-06 0.999999 -0.000787998 0.000132993 0.000788001 0.999999 0.0293733 0.0680822 -0.0149932
FixedParameters: 0 0 0

#Transform 29
Transform: AffineTransform_float_3_3
Parameters: 1 -0.000423996 -0.000244006 0.000424003 1 1.38965e-05 0.000243994 -1.41035e-05 1 0.0363195 -0.0873141 -0.00156107
FixedParameters: 0 0 0

#Transform 30
Transform: AffineTransform_float_3_3
Parameters: 1 -0.000495003 -3.79653e-05 0.000494997 1 -7.00188e-05 3.80346e-05 6.99812e-05 1 -0.0282664 -0.0983246 0.0360153
FixedParameters: 0 0 0

#Transform 31
Transform: AffineTransform_float_3_3
Parameters: 1 -0.000494883 -0.000244237 0.000495117 1 0.000478879 0.000243763 -0.000479121 1 -0.0183381 -0.16497 0.0100766
FixedParameters: 0 0 0

#Transform 32
Transform: AffineTransform_float_3_3
Parameters: 1 -0.000494949 0.000333076 0.000495051 1 -0.000152835 -0.000332924 0.000153165 1 -0.0273933 -0.100513 0.0833254
FixedParameters: 0 0 0

#Transform 33
Transform: AffineTransform_float_3_3
Parameters: 1 -0.000409853 -0.000560107 0.000410146 1 0.00026177 0.000559892 -0.000262229 1 0.0154687 -0.114837 0.0345067
FixedParameters: 0 0 0

#Transform 34
Transform: AffineTransform_float_3_3
Parameters: 1 -0.000378847 0.000401144 0.000379153 1 -0.000380848 -0.000401855 0.000381152 1 -0.0341886 -0.0283485 0.0731906
FixedParameters: 0 0 0

#Transform 35
Transform: AffineTransform_float_3_3
Parameters: 1 -0.00049509 -8.74941e-05 0.000495911 1 -0.00102204 8.75069e-05 0.00102196 1 0.00497343 0.0412895 -0.00664454
FixedParameters: 0 0 0

#Transform 36
Transform: AffineTransform_float_3_3
Parameters: 1 -0.000199494 0.000537188 0.000199505 0.999999 -0.000940893 -0.000536813 0.000941107 1 -0.0125491 0.0213948 -0.0258073
FixedParameters: 0 0 0

#Transform 37
Transform: AffineTransform_float_3_3
Parameters: 1 -6.98335e-05 0.000469025 7.01665e-05 1 -0.000354967 -0.000468975 0.000355033 1 -0.00974097 -0.0711543 0.0182247
FixedParameters: 0 0 0

#Transform 38
Transform: AffineTransform_float_3_3
Parameters: 1 -0.000183484 -0.00052818 0.000183517 0.999999 0.000976903 0.000528821 -0.000977097 1 0.0328895 -0.195735 0.025464
FixedParameters: 0 0 0

#Transform 39
Transform: AffineTransform_float_3_3
Parameters: 1 -6.99964e-05 -1.90134e-05 7.00036e-05 1 0.000190999 1.89866e-05 -0.000191001 1 -0.00254232 -0.129725 0.0848545
FixedParameters: 0 0 0

#Transform 40
Transform: AffineTransform_float_3_3
Parameters: 0.999999 -0.000212986 -0.000941229 0.000214013 1 0.0010768 0.00094077 -0.0010772 0.999999 0.0589734 -0.173161 0.0461846
FixedParameters: 0 0 0

#Transform 41
Transform: AffineTransform_float_3_3
Parameters: 1 -6.99155e-05 0.000410014 7.00844e-05 1 -0.000205971 -0.000409985 0.000206029 1 -0.0158088 -0.0696507 0.128137
FixedParameters: 0 0 0

#Transform 42
Transform: AffineTransform_float_3_3
Parameters: 1 -0.000188689 -0.000278211 0.000189312 1 0.00111695 0.000278789 -0.00111705 1 0.0268093 -0.11054 0.0209082
FixedParameters: 0 0 0

#Transform 43
Transform: AffineTransform_float_3_3
Parameters: 1 -6.96381e-05 0.000561045 6.93624e-05 1 -0.000644961 -0.000561955 0.000645039 0.999999 -0.0220561 0.0158382 -0.0371753
FixedParameters: 0 0 0

#Transform 44
Transform: AffineTransform_float_3_3
Parameters: 1 -6.95382e-05 0.000561058 6.94625e-05 0.999999 -0.000822961 -0.000561943 0.000823039 1 -0.0186415 0.0323858 -0.0555381
FixedParameters: 0 0 0

#Transform 45
Transform: AffineTransform_float_3_3
Parameters: 0.999999 -6.9972e-05 0.000735002 7.00279e-05 1 -3.79485e-05 -0.000734997 3.80514e-05 0.999999 -0.0397099 -0.0973202 -0.00629798
FixedParameters: 0 0 0

#Transform 46
Transform: AffineTransform_float_3_3
Parameters: 1 -0.000501011 4.78858e-05 0.000500989 1 0.000228024 -4.81142e-05 -0.000227976 1 -0.014212 -0.144856 0.00227042
FixedParameters: 0 0 0

#Transform 47
Transform: AffineTransform_float_3_3
Parameters: 1 -0.000212971 0.000343018 0.000213029 1 -8.49269e-05 -0.000342982 8.5073e-05 1 -0.0495931 -0.128775 0.0411021
FixedParameters: 0 0 0

#Transform 48
Transform: AffineTransform_float_3_3
Parameters: 1 -0.000527012 -6.79062e-05 0.000526988 1 -0.000178036 6.70938e-05 0.000177965 1 -0.00985235 -0.092321 0.0698906
FixedParameters: 0 0 0

#Transform 49
Transform: AffineTransform_float_3_3
Parameters: 1 -0.000293895 0.00034309 0.000294105 1 -0.000304899 -0.00034291 0.000305101 1 -0.0389402 -0.0853584 0.0709648
FixedParameters: 0 0 0

#Transform 50
Transform: AffineTransform_float_3_3
Parameters: 0.999999 0.000133631 0.00076789 -0.000132369 0.999999 -0.000822102 -0.000768109 0.000821898 1 -0.0575309 0.000966739 0.0295526
FixedParameters: 0 0 0

#Transform 51
Transform: AffineTransform_float_3_3
Parameters: 0.999999 4.61401e-05 0.00087094 -4.48598e-05 0.999999 -0.00130904 -0.000871059 0.00130896 0.999999 -0.048003 0.0408399 -0.0358624
FixedParameters: 0 0 0

#Transform 52
Transform: AffineTransform_float_3_3
Parameters: 1 0.000222736 0.00049667 -0.000222264 0.999999 -0.00148111 -0.00049733 0.00148089 0.999999 -0.0272898 0.0721981 -0.0716383
FixedParameters: 0 0 0

#Transform 53
Transform: AffineTransform_float_3_3
Parameters: 1 0.00022209 0.000255922 -0.00022191 1 -0.000352057 -0.000256078 0.000351943 1 -0.0310911 -0.104052 -0.0208523
FixedParameters: 0 0 0

#Transform 54
Transform: AffineTransform_float_3_3
Parameters: 1 -1.08658e-05 0.000261006 1.11342e-05 1 -0.000513997 -0.000260994 0.000514003 1 -0.0467831 -0.0971945 0.0213339
FixedParameters: 0 0 0

#Transform 55
Transform: AffineTransform_float_3_3
Parameters: 1 0.000221692 -0.000599114 -0.000222308 1 -0.000513867 0.000598885 0.000514133 0.999999 0.0137017 -0.0963417 0.0290212
FixedParameters: 0 0 0

#Transform 56
Transform: AffineTransform_float_3_3
Parameters: 1 0.000222047 4.17496e-05 -0.000221953 1 -0.00112801 -4.22504e-05 0.00112799 1 -0.027646 -0.0449196 0.115019
FixedParameters: 0 0 0

#Transform 57
Transform: AffineTransform_float_3_3
Parameters: 1 0.000221793 -0.000228201 -0.000222207 0.999999 -0.000906949 0.000227798 0.00090705 0.999999 -0.0145721 -0.0555419 0.101233
FixedParameters: 0 0 0

#Transform 58
Transform: AffineTransform_float_3_3
Parameters: 1 0.000398101 8.45251e-05 -0.000397898 0.999999 -0.00119303 -8.54748e-05 0.00119297 1 -0.0273916 0.0162154 0.0360789
FixedParameters: 0 0 0

#Transform 59
Transform: AffineTransform_float_3_3
Parameters: 1 0.000345792 -0.000144499 -0.000345209 0.999999 -0.00144295 0.000144502 0.00144305 0.999999 -0.00633842 0.0533218 -0.0212932
FixedParameters: 0 0 0

#Transform 60
Transform: AffineTransform_float_3_3
Parameters: 1 0.000222186 0.000155735 -0.000221814 1 -0.00119304 -0.000156265 0.00119297 1 -0.0372668 0.0197167 -0.0222817
FixedParameters: 0 0 0

#Transform 61
Transform: AffineTransform_float_3_3
Parameters: 1 0.000222108 0.000155847 -0.000221892 0.999999 -0.000690034 -0.000156153 0.000689965 0.999999 -0.0364092 -0.0742232 0.0383455
FixedParameters: 0 0 0

#Transform 62
Transform: AffineTransform_float_3_3
Parameters: 0.999999 -2.46596e-05 -0.00078601 2.53403e-05 1 0.00043298 0.000785989 -0.000433019 0.999999 0.00629708 -0.16721 0.0162852
FixedParameters: 0 0 0

#Transform 63
Transform: AffineTransform_float_3_3
Parameters: 1 -2.72646e-05 -0.000415983 2.77354e-05 1 -0.000636011 0.000416018 0.000635988 0.999999 -0.0113148 -0.0782211 0.0675261
FixedParameters: 0 0 0

#Transform 64
Transform: AffineTransform_float_3_3
Parameters: 0.999999 -0.000271977 -0.000924006 0.000272024 1 2.57486e-05 0.000923992 -2.52513e-05 0.999999 0.0120798 -0.11114 0.00678065
FixedParameters: 0 0 0

#Transform 65
Transform: AffineTransform_float_3_3
Parameters: 1 -0.000272102 -0.000150816 0.000271898 0.999999 -0.000676041 0.000151184 0.000675959 1 -0.0386131 -0.0346706 0.0638206
FixedParameters: 0 0 0

#Transform 66
Transform: AffineTransform_float_3_3
Parameters: 1 -0.000271942 4.73343e-05 0.000272058 0.999999 -0.00122899 -4.66657e-05 0.00122901 0.999999 -0.0159982 0.0367985 -0.0261821
FixedParameters: 0 0 0

#Transform 67
Transform: AffineTransform_float_3_3
Parameters: 1 0.000339322 0.000302639 -0.000339679 1 -0.0010641 -0.000302362 0.0010639 1 -0.0479033 0.0478347 -0.0246188
FixedParameters: 0 0 0

#Transform 68
Transform: AffineTransform_float_3_3
Parameters: 1 0.000338588 -0.000368379 -0.000339412 1 -0.00111788 0.000368621 0.00111813 1 -0.0102855 0.0341606 -0.0272323
FixedParameters: 0 0 0

#Transform 69
Transform: AffineTransform_float_3_3
Parameters: 1 -3.09422e-05 0.000158011 3.10578e-05 1 -0.000365995 -0.000157989 0.000366005 1 -0.0527 -0.0841933 -0.00857512
FixedParameters: 0 0 0

#Transform 70
Transform: AffineTransform_float_3_3
Parameters: 1 -0.000419134 -0.000347839 0.000418866 1 -0.000385146 0.000348161 0.000384854 1 -0.0115759 -0.10523 0.0275348
FixedParameters: 0 0 0

#Transform 71
Transform: AffineTransform_float_3_3
Parameters: 1 -0.000273096 -0.000444941 0.000272904 1 -0.000216121 0.000445059 0.000215878 1 -0.0117333 -0.125096 0.0465919
FixedParameters: 0 0 0

#Transform 72
Transform: AffineTransform_float_3_3
Parameters: 1 -0.000431192 -0.000444814 0.000431808 1 -0.000432192 0.000445186 0.000431808 1 -0.0159462 -0.0781441 0.062274
FixedParameters: 0 0 0

#Transform 73
Transform: AffineTransform_float_3_3
Parameters: 1 -0.000272975 -0.000376018 0.000273024 1 6.48973e-05 0.000375982 -6.51026e-05 1 -0.0239054 -0.109257 0.0479954
FixedParameters: 0 0 0

#Transform 74
Transform: AffineTransform_float_3_3
Parameters: 1 -0.000273338 -0.000258643 0.000272662 0.999999 -0.00130607 0.000259356 0.00130593 0.999999 -0.0367305 0.0404498 0.00264403
FixedParameters: 0 0 0

#Transform 75
Transform: AffineTransform_float_3_3
Parameters: 1 -0.000272813 0.000151338 0.000273188 0.999999 -0.00123996 -0.000151661 0.00124004 0.999999 -0.0439204 0.0273479 -0.0340988
FixedParameters: 0 0 0

#Transform 76
Transform: AffineTransform_float_3_3
Parameters: 1 -0.000146037 -2.4784e-05 0.000145964 0.999999 -0.001479 2.42159e-05 0.001479 0.999999 -0.0290778 0.0800672 -0.056763
FixedParameters: 0 0 0

#Transform 77
Transform: AffineTransform_float_3_3
Parameters: 1 -0.000392171 -0.000157576 0.000392829 1 -0.00108106 0.000158425 0.00108094 1 -0.0265725 -0.039234 -0.0310652
FixedParameters: 0 0 0

#Transform 78
Transform: AffineTransform_float_3_3
Parameters: 0.999999 -0.00072703 -2.41094e-05 0.00072697 0.999999 -0.00122502 2.48906e-05 0.00122498 0.999999 -0.0448049 -0.0900365 -0.0230199
FixedParameters: 0 0 0

#Transform 79
Transform: AffineTransform_float_3_3
Parameters: 0.999999 -0.000867368 -0.000279859 0.00086763 0.999999 -0.00131524 0.000281141 0.00131476 0.999999 -0.01436 -0.0760867 -0.0216919
FixedParameters: 0 0 0

#Transform 80
Transform: AffineTransform_float_3_3
Parameters: 1 -0.000626973 1.89129e-05 0.000627027 0.999998 -0.00145599 -1.80871e-05 0.00145601 0.999999 -0.0472422 -0.0487518 -0.0211223
FixedParameters: 0 0 0

#Transform 81
Transform: AffineTransform_float_3_3
Parameters: 0.999999 -0.000727845 -0.000419538 0.000727156 0.999997 -0.0020103 0.000420463 0.00201069 0.999998 -0.0257248 0.014375 -0.0248677
FixedParameters: 0 0 0

#Transform 82
Transform: AffineTransform_float_3_3
Parameters: 0.999999 -0.0007275 -0.000240491 0.000727498 0.999997 -0.00207517 0.00024251 0.00207482 0.999998 -0.0343372 0.0175438 -0.0329042
FixedParameters: 0 0 0

#Transform 83
Transform: AffineTransform_float_3_3
Parameters: 0.999999 -0.000727495 -0.000198192 0.000727505 0.999996 -0.00248614 0.00019981 0.00248685 0.999997 -0.0364235 0.0801262 -0.0538728
FixedParameters: 0 0 0

#Transform 84
Transform: AffineTransform_float_3_3
Parameters: 0.999999 -0.000726522 0.000193801 0.000727476 0.999996 -0.00247786 -0.000191198 0.00247814 0.999997 -0.0480827 0.0901074 -0.076513
FixedParameters: 0 0 0

#Transform 85
Transform: AffineTransform_float_3_3
Parameters: 0.999999 -0.000726631 0.00014289 0.000727369 0.999997 -0.0025999 -0.000141109 0.0026001 0.999996 -0.0344348 0.116386 -0.103223
FixedParameters: 0 0 0

#Transform 86
Transform: AffineTransform_float_3_3
Parameters: 0.999999 -0.000726959 3.00119e-05 0.000727041 0.999999 -0.00139198 -2.8988e-05 0.00139202 0.999999 -0.0189632 -0.0113143 -0.0638841
FixedParameters: 0 0 0

#Transform 87
Transform: AffineTransform_float_3_3
Parameters: 0.999999 -0.0007264 0.000479909 0.0007276 0.999999 -0.00125065 -0.00047909 0.00125135 0.999999 -0.0602821 -0.0717296 -0.0434636
FixedParameters: 0 0 0

#Transform 88
Transform: AffineTransform_float_3_3
Parameters: 0.999999 -0.000727025 -2.00905e-05 0.000726974 0.999999 -0.00125102 2.09095e-05 0.00125099 0.999999 -0.0377342 -0.067136 -0.0292112
FixedParameters: 0 0 0

#Transform 89
Transform: AffineTransform_float_3_3
Parameters: 0.999999 -0.000726238 0.000471176 0.000726762 0.999999 -0.00161866 -0.000469823 0.00161934 0.999998 -0.0550677 -0.0371904 -0.00552799
FixedParameters: 0 0 0

#Transform 90
Transform: AffineTransform_float_3_3
Parameters: 0.999999 -0.000727048 -2.46237e-05 0.000726951 0.999998 -0.00189302 2.63762e-05 0.00189298 0.999998 -0.0475566 0.016405 0.0252977
FixedParameters: 0 0 0

#Transform 91
Transform: AffineTransform_float_3_3
Parameters: 0.999999 -0.000727044 -2.47473e-05 0.000726956 0.999999 -0.00172302 2.62526e-05 0.00172298 0.999998 -0.0405735 0.0252019 0.0421908
FixedParameters: 0 0 0

#Transform 92
Transform: AffineTransform_float_3_3
Parameters: 0.999999 -0.000728128 -0.00047628 0.000726872 0.999997 -0.00236435 0.000477719 0.00236365 0.999997 -0.024068 0.0738547 0.0310338
FixedParameters: 0 0 0

#Transform 93
Transform: AffineTransform_float_3_3
Parameters: 1 -0.000189111 -4.65531e-05 0.000188888 0.999997 -0.00236401 4.74467e-05 0.00236399 0.999997 -0.0590773 0.0964492 -0.0455865
FixedParameters: 0 0 0

#Transform 94
Transform: AffineTransform_float_3_3
Parameters: 0.999999 -0.000668508 -0.000427651 0.00066749 0.999993 -0.00351728 0.00043035 0.00351671 0.999993 -0.0219111 0.174969 -0.0825448
FixedParameters: 0 0 0

#Transform 95
Transform: AffineTransform_float_3_3
Parameters: 0.999999 -0.00110482 -0.000873446 0.00110218 0.999994 -0.00322197 0.000876556 0.00322104 0.999995 0.0308798 0.0953961 -0.0810265
FixedParameters: 0 0 0

#Transform 96
Transform: AffineTransform_float_3_3
Parameters: 0.999998 -0.00165356 -0.000330256 0.00165143 0.999987 -0.00468555 0.00033774 0.00468445 0.999989 0.00228449 0.106054 -0.12688
FixedParameters: 0 0 0

#Transform 97
Transform: AffineTransform_float_3_3
Parameters: 0.999998 -0.0020621 -0.000324918 0.0020599 0.999977 -0.00634768 0.000337082 0.00634732 0.99998 -0.0135639 0.139512 -0.226511
FixedParameters: 0 0 0

#Transform 98
Transform: AffineTransform_float_3_3
Parameters: 0.999996 -0.00277196 -0.000201614 0.00277004 0.999954 -0.0091616 0.000226388 0.00916141 0.999958 -0.0278867 0.252172 -0.281007
FixedParameters: 0 0 0

#Transform 99
Transform: AffineTransform_float_3_3
Parameters: 0.999997 -0.00240717 -0.000598706 0.00240183 0.999946 -0.0101055 0.000622303 0.0101045 0.999949 -0.0254006 0.304931 -0.301401
FixedParameters: 0 0 0

#Transform 100
Transform: AffineTransform_float_3_3
Parameters: 0.999997 -0.00240177 -7.03662e-05 0.00240123 0.999952 -0.00942519 9.26379e-05 0.0094258 0.999955 -0.0511086 0.3164 -0.275815
FixedParameters: 0 0 0

#Transform 101
Transform: AffineTransform_float_3_3
Parameters: 0.999997 -0.00240321 -0.000247398 0.00240179 0.999961 -0.00857662 0.000267609 0.00857639 0.999963 -0.0380544 0.298533 -0.227566
FixedParameters: 0 0 0

#Transform 102
Transform: AffineTransform_float_3_3
Parameters: 0.999997 -0.00220222 0.000218728 0.00220378 0.999962 -0.00850054 -0.000200272 0.00850146 0.999964 -0.0597899 0.340064 -0.266604
FixedParameters: 0 0 0

#Transform 103
Transform: AffineTransform_float_3_3
Parameters: 0.999997 -0.00234647 -0.00028535 0.00234453 0.999962 -0.00837869 0.000304652 0.00837731 0.999965 -0.0226897 0.351735 -0.276054
FixedParameters: 0 0 0

#Transform 104
Transform: AffineTransform_float_3_3
Parameters: 0.999997 -0.00219656 -0.000388775 0.00219343 0.999976 -0.00647987 0.000403221 0.00647913 0.999979 -0.0121052 0.260223 -0.237289
FixedParameters: 0 0 0

#Transform 105
Transform: AffineTransform_float_3_3
Parameters: 0.999999 -0.000966735 -0.00121768 0.000960269 0.999985 -0.00551918 0.00122232 0.00551783 0.999984 -0.0980018 0.186819 -0.203427
FixedParameters: 0 0 0

#Transform 106
Transform: AffineTransform_float_3_3
Parameters: 0.999998 -0.00141704 -0.00178565 0.00140896 0.999989 -0.00449553 0.00179235 0.00449347 0.999989 -0.110551 0.0972531 -0.168031
FixedParameters: 0 0 0

#Transform 107
Transform: AffineTransform_float_3_3
Parameters: 0.999997 -0.00159946 -0.00211488 0.00159054 0.999988 -0.00446938 0.00212213 0.00446562 0.999988 -0.0939443 0.123861 -0.169004
FixedParameters: 0 0 0

#Transform 108
Transform: AffineTransform_float_3_3
Parameters: 0.999996 -0.00141828 -0.00212985 0.00140972 0.999989 -0.00435302 0.00213615 0.00434998 0.999989 -0.0846269 0.118804 -0.12269
FixedParameters: 0 0 0

#Transform 109
Transform: AffineTransform_float_3_3
Parameters: 0.999996 -0.00141969 -0.00218308 0.0014093 0.999987 -0.00489309 0.00218992 0.00488991 0.999985 -0.0854492 0.189679 -0.124665
FixedParameters: 0 0 0

#Transform 110
Transform: AffineTransform_float_3_3
Parameters: 0.999998 -0.00141832 -0.00178664 0.00140969 0.999986 -0.00520553 0.00179336 0.00520247 0.999985 -0.110716 0.204755 -0.124453
FixedParameters: 0 0 0

#Transform 111
Transform: AffineTransform_float_3_3
Parameters: 0.999998 -0.00124919 -0.00171261 0.00123881 0.999981 -0.00594013 0.00171939 0.00593786 0.999981 -0.10134 0.278742 -0.168099
FixedParameters: 0 0 0

#Transform 112
Transform: AffineTransform_float_3_3
Parameters: 0.999998 -0.000740164 -0.00178983 0.000729834 0.999983 -0.00567332 0.00179417 0.00567168 0.999983 -0.0704888 0.272695 -0.193295
FixedParameters: 0 0 0

#Transform 113
Transform: AffineTransform_float_3_3
Parameters: 0.999998 -0.000595366 -0.00180759 0.000588632 0.999991 -0.00407307 0.00181041 0.00407193 0.99999 -0.07461 0.190902 -0.158679
FixedParameters: 0 0 0

#Transform 114
Transform: AffineTransform_float_3_3
Parameters: 0.999998 -0.000999949 -0.00181473 0.000993051 0.999994 -0.00327581 0.00181826 0.00327419 0.999993 -0.0521624 0.0887498 -0.0916547
FixedParameters: 0 0 0

#Transform 115
Transform: AffineTransform_float_3_3
Parameters: 0.999997 -0.00119472 -0.00175913 0.00118928 0.999994 -0.0032471 0.00176287 0.0032449 0.999993 -0.054093 0.0609096 -0.0914395
FixedParameters: 0 0 0

#Transform 116
Transform: AffineTransform_float_3_3
Parameters: 0.999998 -0.00119323 -0.00121988 0.00118877 0.999994 -0.00346146 0.00122412 0.00346055 0.999994 -0.0613317 0.100921 -0.108179
FixedParameters: 0 0 0

#Transform 117
Transform: AffineTransform_float_3_3
Parameters: 0.999998 -0.00148821 -0.00121486 0.00148379 0.999993 -0.00346181 0.00122014 0.00346019 0.999994 -0.0531537 0.07022 -0.090233
FixedParameters: 0 0 0

#Transform 118
Transform: AffineTransform_float_3_3
Parameters: 0.999998 -0.00181678 -0.00147893 0.00181122 0.999991 -0.00389869 0.00148607 0.00389631 0.999992 -0.0350375 0.133913 -0.0953956
FixedParameters: 0 0 0

#Transform 119
Transform: AffineTransform_float_3_3
Parameters: 0.999997 -0.00181607 -0.00121243 0.00181092 0.999989 -0.0041732 0.00122056 0.00417079 0.99999 -0.0592789 0.137953 -0.100076
FixedParameters: 0 0 0

#Transform 120
Transform: AffineTransform_float_3_3
Parameters: 0.999996 -0.00271576 -0.00134144 0.00270525 0.999964 -0.00795767 0.00136257 0.00795334 0.999968 -0.0494408 0.318104 -0.198787
FixedParameters: 0 0 0

#Transform 121
Transform: AffineTransform_float_3_3
Parameters: 0.999996 -0.00267149 -0.00151195 0.00265551 0.999945 -0.0101581 0.00153905 0.0101539 0.999948 -0.0107593 0.425582 -0.29139
FixedParameters: 0 0 0

#Transform 122
Transform: AffineTransform_float_3_3
Parameters: 0.999998 -0.00155609 -0.000721357 0.0015529 0.999989 -0.00427312 0.000728641 0.00427187 0.99999 -0.0602319 0.230715 -0.182889
FixedParameters: 0 0 0

#Transform 123
Transform: AffineTransform_float_3_3
Parameters: 0.999999 -0.000757877 -0.00023496 0.000760123 0.999957 0.00917082 0.000228038 -0.00917117 0.999958 -0.0871224 -0.302476 0.0118213
FixedParameters: 0 0 0

#Transform 124
Transform: AffineTransform_float_3_3
Parameters: 0.999999 -0.00049947 0.000728606 0.000486523 0.999855 0.0170164 -0.000737385 -0.0170156 0.999855 -0.136751 -0.593058 0.140707
FixedParameters: 0 0 0

#Transform 125
Transform: AffineTransform_float_3_3
Parameters: 1 -0.000401075 0.000540669 0.000390937 0.999828 0.0185082 -0.000547329 -0.0185078 0.999828 -0.125901 -0.63406 0.16702
FixedParameters: 0 0 0

#Transform 126
Transform: AffineTransform_float_3_3
Parameters: 1 -0.000239399 0.000426935 0.0002326 0.999851 0.0172471 -0.000431076 -0.0172469 0.999851 -0.112968 -0.586276 0.217944
FixedParameters: 0 0 0

#Transform 127
Transform: AffineTransform_float_3_3
Parameters: 1 0.000183369 0.000350009 -0.000189631 0.99987 0.0161579 -0.000346981 -0.0161581 0.99987 -0.11893 -0.488793 0.212932
FixedParameters: 0 0 0

#Transform 128
Transform: AffineTransform_float_3_3
Parameters: 1 0.000468496 -9.48916e-05 -0.000466502 0.999885 0.015196 0.000102101 -0.015196 0.999884 -0.0986034 -0.429865 0.211817
FixedParameters: 0 0 0

#Transform 129
Transform: AffineTransform_float_3_3
Parameters: 1 0.000366172 -8.38355e-06 -0.000366834 0.999883 0.015341 1.36292e-05 -0.015341 0.999883 -0.115518 -0.35976 0.130534
FixedParameters: 0 0 0

#Transform 130
Transform: AffineTransform_float_3_3
Parameters: 0.999999 0.00066867 -0.000231665 -0.000665324 0.999879 0.0154972 0.000242339 -0.0154968 0.99988 -0.102632 -0.330307 0.0769359
FixedParameters: 0 0 0

#Transform 131
Transform: AffineTransform_float_3_3
Parameters: 1 0.000517495 0.000230052 -0.000521504 0.999879 0.0155059 -0.00022194 -0.0155061 0.999879 -0.11429 -0.352405 0.0777709
FixedParameters: 0 0 0

#Transform 132
Transform: AffineTransform_float_3_3
Parameters: 1 0.000525036 -0.000400202 -0.000518967 0.999889 0.0149372 0.000407797 -0.0149368 0.999889 -0.0841155 -0.436243 0.131647
FixedParameters: 0 0 0

#Transform 133
Transform: AffineTransform_float_3_3
Parameters: 0.999999 0.000669742 -0.000329532 -0.000665265 0.999899 0.0141862 0.000338471 -0.0141858 0.9999 -0.0775255 -0.499642 0.200453
FixedParameters: 0 0 0

#Transform 134
Transform: AffineTransform_float_3_3
Parameters: 0.999999 0.000917366 -0.00120419 -0.000902636 0.999929 0.0118771 0.00121481 -0.0118759 0.999928 -0.0079981 -0.423969 0.208602
FixedParameters: 0 0 0

#Transform 135
Transform: AffineTransform_float_3_3
Parameters: 1 0.000809006 -0.000775717 -0.000799992 0.999933 0.0115396 0.000785284 -0.0115394 0.999933 -0.0232322 -0.427474 0.19679
FixedParameters: 0 0 0

#Transform 136
Transform: AffineTransform_float_3_3
Parameters: 0.999999 0.000838219 -0.0003747 -0.000833777 0.999938 0.0111223 0.000384297 -0.0111217 0.999938 -0.0554961 -0.405522 0.193195
FixedParameters: 0 0 0

#Transform 137
Transform: AffineTransform_float_3_3
Parameters: 1 0.000794869 -0.000675853 -0.000787129 0.999933 0.0115655 0.000685149 -0.0115645 0.999933 -0.0609887 -0.342994 0.14733
FixedParameters: 0 0 0

#Transform 138
Transform: AffineTransform_float_3_3
Parameters: 1 0.000822161 -0.000386266 -0.000817843 0.999943 0.0106503 0.000394733 -0.0106507 0.999943 -0.0750141 -0.299518 0.0748301
FixedParameters: 0 0 0

#Transform 139
Transform: AffineTransform_float_3_3
Parameters: 1 0.000964801 -0.000269159 -0.000961203 0.999948 0.0102153 0.000278833 -0.0102147 0.999948 -0.0812042 -0.258148 0.0352881
FixedParameters: 0 0 0

#Transform 140
Transform: AffineTransform_float_3_3
Parameters: 0.999999 0.000976911 -0.000849864 -0.000968087 0.999945 0.0104238 0.000860137 -0.0104222 0.999946 -0.0533509 -0.339965 0.101144
FixedParameters: 0 0 0

#Transform 141
Transform: AffineTransform_float_3_3
Parameters: 0.999999 0.00138996 -0.00063395 -0.00138304 0.99994 0.0108549 0.00064905 -0.0108541 0.999941 -0.0654865 -0.404435 0.141855
FixedParameters: 0 0 0

#Transform 142
Transform: AffineTransform_float_3_3
Parameters: 0.999998 0.00146848 -0.000650364 -0.00146052 0.999935 0.011358 0.000666631 -0.011357 0.999936 -0.0822724 -0.429951 0.165275
FixedParameters: 0 0 0

#Transform 143
Transform: AffineTransform_float_3_3
Parameters: 0.999999 0.00138929 -0.000526702 -0.00138272 0.99993 0.0117577 0.000542295 -0.0117573 0.99993 -0.0971045 -0.441452 0.199594
FixedParameters: 0 0 0

#Transform 144
Transform: AffineTransform_float_3_3
Parameters: 0.999999 0.00155258 -0.000125755 -0.00155141 0.999929 0.0117572 0.00014425 -0.0117568 0.999931 -0.102031 -0.406536 0.203036
FixedParameters: 0 0 0

#Transform 145
Transform: AffineTransform_float_3_3
Parameters: 0.999999 0.0013895 -0.000526153 -0.00138251 0.999925 0.0121527 0.000542841 -0.0121523 0.999926 -0.0707128 -0.445865 0.187091
FixedParameters: 0 0 0

#Transform 146
Transform: AffineTransform_float_3_3
Parameters: 0.999999 0.00138476 -0.000145117 -0.00138224 0.999933 0.0114772 0.000160875 -0.0114768 0.999934 -0.0889077 -0.34847 0.136142
FixedParameters: 0 0 0

#Transform 147
Transform: AffineTransform_float_3_3
Parameters: 0.999999 0.00138607 -0.000267577 -0.00138293 0.999937 0.0111394 0.000283422 -0.0111386 0.999938 -0.0829723 -0.319252 0.0677096
FixedParameters: 0 0 0

#Transform 148
Transform: AffineTransform_float_3_3
Parameters: 0.999999 0.00148222 7.93032e-05 -0.00148278 0.999939 0.0109959 -6.2699e-05 -0.0109961 0.999939 -0.0884355 -0.326048 0.0433725
FixedParameters: 0 0 0

#Transform 149
Transform: AffineTransform_float_3_3
Parameters: 0.999999 0.00149978 -0.000147979 -0.00149822 0.999935 0.0113552 0.000165024 -0.0113558 0.999935 -0.0701994 -0.38716 0.107864
FixedParameters: 0 0 0

#Transform 150
Transform: AffineTransform_float_3_3
Parameters: 0.999999 0.00135861 4.28386e-05 -0.00135839 0.999939 0.0109199 -2.81681e-05 -0.01092 0.999941 -0.103766 -0.422939 0.121685
FixedParameters: 0 0 0

#Transform 151
Transform: AffineTransform_float_3_3
Parameters: 0.999999 0.001492 9.69477e-05 -0.00149201 0.999935 0.0113549 -8.00633e-05 -0.0113551 0.999935 -0.0969705 -0.430727 0.141111
FixedParameters: 0 0 0

#Transform 152
Transform: AffineTransform_float_3_3
Parameters: 0.999999 0.00121969 0.000292169 -0.00122231 0.999932 0.0116006 -0.00027784 -0.0116003 0.999932 -0.112084 -0.449466 0.184674
FixedParameters: 0 0 0

#Transform 153
Transform: AffineTransform_float_3_3
Parameters: 0.999998 0.00159768 -5.08615e-05 -0.00159732 0.999934 0.0113551 6.91435e-05 -0.0113559 0.999935 -0.100021 -0.372482 0.138078
FixedParameters: 0 0 0

#Transform 154
Transform: AffineTransform_float_3_3
Parameters: 1 0.00110624 7.43801e-05 -0.00110776 0.999937 0.0111869 -6.16114e-05 -0.0111871 0.999938 -0.0992023 -0.33157 0.0967867
FixedParameters: 0 0 0

#Transform 155
Transform: AffineTransform_float_3_3
Parameters: 0.999999 0.00117734 0.000344757 -0.00118066 0.999941 0.0108176 -0.000332247 -0.0108184 0.999942 -0.113309 -0.291247 0.0262537
FixedParameters: 0 0 0

#Transform 156
Transform: AffineTransform_float_3_3
Parameters: 0.999999 0.00126805 -0.000266881 -0.00126495 0.999937 0.0111473 0.000281119 -0.0111477 0.999938 -0.0816531 -0.306846 0.0303061
FixedParameters: 0 0 0

#Transform 157
Transform: AffineTransform_float_3_3
Parameters: 1 0.00112614 -6.63987e-06 -0.00112587 0.999939 0.010976 1.83586e-05 -0.010976 0.99994 -0.0991816 -0.402382 0.0913982
FixedParameters: 0 0 0

#Transform 158
Transform: AffineTransform_float_3_3
Parameters: 1 0.00114825 -0.000188791 -0.00114675 0.999933 0.0115142 0.000202218 -0.0115148 0.999933 -0.0974541 -0.415005 0.110082
FixedParameters: 0 0 0

#Transform 159
Transform: AffineTransform_float_3_3
Parameters: 0.999999 0.00119947 -0.000283702 -0.00119554 0.999928 0.0119373 0.000297293 -0.0119376 0.999928 -0.0839131 -0.477764 0.163602
FixedParameters: 0 0 0

#Transform 160
Transform: AffineTransform_float_3_3
Parameters: 0.999998 0.00160037 -0.000279329 -0.00159663 0.99993 0.0116785 0.000297665 -0.0116775 0.999932 -0.0901965 -0.411941 0.145067
FixedParameters: 0 0 0

#Transform 161
Transform: AffineTransform_float_3_3
Parameters: 0.999999 0.00138635 -0.00028199 -0.00138365 0.999932 0.0115624 0.000298017 -0.0115616 0.999933 -0.0779148 -0.398377 0.154483
FixedParameters: 0 0 0

#Transform 162
Transform: AffineTransform_float_3_3
Parameters: 0.999999 0.00148961 0.000225426 -0.00149239 0.999938 0.0110177 -0.000208569 -0.0110183 0.99994 -0.104731 -0.332896 0.0923239
FixedParameters: 0 0 0

#Transform 163
Transform: AffineTransform_float_3_3
Parameters: 0.999999 0.00136114 -0.000283334 -0.00135787 0.999941 0.0107874 0.000297666 -0.0107876 0.999942 -0.0879188 -0.292912 0.0542173
FixedParameters: 0 0 0

#Transform 164
Transform: AffineTransform_float_3_3
Parameters: 0.999999 0.00146643 -3.23301e-05 -0.00146557 0.999942 0.0106871 4.76653e-05 -0.0106869 0.999943 -0.105794 -0.317222 0.0665304
FixedParameters: 0 0 0

#Transform 165
Transform: AffineTransform_float_3_3
Parameters: 0.999999 0.00130407 -0.000478388 -0.00129893 0.999944 0.0104586 0.000491611 -0.0104574 0.999945 -0.0795485 -0.344224 0.082053
FixedParameters: 0 0 0

#Transform 166
Transform: AffineTransform_float_3_3
Parameters: 0.999999 0.00108134 -0.000704862 -0.00107366 0.999946 0.0103358 0.000716134 -0.0103342 0.999947 -0.0574729 -0.400691 0.122055
FixedParameters: 0 0 0

#Transform 167
Transform: AffineTransform_float_3_3
Parameters: 1 0.00112773 -0.000166661 -0.00112626 0.999948 0.0100622 0.000178341 -0.0100618 0.99995 -0.0872874 -0.396047 0.13424
FixedParameters: 0 0 0

#Transform 168
Transform: AffineTransform_float_3_3
Parameters: 1 0.00105548 -0.000424008 -0.00105052 0.999945 0.0104365 0.000434988 -0.0104366 0.999946 -0.076624 -0.411037 0.178678
FixedParameters: 0 0 0

#Transform 169
Transform: AffineTransform_float_3_3
Parameters: 0.999999 0.000832914 -9.09932e-05 -0.000832086 0.999954 0.00961808 9.90075e-05 -0.00961792 0.999953 -0.0805121 -0.336894 0.209317
FixedParameters: 0 0 0

#Transform 170
Transform: AffineTransform_float_3_3
Parameters: 1 0.000658853 -9.31569e-05 -0.000658149 0.999961 0.00887406 9.88442e-05 -0.00887394 0.99996 -0.0696318 -0.240719 0.214775
FixedParameters: 0 0 0

#Transform 171
Transform: AffineTransform_float_3_3
Parameters: 0.999999 0.000884378 -0.000342399 -0.000880616 0.999952 0.00974431 0.000351597 -0.0097437 0.999953 -0.0749364 -0.343787 0.173695
FixedParameters: 0 0 0

#Transform 172
Transform: AffineTransform_float_3_3
Parameters: 0.999999 0.000943777 2.86396e-05 -0.000944225 0.999957 0.00915297 -2.03583e-05 -0.00915302 0.999958 -0.0914737 -0.24677 0.188388
FixedParameters: 0 0 0

#Transform 173
Transform: AffineTransform_float_3_3
Parameters: 1 0.000984686 -0.000486633 -0.000980312 0.999954 0.00953549 0.000496371 -0.00953552 0.999955 -0.0691851 -0.247177 0.133643
FixedParameters: 0 0 0

#Transform 174
Transform: AffineTransform_float_3_3
Parameters: 1 0.00118738 -3.49482e-05 -0.00118662 0.999956 0.00930904 4.60482e-05 -0.00930895 0.999956 -0.0939524 -0.252724 0.116488
FixedParameters: 0 0 0

#Transform 175
Transform: AffineTransform_float_3_3
Parameters: 1 0.00118947 -0.000258908 -0.00118653 0.999955 0.00933532 0.000270088 -0.00933469 0.999957 -0.0784846 -0.318061 0.121984
FixedParameters: 0 0 0

#Transform 176
Transform: AffineTransform_float_3_3
Parameters: 0.999999 0.00119049 -0.000354472 -0.00118651 0.999953 0.00969743 0.000365524 -0.00969757 0.999953 -0.0766587 -0.383748 0.145912
FixedParameters: 0 0 0

#Transform 177
Transform: AffineTransform_float_3_3
Parameters: 0.999999 0.00118992 -0.00029757 -0.00118708 0.999953 0.00961736 0.000309431 -0.00961764 0.999953 -0.0834518 -0.351792 0.168297
FixedParameters: 0 0 0

#Transform 178
Transform: AffineTransform_float_3_3
Parameters: 1 0.000907986 -0.000603083 -0.000902015 0.999951 0.00985355 0.000611917 -0.00985245 0.999952 -0.0668424 -0.364298 0.162268
FixedParameters: 0 0 0

#Transform 179
Transform: AffineTransform_float_3_3
Parameters: 1 0.00118609 9.51707e-05 -0.00118691 0.999946 0.0102569 -8.28302e-05 -0.0102571 0.999948 -0.0982652 -0.343942 0.189567
FixedParameters: 0 0 0

#Transform 180
Transform: AffineTransform_float_3_3
Parameters: 1 0.00118969 -0.000255811 -0.00118731 0.999946 0.0102573 0.000268192 -0.0102567 0.999948 -0.0796295 -0.327897 0.195388
FixedParameters: 0 0 0

#Transform 181
Transform: AffineTransform_float_3_3
Parameters: 1 0.0011869 1.61749e-05 -0.0011871 0.999946 0.010257 -3.82409e-06 -0.010257 0.999948 -0.0997392 -0.308384 0.219203
FixedParameters: 0 0 0

#Transform 182
Transform: AffineTransform_float_3_3
Parameters: 1 0.00118691 1.5249e-05 -0.00118709 0.999955 0.00947699 -3.75011e-06 -0.00947702 0.999955 -0.100689 -0.229758 0.173919
FixedParameters: 0 0 0

#Transform 183
Transform: AffineTransform_float_3_3
Parameters: 1 0.0011868 2.7169e-05 -0.00118721 0.999955 0.00940997 -1.68291e-05 -0.00941002 0.999955 -0.100979 -0.257369 0.14245
FixedParameters: 0 0 0

#Transform 184
Transform: AffineTransform_float_3_3
Parameters: 1 0.00109605 0.00011085 -0.00109695 0.999959 0.00898288 -0.00010115 -0.00898311 0.999959 -0.104108 -0.212378 0.120557
FixedParameters: 0 0 0

#Transform 185
Transform: AffineTransform_float_3_3
Parameters: 1 0.000928782 -0.000500221 -0.00092422 0.999954 0.00947646 0.000508782 -0.00947653 0.999955 -0.0655925 -0.303549 0.140243
FixedParameters: 0 0 0

#Transform 186
Transform: AffineTransform_float_3_3
Parameters: 1 0.00105205 7.336e-08 -0.00105195 0.999953 0.009575 1.00729e-05 -0.00957499 0.999954 -0.0896926 -0.371691 0.170987
FixedParameters: 0 0 0

#Transform 187
Transform: AffineTransform_float_3_3
Parameters: 1 0.000918744 -0.000175087 -0.000917258 0.999953 0.00971017 0.000183915 -0.00970984 0.999953 -0.0667166 -0.381693 0.179112
FixedParameters: 0 0 0

#Transform 188
Transform: AffineTransform_float_3_3
Parameters: 0.999999 0.00119202 -0.000479716 -0.00118698 0.999946 0.0103266 0.000492284 -0.0103264 0.999946 -0.0531537 -0.41907 0.187632
FixedParameters: 0 0 0

#Transform 189
Transform: AffineTransform_float_3_3
Parameters: 1 0.00118739 -3.30589e-05 -0.00118661 0.999948 0.010058 4.49372e-05 -0.010058 0.99995 -0.0746355 -0.350971 0.220612
FixedParameters: 0 0 0

#Transform 190
Transform: AffineTransform_float_3_3
Parameters: 0.999999 0.00102253 -0.000976091 -0.00101248 0.999942 0.010724 0.000986914 -0.010723 0.999942 -0.0284202 -0.343212 0.197524
FixedParameters: 0 0 0

#Transform 191
