# transform file /out/sourcedata/freesurfer/sub-v2s11x28731_ses-1/mri/transforms/cc_up.lta
# created by oesteban on Wed Mar 11 00:39:40 2026

type      = 0 # LINEAR_VOX_TO_VOX
nxforms   = 1
mean      = 162.0000 162.0000 156.0000
sigma     = 10000.0000
1 4 4
9.994676113128662e-01 -2.468450553715229e-02 2.133472450077534e-02 -3.281775283813477e+01 
2.467888407409191e-02 9.996953010559082e-01 5.267976084724069e-04 -2.401602363586426e+01 
-2.134122699499130e-02 0.000000000000000e+00 9.997722506523132e-01 -4.519101142883301e+00 
0.000000000000000e+00 0.000000000000000e+00 0.000000000000000e+00 1.000000000000000e+00 
src volume info
valid = 1  # volume info valid
filename = /out/sourcedata/freesurfer/sub-v2s11x28731_ses-1/mri/norm.mgz
volume = 320 320 320
voxelsize = 7.999999523162842e-01 7.999999523162842e-01 7.999999523162842e-01
xras   = -9.999999403953552e-01 0.000000000000000e+00 0.000000000000000e+00
yras   = 0.000000000000000e+00 0.000000000000000e+00 -9.999999403953552e-01
zras   = 0.000000000000000e+00 9.999999403953552e-01 0.000000000000000e+00
cras   = 2.711547851562500e+00 -2.118443298339844e+01 2.191666412353516e+01
dst volume info
valid = 1  # volume info valid
filename = /out/sourcedata/freesurfer/sub-v2s11x28731_ses-1/mri/norm.mgz
volume = 320 320 320
voxelsize = 7.999999523162842e-01 7.999999523162842e-01 7.999999523162842e-01
xras   = -9.999999403953552e-01 0.000000000000000e+00 0.000000000000000e+00
yras   = 0.000000000000000e+00 0.000000000000000e+00 -9.999999403953552e-01
zras   = 0.000000000000000e+00 9.999999403953552e-01 0.000000000000000e+00
cras   = 2.711547851562500e+00 -2.118443298339844e+01 2.191666412353516e+01
