# transform file transforms/talairach.lta
# created by oesteban on Tue Mar 10 22:24:28 2026

type      = 0 # LINEAR_VOX_TO_VOX
nxforms   = 1
mean      = 162.0000 165.0000 156.0000
sigma     = 10000.0000
1 4 4
7.824938297271729e-01 -1.691868714988232e-02 2.976608648896217e-02 -4.214718341827393e+00 
7.094316184520721e-03 9.569618701934814e-01 1.370891630649567e-01 -6.191142654418945e+01 
-3.227679803967476e-02 -1.654070168733597e-01 8.614013791084290e-01 7.281483650207520e+00 
0.000000000000000e+00 0.000000000000000e+00 0.000000000000000e+00 1.000000000000000e+00 
src volume info
valid = 1  # volume info valid
filename = nu.mgz
volume = 320 320 320
voxelsize = 7.999999523162842e-01 7.999999523162842e-01 7.999999523162842e-01
xras   = -9.999999403953552e-01 0.000000000000000e+00 0.000000000000000e+00
yras   = 0.000000000000000e+00 0.000000000000000e+00 -9.999999403953552e-01
zras   = 0.000000000000000e+00 9.999999403953552e-01 0.000000000000000e+00
cras   = 2.711547851562500e+00 -2.118443298339844e+01 2.191666412353516e+01
dst volume info
valid = 1  # volume info valid
filename = /opt/freesurfer/average/RB_all_2020-01-02.gca
volume = 256 256 256
voxelsize = 1.000000000000000e+00 1.000000000000000e+00 1.000000000000000e+00
xras   = -1.000000000000000e+00 0.000000000000000e+00 0.000000000000000e+00
yras   = 0.000000000000000e+00 0.000000000000000e+00 -1.000000000000000e+00
zras   = 0.000000000000000e+00 1.000000000000000e+00 0.000000000000000e+00
cras   = 0.000000000000000e+00 0.000000000000000e+00 0.000000000000000e+00
