#Insight Transform File V1.0
#Transform 0
Transform: AffineTransform_float_3_3
Parameters: 1 0.000559997 -0.00014201 -0.000560002 1 -1.79205e-05 0.00014199 1.80795e-05 1 -0.0314989 0.00770113 0.103846
FixedParameters: 0 0 0

#Transform 1
Transform: AffineTransform_float_3_3
Parameters: 1 -0.000469943 -0.000398068 0.000470057 1 0.000143813 0.000397932 -0.000144187 1 -0.00218617 -0.0164753 0.089624
FixedParameters: 0 0 0

#Transform 2
Transform: AffineTransform_float_3_3
Parameters: 1 0.000465984 5.01519e-05 -0.000466016 1 0.000325977 -4.98481e-05 -0.000326023 1 -0.0398167 0.00656701 0.0752069
FixedParameters: 0 0 0

#Transform 3
Transform: AffineTransform_float_3_3
Parameters: 1 -0.000421921 -0.000199167 0.000422079 1 0.000395916 0.000198833 -0.000396084 1 -0.00774297 -0.00886592 0.0426838
FixedParameters: 0 0 0

#Transform 4
Transform: AffineTransform_float_3_3
Parameters: 1 -0.000395862 -0.000199275 0.000395138 0.999999 0.000693921 0.000198726 -0.000694078 0.999999 -0.0125358 0.0118944 0.0320458
FixedParameters: 0 0 0

#Transform 5
Transform: AffineTransform_float_3_3
Parameters: 1 -0.00056409 -0.000198743 0.000563909 0.999999 -0.000455112 0.000199257 0.000455888 1 -0.00279995 0.00622398 -0.00937631
FixedParameters: 0 0 0

#Transform 6
Transform: AffineTransform_float_3_3
Parameters: 1 0.000491005 3.19288e-05 -0.000490995 1 -0.000145016 -3.20712e-05 0.000144984 1 -0.0383279 0.0233388 0.041816
FixedParameters: 0 0 0

#Transform 7
Transform: AffineTransform_float_3_3
Parameters: 1 0.000472745 -0.000199606 -0.000473256 0.999999 -0.00128091 0.000199394 0.00128109 0.999999 -0.037217 0.0195105 0.0193053
FixedParameters: 0 0 0

#Transform 8
Transform: AffineTransform_float_3_3
Parameters: 1 4.89443e-05 -0.000199014 -4.90557e-05 1 -0.00027999 0.000198986 0.00028001 1 -0.026146 -0.0227928 0.0648703
FixedParameters: 0 0 0

#Transform 9
Transform: AffineTransform_float_3_3
Parameters: 1 -0.00035728 -0.000198497 0.000357721 0.999999 -0.00140707 0.000198503 0.00140693 0.999999 -0.00922497 -0.0139555 -0.00462645
FixedParameters: 0 0 0

#Transform 10
Transform: AffineTransform_float_3_3
Parameters: 1 -0.000357245 -0.00019856 0.000356754 0.999999 -0.00123307 0.00019944 0.00123293 0.999999 -0.00602259 -0.036211 -0.0118702
FixedParameters: 0 0 0

#Transform 11
Transform: AffineTransform_float_3_3
Parameters: 1 -0.000357285 -0.000198489 0.000357716 0.999999 -0.00143207 0.000198512 0.00143193 0.999999 -0.00974046 -0.0137148 -0.0378089
FixedParameters: 0 0 0

#Transform 12
Transform: AffineTransform_float_3_3
Parameters: 1 0.00048894 0.00011625 -0.000489059 0.999999 0.000511943 -0.00011575 -0.000512056 1 -0.0350602 0.0110146 0.00908965
FixedParameters: 0 0 0

#Transform 13
Transform: AffineTransform_float_3_3
Parameters: 1 -0.000578876 -0.000199361 0.000579124 0.999999 0.000622884 0.000198639 -0.000623115 1 -0.00196475 0.0330992 0.0164371
FixedParameters: 0 0 0

#Transform 14
Transform: AffineTransform_float_3_3
Parameters: 1 4.79158e-05 -0.000573007 -4.80842e-05 1 -0.000146972 0.000572993 0.000147027 1 -0.0222793 0.0511377 0.0160398
FixedParameters: 0 0 0

#Transform 15
Transform: AffineTransform_float_3_3
Parameters: 1 0.000509621 0.000317004 -0.000509379 0.999998 -0.00195516 -0.000317996 0.00195484 0.999998 -0.0409568 0.043611 -0.0194817
FixedParameters: 0 0 0

#Transform 16
Transform: AffineTransform_float_3_3
Parameters: 1 0.000485365 0.000263328 -0.000484634 0.999999 -0.00138513 -0.000264671 0.00138487 0.999999 -0.0424493 0.036066 0.0122322
FixedParameters: 0 0 0

#Transform 17
Transform: AffineTransform_float_3_3
Parameters: 1 0.000387002 3.80418e-06 -0.000386998 1 -0.000506001 -4.19582e-06 0.000505998 1 -0.0351527 -0.0237514 0.0494959
FixedParameters: 0 0 0

#Transform 18
Transform: AffineTransform_float_3_3
Parameters: 1 -0.000284916 -0.000352068 0.000284084 1 0.0002389 0.000351932 -0.0002391 1 -0.0141347 -0.0218596 0.0559258
FixedParameters: 0 0 0

#Transform 19
Transform: AffineTransform_float_3_3
Parameters: 1 -0.000222875 -0.000352079 0.000223125 1 0.000353921 0.000351921 -0.000354078 1 -0.0129585 -0.0456861 0.0320154
FixedParameters: 0 0 0

#Transform 20
Transform: AffineTransform_float_3_3
Parameters: 1 -0.000472816 -0.000352247 0.000473183 1 0.000521833 0.000351753 -0.000522166 1 -0.00687658 -0.00580227 0.0175208
FixedParameters: 0 0 0

#Transform 21
Transform: AffineTransform_float_3_3
Parameters: 1 -0.000222739 -0.000522111 0.00022326 1 0.000498883 0.000521888 -0.000499116 0.999999 -0.0169158 -0.0476658 0.0329732
FixedParameters: 0 0 0

#Transform 22
Transform: AffineTransform_float_3_3
Parameters: 1 -0.000223071 -0.000351955 0.000222929 1 -0.000202078 0.000352045 0.000201921 1 -0.014795 0.000717814 0.0209137
FixedParameters: 0 0 0

#Transform 23
Transform: AffineTransform_float_3_3
Parameters: 1 0.000455981 -2.73196e-05 -0.000456019 0.999999 -0.000700987 2.66803e-05 0.000701012 1 -0.0332487 0.0732598 0.00556219
FixedParameters: 0 0 0

#Transform 24
Transform: AffineTransform_float_3_3
Parameters: 1 0.000559971 -6.32559e-05 -0.000560029 0.999999 -0.000456964 6.3744e-05 0.000457036 1 -0.0337171 0.0511038 0.053523
FixedParameters: 0 0 0

#Transform 25
Transform: AffineTransform_float_3_3
Parameters: 1 0.000364012 6.99363e-05 -0.000363988 1 -0.000175025 -7.00637e-05 0.000174974 1 -0.0415548 0.0175068 0.0794863
FixedParameters: 0 0 0

#Transform 26
Transform: AffineTransform_float_3_3
Parameters: 1 -0.000287911 -0.000178145 0.000287089 1 0.000501949 0.000177856 -0.000502051 1 -0.0132691 -0.0424733 0.108048
FixedParameters: 0 0 0

#Transform 27
Transform: AffineTransform_float_3_3
Parameters: 1 -0.000399941 -0.000231102 0.000400059 1 0.000253908 0.000230898 -0.000254092 1 -0.0113154 -0.0232804 0.0728016
FixedParameters: 0 0 0

#Transform 28
Transform: AffineTransform_float_3_3
Parameters: 1 -0.000242725 -0.000286233 0.000243274 0.999999 0.00095993 0.000285767 -0.000960069 1 -0.0144172 -0.0539006 0.0539633
FixedParameters: 0 0 0

#Transform 29
Transform: AffineTransform_float_3_3
Parameters: 1 -0.000455759 -0.000237463 0.000456241 1 0.00101589 0.000236536 -0.00101611 0.999999 -0.00774997 0.00967462 0.0373928
FixedParameters: 0 0 0

#Transform 30
Transform: AffineTransform_float_3_3
Parameters: 1 0.000476923 0.000107341 -0.000477077 0.999999 0.000714948 -0.000107659 -0.000715051 0.999999 -0.0379473 0.00529534 0.0346602
FixedParameters: 0 0 0

#Transform 31
Transform: AffineTransform_float_3_3
Parameters: 1 0.000586977 -2.94455e-05 -0.000587021 0.999999 -0.000758982 2.85544e-05 0.000759016 0.999999 -0.0470098 -0.0294741 0.0242242
FixedParameters: 0 0 0

#Transform 32
Transform: AffineTransform_float_3_3
Parameters: 1 0.000392635 -0.000219654 -0.000392365 0.999998 -0.00166391 0.000219347 0.00166408 0.999998 -0.0519713 0.0299278 0.023068
FixedParameters: 0 0 0

#Transform 33
Transform: AffineTransform_float_3_3
Parameters: 1 0.000495007 -5.79356e-05 -0.000494992 1 0.000130029 5.80643e-05 -0.000129971 1 -0.0519238 0.0675641 0.105389
FixedParameters: 0 0 0

#Transform 34
Transform: AffineTransform_float_3_3
Parameters: 1 -0.000123098 -0.000215944 0.000122902 1 -0.000455026 0.000216056 0.000454973 1 -0.0299665 -0.00969465 0.0718903
FixedParameters: 0 0 0

#Transform 35
Transform: AffineTransform_float_3_3
Parameters: 1 -0.000578029 -0.000215922 0.000577971 1 -0.000134125 0.000216077 0.000133875 1 -0.00849616 0.00411306 0.0798936
FixedParameters: 0 0 0

#Transform 36
Transform: AffineTransform_float_3_3
Parameters: 1 -0.000578 -0.000216 0.000578 1 8.75152e-07 0.000215999 -1.12485e-06 1 -0.0108714 -0.0538706 0.0832726
FixedParameters: 0 0 0

#Transform 37
Transform: AffineTransform_float_3_3
Parameters: 1 -0.000578043 -0.000292914 0.000577956 1 -0.000148169 0.000293085 0.000147831 1 -0.015358 -0.0658792 0.0744223
FixedParameters: 0 0 0

#Transform 38
Transform: AffineTransform_float_3_3
Parameters: 1 -0.00048508 -0.000215821 0.00048492 1 -0.000369105 0.000216179 0.000368895 1 -0.0122647 -0.0652685 0.0530869
FixedParameters: 0 0 0

#Transform 39
Transform: AffineTransform_float_3_3
Parameters: 1 -0.000577991 -7.70688e-05 0.000578009 1 0.000118955 7.69312e-05 -0.000119044 1 -0.00843161 -0.021889 0.0457383
FixedParameters: 0 0 0

#Transform 40
Transform: AffineTransform_float_3_3
Parameters: 1 -0.000361976 -0.00021604 0.000362024 1 0.000109922 0.00021596 -0.000110078 1 -0.0169655 0.00975409 0.0354707
FixedParameters: 0 0 0

#Transform 41
Transform: AffineTransform_float_3_3
Parameters: 1 0.000418012 0.000227977 -0.000417988 1 -5.40953e-05 -0.000228023 5.39047e-05 1 -0.0435051 0.0300294 0.0395742
FixedParameters: 0 0 0

#Transform 42
Transform: AffineTransform_float_3_3
Parameters: 1 0.000566011 6.08924e-05 -0.000565988 1 -0.000190034 -6.11075e-05 0.000189965 1 -0.0393685 0.00536594 0.0567758
FixedParameters: 0 0 0

#Transform 43
Transform: AffineTransform_float_3_3
Parameters: 1 0.000488979 -0.000108093 -0.000489021 1 -0.000189947 0.000108907 0.000190053 1 -0.0383749 -0.00558297 0.0772283
FixedParameters: 0 0 0

#Transform 44
Transform: AffineTransform_float_3_3
Parameters: 1 -0.000577951 -0.000216132 0.000578049 1 0.000227875 0.000215868 -0.000228125 1 -0.00509188 -0.0126932 0.0958159
FixedParameters: 0 0 0

#Transform 45
Transform: AffineTransform_float_3_3
Parameters: 1 -0.000409933 -0.000216126 0.000410066 1 0.000307911 0.000215874 -0.000308088 1 -0.00901129 -0.0314239 0.0753625
FixedParameters: 0 0 0

#Transform 46
Transform: AffineTransform_float_3_3
Parameters: 1 -0.00057791 -0.000216241 0.00057809 0.999999 0.000416875 0.000215759 -0.000417125 1 -0.00257823 -0.013665 0.0676314
FixedParameters: 0 0 0

#Transform 47
Transform: AffineTransform_float_3_3
Parameters: 1 -0.000577929 -0.000126325 0.000578071 0.999999 0.000562927 0.000125675 -0.000563072 1 -0.00621205 0.00396753 0.0570384
FixedParameters: 0 0 0

#Transform 48
Transform: AffineTransform_float_3_3
Parameters: 1 -0.000577779 -0.000216591 0.000578222 1 0.00102288 0.000216409 -0.00102313 1 -0.00371957 -0.0170216 0.0457388
FixedParameters: 0 0 0

#Transform 49
Transform: AffineTransform_float_3_3
Parameters: 1 -0.000577941 -0.00013625 0.000578058 0.999999 0.000431921 0.000135751 -0.000431078 1 -0.00195102 0.0440313 0.0359841
FixedParameters: 0 0 0

#Transform 50
Transform: AffineTransform_float_3_3
Parameters: 1 -0.000337005 -4.99673e-05 0.000336995 1 -9.70168e-05 5.00327e-05 9.69831e-05 1 -0.00768238 0.0452735 0.00948449
FixedParameters: 0 0 0

#Transform 51
Transform: AffineTransform_float_3_3
Parameters: 1 0.000594942 -6.94985e-05 -0.000594058 1 -0.000837959 6.85022e-05 0.000838041 0.999999 -0.0396114 0.0622752 0.00194076
FixedParameters: 0 0 0

#Transform 52
Transform: AffineTransform_float_3_3
Parameters: 1 0.000408952 -0.000117168 -0.000408048 1 -0.000409952 0.000116833 0.000410048 1 -0.0313611 0.018724 0.0527788
FixedParameters: 0 0 0

#Transform 53
Transform: AffineTransform_float_3_3
Parameters: 1 0.000578002 -1.5922e-05 -0.000577998 1 0.000135009 1.5078e-05 -0.000134991 1 -0.0371454 -0.000408685 0.0504752
FixedParameters: 0 0 0

#Transform 54
Transform: AffineTransform_float_3_3
Parameters: 1 -0.000206308 -0.000457861 0.000206692 1 -0.000672094 0.000458139 0.000671905 0.999999 -0.00719767 -0.00188234 2.10976e-05
FixedParameters: 0 0 0

#Transform 55
Transform: AffineTransform_float_3_3
Parameters: 1 0.000457969 -4.13416e-05 -0.000458031 0.999999 -0.000745981 4.16583e-05 0.000746019 0.999999 -0.0309678 -0.0160397 -0.0421478
FixedParameters: 0 0 0

#Transform 56
Transform: AffineTransform_float_3_3
Parameters: 1 -0.000289191 -0.000567902 0.000288808 1 -0.000337164 0.000568097 0.000336836 1 -0.00571497 0.0213683 -0.0622775
FixedParameters: 0 0 0

#Transform 57
Transform: AffineTransform_float_3_3
Parameters: 1 -0.00039899 -0.000502007 0.000399009 1 1.87997e-05 0.000501992 -1.92003e-05 1 -0.00802807 -0.000386275 -0.0684986
FixedParameters: 0 0 0

#Transform 58
Transform: AffineTransform_float_3_3
Parameters: 1 -0.000149174 -0.000511949 0.000148826 1 -0.000340076 0.00051205 0.000339924 1 -0.0128405 0.0637955 -0.0625708
FixedParameters: 0 0 0

#Transform 59
Transform: AffineTransform_float_3_3
Parameters: 1 -4.49188e-06 -0.000567996 3.50811e-06 0.999999 -0.000866002 0.000568003 0.000865998 1 -0.018338 0.065685 -0.0447458
FixedParameters: 0 0 0

#Transform 60
Transform: AffineTransform_float_3_3
Parameters: 1 0.000151799 -0.000568053 -0.0001522 1 -0.000352913 0.000567946 0.000353086 1 -0.0318892 0.0820286 0.0206513
FixedParameters: 0 0 0

#Transform 61
Transform: AffineTransform_float_3_3
Parameters: 1 0.000150689 -0.000568082 -0.000151311 1 -0.000546914 0.000567917 0.000547085 0.999999 -0.032484 0.0628918 0.00135853
FixedParameters: 0 0 0

#Transform 62
Transform: AffineTransform_float_3_3
Parameters: 0.999999 3.89273e-05 -0.000908002 -3.90726e-05 1 -7.99645e-05 0.000907996 8.00353e-05 0.999999 -0.0269043 0.0320198 0.0243012
FixedParameters: 0 0 0

#Transform 63
Transform: AffineTransform_float_3_3
Parameters: 0.999999 3.93174e-05 -0.000876985 -3.86825e-05 1 0.000362034 0.000877013 -0.000361965 0.999999 -0.0366162 0.0320207 0.0262833
FixedParameters: 0 0 0

#Transform 64
Transform: AffineTransform_float_3_3
Parameters: 1 0.000602919 -0.000204239 -0.000603081 0.999999 -0.000396877 0.00020476 0.000397123 1 -0.0414824 0.0117935 -0.0823799
FixedParameters: 0 0 0

#Transform 65
Transform: AffineTransform_float_3_3
Parameters: 1 0.000415951 -0.000421048 -0.000416049 1 -0.000115825 0.000420952 0.000115175 1 -0.0422895 0.0352469 -0.0866305
FixedParameters: 0 0 0

#Transform 66
Transform: AffineTransform_float_3_3
Parameters: 1 0.000602899 -0.000176345 -0.0006031 0.999999 -0.000572893 0.000175654 0.000573106 1 -0.0364005 0.0172716 -0.122105
FixedParameters: 0 0 0

#Transform 67
Transform: AffineTransform_float_3_3
Parameters: 1 0.000603078 8.14222e-05 -0.000602921 1 -0.000958049 -8.25776e-05 0.00095795 0.999999 -0.0581084 0.0437002 -0.118096
FixedParameters: 0 0 0

#Transform 68
Transform: AffineTransform_float_3_3
Parameters: 1 0.000603077 9.14934e-05 -0.000602923 1 -0.000840055 -9.25064e-05 0.000839944 0.999999 -0.0658312 0.0502008 -0.0931849
FixedParameters: 0 0 0

#Transform 69
Transform: AffineTransform_float_3_3
Parameters: 1 0.00103685 -0.000316506 -0.00103716 1 -0.000487672 0.000316494 0.000488329 1 -0.0744455 0.00511062 -0.0427441
FixedParameters: 0 0 0

#Transform 70
Transform: AffineTransform_float_3_3
Parameters: 1 0.000602924 -0.000155294 -0.000603075 0.999999 -0.000487906 0.000154706 0.000488093 1 -0.0644947 0.00268414 -0.0269502
FixedParameters: 0 0 0

#Transform 71
Transform: AffineTransform_float_3_3
Parameters: 0.999999 0.000853003 -0.000287989 -0.000852996 0.999999 1.32457e-05 0.000288012 -1.37543e-05 1 -0.0701234 -0.00958949 -0.0347892
FixedParameters: 0 0 0

#Transform 72
Transform: AffineTransform_float_3_3
Parameters: 1 0.000603041 -0.000287913 -0.000602958 1 0.000144174 0.000288087 -0.000143826 1 -0.0637999 0.0282837 -0.0555403
FixedParameters: 0 0 0

#Transform 73
Transform: AffineTransform_float_3_3
Parameters: 0.999999 0.00100299 -0.000847652 -0.00100101 0.999997 0.00234385 0.000850348 -0.00234315 0.999997 -0.10053 -0.0202129 0.270556
FixedParameters: 0 0 0

#Transform 74
Transform: AffineTransform_float_3_3
Parameters: 1 0.000965246 -0.000742384 -0.000963754 0.999998 0.00167572 0.000744616 -0.00167528 0.999999 -0.0983558 0.0199009 0.260995
FixedParameters: 0 0 0

#Transform 75
Transform: AffineTransform_float_3_3
Parameters: 0.999999 0.00120003 -0.000706256 -0.00119897 0.999998 0.00145385 0.000707742 -0.00145215 0.999998 -0.0954475 0.104481 0.150118
FixedParameters: 0 0 0

#Transform 76
Transform: AffineTransform_float_3_3
Parameters: 0.999999 0.00127653 -0.000458518 -0.00127547 0.999998 0.00116159 0.000460481 -0.00116041 0.999999 -0.0981004 0.159416 -0.0100832
FixedParameters: 0 0 0

#Transform 77
Transform: AffineTransform_float_3_3
Parameters: 0.999999 0.00126303 -0.000251858 -0.00126297 0.999999 0.000112318 0.000252141 -0.000111682 1 -0.108716 0.114864 -0.108733
FixedParameters: 0 0 0

#Transform 78
Transform: AffineTransform_float_3_3
Parameters: 0.999999 0.00144708 -6.52374e-05 -0.00144692 0.999998 0.0012181 6.67623e-05 -0.00121791 1 -0.12123 0.0128166 -0.0336825
FixedParameters: 0 0 0

#Transform 79
Transform: AffineTransform_float_3_3
Parameters: 0.999998 0.00157946 -0.00051057 -0.00157854 0.999999 0.000905807 0.000512429 -0.000905192 0.999999 -0.114234 0.0382014 -0.0526464
FixedParameters: 0 0 0

#Transform 80
Transform: AffineTransform_float_3_3
Parameters: 0.999998 0.00194587 -0.000502655 -0.00194513 0.999996 0.00171998 0.000505346 -0.00171902 0.999999 -0.121636 0.00974545 0.0547916
FixedParameters: 0 0 0

#Transform 81
Transform: AffineTransform_float_3_3
Parameters: 0.999999 0.00171466 -0.000481656 -0.00171434 0.999997 0.00136783 0.000484345 -0.00136717 0.999999 -0.125536 0.0377276 0.123779
FixedParameters: 0 0 0

#Transform 82
Transform: AffineTransform_float_3_3
Parameters: 0.999998 0.00169913 -7.7283e-05 -0.00169887 0.999998 0.00159913 7.97164e-05 -0.00159887 0.999998 -0.121601 0.0679412 0.154796
FixedParameters: 0 0 0

#Transform 83
Transform: AffineTransform_float_3_3
Parameters: 0.999998 0.00162105 -7.90159e-05 -0.00162095 0.999998 0.000607128 7.99838e-05 -0.000606871 1 -0.106598 0.147192 0.0621715
FixedParameters: 0 0 0

#Transform 84
Transform: AffineTransform_float_3_3
Parameters: 0.999999 0.0013621 -0.000100684 -0.0013619 0.999998 0.000966137 0.000102316 -0.000965861 0.999999 -0.108181 0.142385 0.0679484
FixedParameters: 0 0 0

#Transform 85
Transform: AffineTransform_float_3_3
Parameters: 0.999999 0.00141083 0.000168422 -0.00141117 0.999999 0.00100776 -0.000166578 -0.00100824 1 -0.114736 0.0877115 0.143203
FixedParameters: 0 0 0

#Transform 86
Transform: AffineTransform_float_3_3
Parameters: 1 0.00113391 6.75796e-05 -0.00113409 0.999999 0.00139292 -6.64203e-05 -0.00139308 0.999999 -0.0990708 0.0625311 0.213129
FixedParameters: 0 0 0

#Transform 87
Transform: AffineTransform_float_3_3
Parameters: 0.999999 0.000962844 6.82359e-05 -0.000963157 0.999997 0.00232194 -6.67637e-05 -0.00232207 0.999998 -0.0982531 0.0406607 0.228926
FixedParameters: 0 0 0

#Transform 88
Transform: AffineTransform_float_3_3
Parameters: 0.999999 0.000798858 -0.00035809 -0.000798141 0.999997 0.00239229 0.00035991 -0.00239171 0.999997 -0.110005 0.0936664 0.240653
FixedParameters: 0 0 0

#Transform 89
Transform: AffineTransform_float_3_3
Parameters: 1 0.000571385 -0.000163662 -0.000570614 0.999997 0.00234309 0.000165337 -0.00234291 0.999997 -0.108392 0.0636282 0.315935
FixedParameters: 0 0 0

#Transform 90
Transform: AffineTransform_float_3_3
Parameters: 0.999999 0.000760349 -0.000208734 -0.000759651 0.999999 0.00166516 0.000210265 -0.00166484 0.999998 -0.125055 0.092659 0.27584
FixedParameters: 0 0 0

#Transform 91
Transform: AffineTransform_float_3_3
Parameters: 1 0.000963435 -0.00035382 -0.000962566 0.999999 0.00122534 0.00035518 -0.00122566 0.999999 -0.1198 0.131525 0.257495
FixedParameters: 0 0 0

#Transform 92
Transform: AffineTransform_float_3_3
Parameters: 0.999999 0.00128339 -0.000353576 -0.00128261 0.999998 0.00111045 0.000354425 -0.00111055 1 -0.133327 0.116013 0.249868
FixedParameters: 0 0 0

#Transform 93
Transform: AffineTransform_float_3_3
Parameters: 0.999999 0.000863434 -0.000353942 -0.000863565 0.999999 0.00122531 0.000355059 -0.00122569 0.999999 -0.121931 0.118836 0.280735
FixedParameters: 0 0 0

#Transform 94
Transform: AffineTransform_float_3_3
Parameters: 0.999999 0.000863666 -0.000353376 -0.000863334 0.999998 0.00188131 0.000354625 -0.00188169 0.999998 -0.109776 0.0725594 0.301959
FixedParameters: 0 0 0

#Transform 95
Transform: AffineTransform_float_3_3
Parameters: 0.999999 0.000863744 -0.000353186 -0.000863256 0.999998 0.00210131 0.000354814 -0.00210069 0.999997 -0.10977 0.071389 0.319513
FixedParameters: 0 0 0

#Transform 96
Transform: AffineTransform_float_3_3
Parameters: 0.999999 0.000844616 -0.00035353 -0.000844384 0.999998 0.0017413 0.00035447 -0.0017407 0.999998 -0.109284 0.0573999 0.308407
FixedParameters: 0 0 0

#Transform 97
Transform: AffineTransform_float_3_3
Parameters: 0.999999 0.000919545 -0.000243955 -0.000919455 0.999997 0.00222423 0.000246046 -0.00222478 0.999998 -0.12769 0.0703869 0.329215
FixedParameters: 0 0 0

#Transform 98
Transform: AffineTransform_float_3_3
Parameters: 1 0.00114417 -7.43869e-05 -0.00114383 0.999996 0.00228409 7.66127e-05 -0.00228391 0.999998 -0.130501 0.0686635 0.33701
FixedParameters: 0 0 0

#Transform 99
Transform: AffineTransform_float_3_3
Parameters: 0.999999 0.00151516 0.00034867 -0.00151584 0.999996 0.00242147 -0.000345329 -0.00242253 0.999997 -0.147438 0.084608 0.304825
FixedParameters: 0 0 0

#Transform 100
Transform: AffineTransform_float_3_3
Parameters: 0.999999 0.00143744 0.000574904 -0.00143856 0.999996 0.00271418 -0.000571097 -0.00271483 0.999996 -0.153268 0.114344 0.29758
FixedParameters: 0 0 0

#Transform 101
Transform: AffineTransform_float_3_3
Parameters: 0.999999 0.00146125 -9.7274e-05 -0.00146175 0.999995 0.00255014 0.000100728 -0.00254985 0.999996 -0.165128 0.0971932 0.326903
FixedParameters: 0 0 0

#Transform 102
Transform: AffineTransform_float_3_3
Parameters: 0.999998 0.00142592 -0.000822686 -0.00142408 0.999997 0.00232618 0.000826313 -0.00232483 0.999997 -0.162518 0.0824094 0.342532
FixedParameters: 0 0 0

#Transform 103
Transform: AffineTransform_float_3_3
Parameters: 0.999998 0.00156459 -0.000589804 -0.00156341 0.999995 0.00268393 0.000594198 -0.00268308 0.999996 -0.161629 0.0701535 0.333661
FixedParameters: 0 0 0

#Transform 104
Transform: AffineTransform_float_3_3
Parameters: 0.999998 0.00149753 -0.000519615 -0.00149547 0.999995 0.00292978 0.000524383 -0.00292922 0.999995 -0.16038 0.0458882 0.33243
FixedParameters: 0 0 0

#Transform 105
Transform: AffineTransform_float_3_3
Parameters: 0.999999 0.00130228 -0.000347221 -0.00130071 0.999993 0.00367146 0.000352778 -0.00367155 0.999993 -0.152804 0.0310955 0.343991
FixedParameters: 0 0 0

#Transform 106
Transform: AffineTransform_float_3_3
Parameters: 1 0.00114939 -9.23158e-05 -0.00114862 0.999991 0.00407611 9.66825e-05 -0.00407589 0.999991 -0.149913 0.011274 0.333396
FixedParameters: 0 0 0

#Transform 107
Transform: AffineTransform_float_3_3
Parameters: 1 0.000982279 -0.000409948 -0.000980721 0.999994 0.0031094 0.000413051 -0.0031086 0.999995 -0.128612 0.0214059 0.370075
FixedParameters: 0 0 0

#Transform 108
Transform: AffineTransform_float_3_3
Parameters: 0.999999 -0.000342915 -0.000647108 0.000345084 0.999994 0.00322378 0.00064589 -0.00322422 0.999994 0.107896 0.00941684 0.391644
FixedParameters: 0 0 0

#Transform 109
Transform: AffineTransform_float_3_3
Parameters: 1 -0.000576252 -0.000252713 0.000577749 0.999996 0.00297085 0.000251285 -0.00297015 0.999995 0.140773 0.0237862 0.360736
FixedParameters: 0 0 0

#Transform 110
Transform: AffineTransform_float_3_3
Parameters: 1 0.0005952 -8.46075e-05 -0.000594802 0.999997 0.00234005 8.53921e-05 -0.00233995 0.999998 -0.0104492 0.0695128 0.327526
FixedParameters: 0 0 0

#Transform 111
Transform: AffineTransform_float_3_3
Parameters: 0.999999 0.00102893 4.56288e-05 -0.00102907 0.999998 0.00158295 -4.3371e-05 -0.00158305 0.999998 -0.0670257 0.0906975 0.267564
FixedParameters: 0 0 0

#Transform 112
Transform: AffineTransform_float_3_3
Parameters: 0.999999 0.00079721 -0.000165993 -0.000796789 0.999999 0.00126313 0.000167006 -0.00126287 0.999999 -0.0888126 0.0577107 0.286162
FixedParameters: 0 0 0

#Transform 113
Transform: AffineTransform_float_3_3
Parameters: 0.999999 0.000827292 -0.00022493 -0.000826708 0.999999 0.00129419 0.000226071 -0.00129481 0.999999 -0.0872271 0.0370322 0.30526
FixedParameters: 0 0 0

#Transform 114
Transform: AffineTransform_float_3_3
Parameters: 0.999999 0.000734319 -0.000205864 -0.00073368 0.999998 0.00154715 0.000207135 -0.00154685 0.999999 -0.0723466 -0.00127641 0.337442
FixedParameters: 0 0 0

#Transform 115
Transform: AffineTransform_float_3_3
Parameters: 1 0.000248696 0.000196385 -0.000248303 0.999999 0.00154695 -0.000195616 -0.00154705 0.999999 -0.0623519 -0.0421123 0.389849
FixedParameters: 0 0 0

#Transform 116
Transform: AffineTransform_float_3_3
Parameters: 1 -0.000338632 0.000408476 0.000338367 0.999998 0.00154714 -0.000409524 -0.00154686 0.999998 0.0475686 -0.0222376 0.399608
FixedParameters: 0 0 0

#Transform 117
Transform: AffineTransform_float_3_3
Parameters: 1 -0.000291303 0.00019555 0.000290698 0.999999 0.00154706 -0.00019545 -0.00154694 0.999999 0.00367673 -0.0145111 0.405437
FixedParameters: 0 0 0

#Transform 118
Transform: AffineTransform_float_3_3
Parameters: 1 -0.0003315 0.000380565 0.0003315 0.999999 0.00131213 -0.000381435 -0.00131187 0.999999 0.0104917 0.0493415 0.433666
FixedParameters: 0 0 0

#Transform 119
Transform: AffineTransform_float_3_3
Parameters: 1 -6.95205e-05 0.000610941 6.94794e-05 0.999999 0.000852043 -0.00061106 -0.000851958 1 -0.00471215 0.0478066 0.412035
FixedParameters: 0 0 0

#Transform 120
Transform: AffineTransform_float_3_3
Parameters: 0.999999 0.000432594 0.000671261 -0.000433405 0.999999 0.000603709 -0.000671738 -0.00060429 0.999999 -0.0282103 0.0803167 0.395975
FixedParameters: 0 0 0

#Transform 121
Transform: AffineTransform_float_3_3
Parameters: 1 0.000432975 0.000196056 -0.000433025 1 0.000128915 -0.000195944 -0.000129085 1 -0.0351023 0.0644177 0.378494
FixedParameters: 0 0 0

#Transform 122
Transform: AffineTransform_float_3_3
Parameters: 1 0.000432901 0.000196219 -0.000433099 1 0.000505915 -0.000195781 -0.000506085 1 -0.0432927 0.0118241 0.400633
FixedParameters: 0 0 0

#Transform 123
Transform: AffineTransform_float_3_3
Parameters: 1 0.00043282 0.000196397 -0.00043318 1 0.000917915 -0.000195602 -0.000918085 0.999999 -0.0471586 -0.0146274 0.413799
FixedParameters: 0 0 0

#Transform 124
Transform: AffineTransform_float_3_3
Parameters: 1 -2.18581e-05 -0.000126025 2.21419e-05 1 0.001126 0.000125975 -0.001126 1 -0.0335586 -0.0532187 0.397989
FixedParameters: 0 0 0

#Transform 125
Transform: AffineTransform_float_3_3
Parameters: 1 -5.82093e-05 0.000195938 5.77907e-05 1 0.00106801 -0.000196062 -0.00106799 1 -0.0346186 -0.0356843 0.38948
FixedParameters: 0 0 0

#Transform 126
Transform: AffineTransform_float_3_3
Parameters: 1 -5.8225e-05 0.000195933 5.7775e-05 1 0.00114801 -0.000196067 -0.00114799 1 -0.03814 -0.0372251 0.401937
FixedParameters: 0 0 0

#Transform 127
Transform: AffineTransform_float_3_3
Parameters: 0.999999 0.000554069 0.000646797 -0.00055493 0.999999 0.00143864 -0.000646202 -0.00143936 0.999999 -0.0466843 -0.0090283 0.404796
FixedParameters: 0 0 0

#Transform 128
Transform: AffineTransform_float_3_3
Parameters: 0.999999 0.000554161 0.000613758 -0.000554838 0.999999 0.00136766 -0.000612242 -0.00136734 0.999999 -0.0508192 -0.000956678 0.394213
FixedParameters: 0 0 0

#Transform 129
Transform: AffineTransform_float_3_3
Parameters: 0.999999 0.000804736 0.000197081 -0.000805263 0.999999 0.00134284 -0.000195919 -0.00134316 0.999999 -0.0569826 0.0168906 0.386441
FixedParameters: 0 0 0

#Transform 130
Transform: AffineTransform_float_3_3
Parameters: 0.999999 0.000804821 0.000196734 -0.000805179 1 0.000911842 -0.000196266 -0.000911158 0.999999 -0.060107 0.0548556 0.386754
FixedParameters: 0 0 0

#Transform 131
Transform: AffineTransform_float_3_3
Parameters: 0.999999 0.00090573 0.000282864 -0.000906269 0.999999 0.000953745 -0.000282135 -0.000954257 1 -0.0630175 0.0254114 0.406951
FixedParameters: 0 0 0

#Transform 132
Transform: AffineTransform_float_3_3
Parameters: 0.999999 0.00080464 0.000276051 -0.000805359 0.999999 0.00130578 -0.000274949 -0.00130522 0.999999 -0.0604663 0.0101741 0.426475
FixedParameters: 0 0 0

#Transform 133
Transform: AffineTransform_float_3_3
Parameters: 1 0.000554384 0.000403846 -0.000555616 0.999998 0.00152578 -0.000403152 -0.00152622 0.999999 -0.0575235 -0.00700666 0.419198
FixedParameters: 0 0 0

#Transform 134
Transform: AffineTransform_float_3_3
Parameters: 0.999999 0.000553834 0.000700923 -0.000555166 0.999999 0.00166461 -0.000700076 -0.00166539 0.999999 -0.0631076 -0.0100849 0.439261
FixedParameters: 0 0 0

#Transform 135
Transform: AffineTransform_float_3_3
Parameters: 0.999999 0.000640717 0.000728131 -0.000642283 0.999998 0.00176353 -0.000726868 -0.00176347 0.999998 -0.0811577 0.00267355 0.453127
FixedParameters: 0 0 0

#Transform 136
Transform: AffineTransform_float_3_3
Parameters: 0.999999 0.000553977 0.000564006 -0.000555023 0.999998 0.00181469 -0.000562993 -0.00181531 0.999998 -0.0798397 -0.0185725 0.4644
FixedParameters: 0 0 0

#Transform 137
Transform: AffineTransform_float_3_3
Parameters: 1 0.000422534 0.000250788 -0.000423465 0.999998 0.00186289 -0.000249212 -0.00186311 0.999998 -0.0738422 0.0444589 0.474678
FixedParameters: 0 0 0

#Transform 138
Transform: AffineTransform_float_3_3
Parameters: 1 0.000554725 0.000175868 -0.000555274 0.999998 0.0015649 -0.000175131 -0.0015651 0.999999 -0.0830103 0.0221396 0.445393
FixedParameters: 0 0 0

#Transform 139
Transform: AffineTransform_float_3_3
Parameters: 1 0.000555074 -8.25026e-05 -0.000554926 1 0.000896046 8.34972e-05 -0.000895954 0.999999 -0.0778228 0.0464454 0.442085
FixedParameters: 0 0 0

#Transform 140
Transform: AffineTransform_float_3_3
Parameters: 0.999999 0.000763052 -8.25177e-05 -0.000762947 0.999999 0.000632063 8.34821e-05 -0.000631936 1 -0.0894913 0.0551258 0.454367
FixedParameters: 0 0 0

#Transform 141
Transform: AffineTransform_float_3_3
Parameters: 0.999999 0.000898102 -0.000217581 -0.000897898 1 0.000466196 0.000218418 -0.000465804 1 -0.0899479 0.0489505 0.473965
FixedParameters: 0 0 0

#Transform 142
Transform: AffineTransform_float_3_3
Parameters: 0.999999 0.00100112 -0.000190381 -0.00100088 1 0.000618191 0.000190618 -0.00061781 1 -0.0970905 0.0283455 0.49127
FixedParameters: 0 0 0

#Transform 143
Transform: AffineTransform_float_3_3
Parameters: 1 0.00109708 -8.19808e-05 -0.00109692 0.999999 0.00092909 8.3019e-05 -0.000928909 0.999999 -0.104371 -0.0145319 0.504754
FixedParameters: 0 0 0

#Transform 144
Transform: AffineTransform_float_3_3
Parameters: 0.999999 0.000787297 -0.000216923 -0.000786702 0.999999 0.00136817 0.000218076 -0.00136783 0.999999 -0.0905445 0.0205897 0.518205
FixedParameters: 0 0 0

#Transform 145
Transform: AffineTransform_float_3_3
Parameters: 1 0.000555148 -8.20053e-05 -0.000554852 0.999998 0.00179205 8.29944e-05 -0.00179196 0.999999 -0.0825943 0.0209396 0.506177
FixedParameters: 0 0 0

#Transform 146
Transform: AffineTransform_float_3_3
Parameters: 1 0.000407253 -0.000148306 -0.000406747 0.999998 0.00170506 0.000148694 -0.00170494 0.999998 -0.0717521 0.053958 0.523469
FixedParameters: 0 0 0

#Transform 147
Transform: AffineTransform_float_3_3
Parameters: 1 0.000544103 -8.2321e-05 -0.000543896 0.999999 0.00124805 8.36788e-05 -0.00124796 0.999999 -0.0777303 0.0778476 0.484912
FixedParameters: 0 0 0

#Transform 148
Transform: AffineTransform_float_3_3
Parameters: 0.999999 0.000717079 -8.23152e-05 -0.00071692 1 0.00095506 8.36847e-05 -0.000954941 1 -0.0882039 0.098081 0.478793
FixedParameters: 0 0 0

#Transform 149
Transform: AffineTransform_float_3_3
Parameters: 0.999999 0.00068414 -0.000288667 -0.000683859 0.999999 0.000487197 0.000289333 -0.000486802 1 -0.0868655 0.11893 0.489097
FixedParameters: 0 0 0

#Transform 150
Transform: AffineTransform_float_3_3
Parameters: 0.999999 0.000795066 -8.23623e-05 -0.000794933 1 0.000802066 8.36375e-05 -0.000801934 0.999999 -0.0950005 0.0718443 0.514984
FixedParameters: 0 0 0

#Transform 151
Transform: AffineTransform_float_3_3
Parameters: 1 0.00061909 -8.23259e-05 -0.000618909 0.999999 0.00108905 8.3674e-05 -0.00108895 1 -0.0860088 0.0656657 0.518712
FixedParameters: 0 0 0

#Transform 152
Transform: AffineTransform_float_3_3
Parameters: 0.999999 0.00080621 -0.0001539 -0.000805789 0.999998 0.00136412 0.000155099 -0.00136388 0.999999 -0.096881 0.0308763 0.512473
FixedParameters: 0 0 0

#Transform 153
Transform: AffineTransform_float_3_3
Parameters: 1 0.000428225 -0.00014835 -0.000428775 0.999999 0.00151706 0.000148651 -0.00151694 0.999999 -0.0781664 0.0486213 0.518738
FixedParameters: 0 0 0

#Transform 154
Transform: AffineTransform_float_3_3
Parameters: 1 0.000427969 2.16274e-05 -0.000428032 0.999999 0.00146599 -2.13725e-05 -0.00146601 0.999999 -0.0765654 0.0491548 0.50548
FixedParameters: 0 0 0

#Transform 155
Transform: AffineTransform_float_3_3
Parameters: 1 0.000428115 -8.2405e-05 -0.000427884 0.999999 0.00139004 8.35948e-05 -0.00138996 0.999999 -0.0790877 0.0872232 0.494458
FixedParameters: 0 0 0

#Transform 156
Transform: AffineTransform_float_3_3
Parameters: 1 0.000575085 -8.24099e-05 -0.000574915 1 0.00102605 8.35898e-05 -0.00102595 0.999999 -0.0827085 0.107659 0.467987
FixedParameters: 0 0 0

#Transform 157
Transform: AffineTransform_float_3_3
Parameters: 0.999999 0.000786178 -0.000175203 -0.000785822 0.999999 0.00101414 0.000175797 -0.00101386 1 -0.0914564 0.0840226 0.469701
FixedParameters: 0 0 0

#Transform 158
Transform: AffineTransform_float_3_3
Parameters: 0.999999 0.00072419 -0.000212354 -0.000723811 1 0.000892154 0.000212646 -0.000891846 0.999999 -0.0926497 0.0878449 0.481245
FixedParameters: 0 0 0

#Transform 159
Transform: AffineTransform_float_3_3
Parameters: 0.999999 0.000819327 -0.000231846 -0.000818673 0.999998 0.00140919 0.000232154 -0.00140881 0.999999 -0.0968657 0.0300218 0.496172
FixedParameters: 0 0 0

#Transform 160
Transform: AffineTransform_float_3_3
Parameters: 0.999999 0.000755254 -0.000181946 -0.000754746 0.999998 0.00139614 0.000182054 -0.00139586 0.999999 -0.0949406 0.0432916 0.495819
FixedParameters: 0 0 0

#Transform 161
Transform: AffineTransform_float_3_3
Parameters: 1 0.000680129 -8.1935e-05 -0.00068087 0.999998 0.00156606 8.30663e-05 -0.00156594 0.999999 -0.081324 0.0164315 0.477286
FixedParameters: 0 0 0

#Transform 162
Transform: AffineTransform_float_3_3
Parameters: 1 0.000417129 -8.23468e-05 -0.000416869 0.999998 0.00156603 8.36529e-05 -0.00156596 0.999999 -0.0807834 0.0371056 0.474396
FixedParameters: 0 0 0

#Transform 163
Transform: AffineTransform_float_3_3
Parameters: 1 0.000700129 -8.19036e-05 -0.00069987 0.999998 0.00156606 8.3096e-05 -0.00156594 0.999999 -0.0856364 0.0405409 0.464672
FixedParameters: 0 0 0

#Transform 164
Transform: AffineTransform_float_3_3
Parameters: 0.999999 0.000795086 -8.21676e-05 -0.000794914 0.999999 0.00104707 8.28323e-05 -0.00104694 1 -0.0823726 0.0717932 0.443918
FixedParameters: 0 0 0

#Transform 165
Transform: AffineTransform_float_3_3
Parameters: 0.999999 0.000868076 -8.2203e-05 -0.000867924 0.999999 0.000918071 8.27967e-05 -0.000917928 0.999999 -0.0942838 0.0649068 0.452546
FixedParameters: 0 0 0

#Transform 166
Transform: AffineTransform_float_3_3
Parameters: 0.999999 0.00086605 -8.2476e-05 -0.00086595 1 0.000605072 8.35238e-05 -0.000604928 1 -0.0939347 0.0452635 0.453266
FixedParameters: 0 0 0

#Transform 167
Transform: AffineTransform_float_3_3
Parameters: 1 0.000984149 -0.000143986 -0.000983853 0.999999 0.00103014 0.000144014 -0.00102986 1 -0.100941 0.0294161 0.480217
FixedParameters: 0 0 0

#Transform 168
Transform: AffineTransform_float_3_3
Parameters: 1 0.000907281 -0.000207777 -0.000906719 0.999998 0.00134819 0.000209222 -0.00134781 0.999999 -0.0929914 -0.00156638 0.483474
FixedParameters: 0 0 0

#Transform 169
Transform: AffineTransform_float_3_3
Parameters: 1 0.000507272 -0.000161147 -0.000507729 0.999999 0.00168208 0.000161854 -0.00168192 0.999998 -0.0840307 0.0216276 0.475218
FixedParameters: 0 0 0

#Transform 170
Transform: AffineTransform_float_3_3
Parameters: 1 0.000507297 -0.0001671 -0.000507701 0.999999 0.00177409 0.000168901 -0.00177392 0.999999 -0.0798714 0.0284081 0.481723
FixedParameters: 0 0 0

#Transform 171
Transform: AffineTransform_float_3_3
Parameters: 1 0.000507151 -8.20751e-05 -0.00050685 0.999998 0.00182404 8.29246e-05 -0.00182396 0.999999 -0.0789059 0.0140862 0.476601
FixedParameters: 0 0 0

#Transform 172
Transform: AffineTransform_float_3_3
Parameters: 0.999999 0.000703136 -8.18399e-05 -0.000702864 0.999999 0.00165006 8.31598e-05 -0.00164994 0.999998 -0.0846149 0.0504861 0.479459
FixedParameters: 0 0 0

#Transform 173
Transform: AffineTransform_float_3_3
Parameters: 0.999999 0.000867079 -8.21667e-05 -0.000866921 0.999999 0.000961071 8.2833e-05 -0.000960928 0.999999 -0.0896106 0.0450064 0.460112
FixedParameters: 0 0 0

#Transform 174
Transform: AffineTransform_float_3_3
Parameters: 1 0.000679099 -8.21851e-05 -0.000678901 0.999999 0.00120006 8.28147e-05 -0.00119994 1 -0.0845832 0.0563216 0.46971
FixedParameters: 0 0 0

#Transform 175
Transform: AffineTransform_float_3_3
Parameters: 0.999999 0.00094118 -0.000177044 -0.000941819 0.999999 0.00101617 0.000177957 -0.00101583 1 -0.0948601 0.0264374 0.484302
FixedParameters: 0 0 0

#Transform 176
Transform: AffineTransform_float_3_3
Parameters: 0.999999 0.000867118 -8.17514e-05 -0.00086688 0.999998 0.00144007 8.32483e-05 -0.00143993 0.999999 -0.092751 -0.00560276 0.477766
FixedParameters: 0 0 0

#Transform 177
Transform: AffineTransform_float_3_3
Parameters: 0.999999 0.000802114 -8.18891e-05 -0.000801885 0.999998 0.00138507 8.31106e-05 -0.00138493 0.999999 -0.0899382 0.00883275 0.476342
FixedParameters: 0 0 0

#Transform 178
Transform: AffineTransform_float_3_3
Parameters: 1 0.000472119 -8.23188e-05 -0.00047188 0.999999 0.00144304 8.3681e-05 -0.00144296 0.999999 -0.0803575 -0.00672757 0.475113
FixedParameters: 0 0 0

#Transform 179
Transform: AffineTransform_float_3_3
Parameters: 0.999999 0.000795114 -8.18988e-05 -0.000794885 0.999998 0.00138507 8.31009e-05 -0.00138493 0.999999 -0.0726615 0.0176077 0.465624
FixedParameters: 0 0 0

#Transform 180
Transform: AffineTransform_float_3_3
Parameters: 0.999999 0.000856114 -8.18143e-05 -0.000855885 0.999998 0.00138507 8.31854e-05 -0.00138493 0.999999 -0.0902241 0.00639884 0.464919
FixedParameters: 0 0 0

#Transform 181
Transform: AffineTransform_float_3_3
Parameters: 1 0.000573105 -8.22716e-05 -0.000572894 0.999999 0.00127105 8.37282e-05 -0.00127095 0.999999 -0.0824049 0.0540801 0.465253
FixedParameters: 0 0 0

#Transform 182
Transform: AffineTransform_float_3_3
Parameters: 0.999999 0.000816091 -8.20966e-05 -0.000815908 0.999999 0.00110707 8.29032e-05 -0.00110693 1 -0.0904698 0.0348595 0.453072
FixedParameters: 0 0 0

#Transform 183
Transform: AffineTransform_float_3_3
Parameters: 0.999999 0.000922088 -8.20088e-05 -0.000921911 0.999999 0.00107508 8.29911e-05 -0.00107492 1 -0.0894824 0.0516629 0.473081
FixedParameters: 0 0 0

#Transform 184
Transform: AffineTransform_float_3_3
Parameters: 0.999999 0.0008541 -8.19631e-05 -0.000853899 0.999999 0.00121407 8.30367e-05 -0.00121393 1 -0.0882331 0.0211359 0.487196
FixedParameters: 0 0 0

#Transform 185
Transform: AffineTransform_float_3_3
Parameters: 0.999999 0.00100511 -8.16079e-05 -0.00100488 0.999998 0.00138508 8.33918e-05 -0.00138492 0.999999 -0.102626 0.0129735 0.507134
FixedParameters: 0 0 0

#Transform 186
Transform: AffineTransform_float_3_3
Parameters: 0.999999 0.000812726 0.000198126 -0.000813273 0.999998 0.00138484 -0.000196874 -0.00138516 0.999999 -0.105304 0.0115849 0.514289
FixedParameters: 0 0 0

#Transform 187
Transform: AffineTransform_float_3_3
Parameters: 0.999999 0.000890792 0.000150234 -0.000891206 0.999998 0.00138487 -0.000148766 -0.00138513 0.999999 -0.0950207 0.0117076 0.501056
FixedParameters: 0 0 0

#Transform 188
Transform: AffineTransform_float_3_3
Parameters: 0.999999 0.000891113 -8.17658e-05 -0.000890885 0.999998 0.00138507 8.32339e-05 -0.00138493 0.999999 -0.0937884 0.0325138 0.491104
FixedParameters: 0 0 0

#Transform 189
Transform: AffineTransform_float_3_3
Parameters: 0.999999 0.000891007 -4.76596e-06 -0.000890992 0.999998 0.001385 6.23403e-06 -0.00138499 0.999999 -0.10077 0.0302072 0.486177
FixedParameters: 0 0 0

#Transform 190
Transform: AffineTransform_float_3_3
Parameters: 0.999999 0.000891174 -0.000171096 -0.000891826 0.999999 0.00101415 0.000171904 -0.00101385 1 -0.101914 0.0344049 0.480289
FixedParameters: 0 0 0

#Transform 191
Transform: AffineTransform_float_3_3
