#Insight Transform File V1.0
#Transform 0
Transform: AffineTransform_float_3_3
Parameters: 1 -5.1906e-08 -8.2e-05 -5.1906e-08 1 -0.000633 8.2e-05 0.000633 1 0.000119319 -0.0216353 0.0781397
FixedParameters: 0 0 0

#Transform 1
Transform: AffineTransform_float_3_3
Parameters: 1 3.0272e-08 -0.000473 3.0272e-08 1 6.4e-05 0.000473 -6.4e-05 1 0.0166788 -0.0400143 0.0509098
FixedParameters: 0 0 0

#Transform 2
Transform: AffineTransform_float_3_3
Parameters: 1 -1.1648e-08 0.000182 -1.1648e-08 1 6.4e-05 -0.000182 -6.4e-05 1 -0.00275273 -0.0223264 0.0490769
FixedParameters: 0 0 0

#Transform 3
Transform: AffineTransform_float_3_3
Parameters: 1 3.39427e-07 -0.000523 3.39427e-07 1 0.000649 0.000523 -0.000649 0.999999 0.000809252 -0.023158 0.0211762
FixedParameters: 0 0 0

#Transform 4
Transform: AffineTransform_float_3_3
Parameters: 1 -1.22049e-07 0.000191 -1.22049e-07 1 0.000639 -0.000191 -0.000639 1 -0.017299 -0.0109729 0.0171609
FixedParameters: 0 0 0

#Transform 5
Transform: AffineTransform_float_3_3
Parameters: 1 2.106e-07 0.000468 2.106e-07 1 -0.00045 -0.000468 0.00045 1 -0.000763177 0.0239006 -0.0208625
FixedParameters: 0 0 0

#Transform 6
Transform: AffineTransform_float_3_3
Parameters: 1 0.00043115 0.000140541 -0.00043085 1 -0.00106606 -0.000141459 0.00106594 1 -0.0103011 0.0226216 -0.00456585
FixedParameters: 0 0 0

#Transform 7
Transform: AffineTransform_float_3_3
Parameters: 1 0.000376203 0.000140456 -0.000375796 0.999999 -0.00144605 -0.000141544 0.00144595 0.999999 -0.00906087 0.0235028 -0.00591477
FixedParameters: 0 0 0

#Transform 8
Transform: AffineTransform_float_3_3
Parameters: 1 0.000369015 5.38963e-05 -0.000368985 1 -0.00028102 -5.41037e-05 0.00028098 1 -0.0126971 -0.0286641 0.05975
FixedParameters: 0 0 0

#Transform 9
Transform: AffineTransform_float_3_3
Parameters: 1 0.000281296 0.000209604 -0.000280705 0.999999 -0.00140906 -0.000209396 0.00140894 0.999999 -0.00949849 -0.0298846 -0.00433168
FixedParameters: 0 0 0

#Transform 10
Transform: AffineTransform_float_3_3
Parameters: 1 -0.000267184 -0.000169711 0.000267816 1 -0.00108405 0.00017029 0.00108396 1 0.00651376 -0.0441037 -0.0249312
FixedParameters: 0 0 0

#Transform 11
Transform: AffineTransform_float_3_3
Parameters: 1 0.000309302 0.000236606 -0.000308697 0.999999 -0.00127607 -0.000237394 0.00127593 0.999999 -0.0076703 -0.00836219 -0.0421523
FixedParameters: 0 0 0

#Transform 12
Transform: AffineTransform_float_3_3
Parameters: 1 0.00046006 0.000255891 -0.000459939 1 -0.000236118 -0.000256108 0.000235882 1 -0.0112968 0.0201846 -0.0261934
FixedParameters: 0 0 0

#Transform 13
Transform: AffineTransform_float_3_3
Parameters: 1 -0.000263982 -0.000234021 0.000264018 1 7.79382e-05 0.000233979 -7.80618e-05 1 0.0165411 0.0363934 -0.00793576
FixedParameters: 0 0 0

#Transform 14
Transform: AffineTransform_float_3_3
Parameters: 1 0.000485221 0.000247567 -0.000484778 1 -0.00089312 -0.000248433 0.00089288 0.999999 -0.0118896 0.0494135 -0.0332379
FixedParameters: 0 0 0

#Transform 15
Transform: AffineTransform_float_3_3
Parameters: 1 0.000485494 0.000276133 -0.000484505 0.999999 -0.00178614 -0.000277866 0.00178587 0.999999 -0.0119448 0.0355997 -0.0193837
FixedParameters: 0 0 0

#Transform 16
Transform: AffineTransform_float_3_3
Parameters: 1 0.000251275 0.000182622 -0.000250726 0.999999 -0.00150605 -0.000182378 0.00150595 0.999999 -0.00619847 0.0364362 -0.0122274
FixedParameters: 0 0 0

#Transform 17
Transform: AffineTransform_float_3_3
Parameters: 1 0.000515053 0.000148818 -0.000514947 1 -0.000354077 -0.000149182 0.000353923 1 -0.0124056 -0.0151473 0.0463426
FixedParameters: 0 0 0

#Transform 18
Transform: AffineTransform_float_3_3
Parameters: 1 0.000349995 -3.20504e-05 -0.000350005 1 -0.000143989 3.19496e-05 0.000144011 1 -0.00815282 -0.0145405 0.0430678
FixedParameters: 0 0 0

#Transform 19
Transform: AffineTransform_float_3_3
Parameters: 1 0.000186098 0.000147877 -0.000185902 1 -0.000663027 -0.000147123 0.000662972 1 -0.00935483 -0.0498665 -0.0200058
FixedParameters: 0 0 0

#Transform 20
Transform: AffineTransform_float_3_3
Parameters: 1 -0.000104994 -0.000490001 0.000105006 1 1.29485e-05 0.000489999 -1.30514e-05 1 0.00325922 -0.0265675 -0.0115658
FixedParameters: 0 0 0

#Transform 21
Transform: AffineTransform_float_3_3
Parameters: 1 -0.000354856 -0.000267192 0.000354144 1 0.000539905 0.000266809 -0.000540095 1 -0.000132336 -0.0421899 0.0219003
FixedParameters: 0 0 0

#Transform 22
Transform: AffineTransform_float_3_3
Parameters: 1 -0.000105129 -0.000266949 0.000104871 1 -0.000483028 0.000267051 0.000482972 1 0.00291089 0.0107833 -0.00666774
FixedParameters: 0 0 0

#Transform 23
Transform: AffineTransform_float_3_3
Parameters: 1 0.000431031 3.25884e-05 -0.000430968 1 -0.000955014 -3.34116e-05 0.000954986 0.999999 -0.0101477 0.0832979 -0.0191381
FixedParameters: 0 0 0

#Transform 24
Transform: AffineTransform_float_3_3
Parameters: 1 0.000590135 9.41585e-05 -0.000589865 0.999999 -0.00142606 -9.48412e-05 0.00142594 0.999999 -0.0198263 0.0455541 0.00971953
FixedParameters: 0 0 0

#Transform 25
Transform: AffineTransform_float_3_3
Parameters: 1 0.000232913 -0.000205099 -0.000233087 1 -0.000422952 0.000204901 0.000423048 1 -0.0103763 0.0262411 0.0764735
FixedParameters: 0 0 0

#Transform 26
Transform: AffineTransform_float_3_3
Parameters: 1 0.000233001 -4.93523e-06 -0.000232999 1 0.000278001 5.06477e-06 -0.000277999 1 -0.00559157 -0.0373692 0.0549836
FixedParameters: 0 0 0

#Transform 27
Transform: AffineTransform_float_3_3
Parameters: 1 -0.000246963 -0.000205044 0.000247037 1 0.000178949 0.000204956 -0.000179051 1 -0.00232094 -0.0347973 0.0524284
FixedParameters: 0 0 0

#Transform 28
Transform: AffineTransform_float_3_3
Parameters: 1 -0.00048986 -0.000205333 0.000490139 0.999999 0.000679899 0.000204667 -0.0006801 0.999999 0.00675443 -0.0561872 0.04231
FixedParameters: 0 0 0

#Transform 29
Transform: AffineTransform_float_3_3
Parameters: 1 1.57845e-05 0.000259013 -1.62155e-05 0.999999 0.000831995 -0.000258986 -0.000832004 0.999999 -0.000833081 -0.00771725 0.0236054
FixedParameters: 0 0 0

#Transform 30
Transform: AffineTransform_float_3_3
Parameters: 1 -0.000272843 -0.000205208 0.000273156 0.999999 0.000763944 0.000204791 -0.000764055 0.999999 0.00167584 -0.00613006 0.0317516
FixedParameters: 0 0 0

#Transform 31
Transform: AffineTransform_float_3_3
Parameters: 1 0.000483097 9.75203e-05 -0.000482904 1 -0.000993047 -9.74795e-05 0.000992953 0.999999 -0.0305126 -0.00130936 0.01705
FixedParameters: 0 0 0

#Transform 32
Transform: AffineTransform_float_3_3
Parameters: 1 0.000496122 7.82271e-05 -0.000495876 0.999998 -0.00155804 -7.97726e-05 0.00155796 0.999999 -0.0458704 0.0643354 0.0204557
FixedParameters: 0 0 0

#Transform 33
Transform: AffineTransform_float_3_3
Parameters: 1 0.000233019 7.89436e-05 -0.000232981 1 -0.000242018 -7.90564e-05 0.000241982 1 -0.0241625 0.0852402 0.0829179
FixedParameters: 0 0 0

#Transform 34
Transform: AffineTransform_float_3_3
Parameters: 1 0.000483043 7.87358e-05 -0.000482957 0.999999 -0.000547038 -7.92642e-05 0.000546962 1 -0.0280144 0.018216 0.0757759
FixedParameters: 0 0 0

#Transform 35
Transform: AffineTransform_float_3_3
Parameters: 1 -0.000413985 7.90774e-05 0.000414015 1 -0.000186967 -7.8923e-05 0.000186033 1 0.00464744 0.0221292 0.0547126
FixedParameters: 0 0 0

#Transform 36
Transform: AffineTransform_float_3_3
Parameters: 1 -0.000413959 7.92115e-05 0.000414041 1 -0.000510967 -7.97884e-05 0.000511033 1 0.00941968 -0.0486434 0.0539355
FixedParameters: 0 0 0

#Transform 37
Transform: AffineTransform_float_3_3
Parameters: 1 -0.000351003 -1.29122e-05 0.000350997 1 -0.000250005 1.30877e-05 0.000249995 1 0.00803615 -0.0462348 0.0447011
FixedParameters: 0 0 0

#Transform 38
Transform: AffineTransform_float_3_3
Parameters: 1 -0.00041398 7.91035e-05 0.00041402 1 -0.000249967 -7.88965e-05 0.000250033 1 0.00941639 -0.0429808 0.0420588
FixedParameters: 0 0 0

#Transform 39
Transform: AffineTransform_float_3_3
Parameters: 1 -0.000583989 -0.000124052 0.000584011 1 8.89276e-05 0.000124948 -8.9073e-05 1 0.0136808 0.0166553 0.0170061
FixedParameters: 0 0 0

#Transform 40
Transform: AffineTransform_float_3_3
Parameters: 1 0.000267996 7.90142e-05 -0.000268004 1 5.29788e-05 -7.89858e-05 -5.30212e-05 1 -0.0187333 0.0225161 0.02848
FixedParameters: 0 0 0

#Transform 41
Transform: AffineTransform_float_3_3
Parameters: 1 0.000440047 7.87395e-05 -0.000439953 0.999999 -0.000592034 -7.92604e-05 0.000591965 1 -0.0201617 0.0542869 -0.0014805
FixedParameters: 0 0 0

#Transform 42
Transform: AffineTransform_float_3_3
Parameters: 1 0.000440052 7.87095e-05 -0.000439948 0.999999 -0.000660034 -7.92903e-05 0.000659965 1 -0.0243783 0.022873 0.0387367
FixedParameters: 0 0 0

#Transform 43
Transform: AffineTransform_float_3_3
Parameters: 1 0.000214867 -0.000124229 -0.000215132 0.999999 -0.00106697 0.000123771 0.00106703 1 -0.0224906 0.00899197 0.030264
FixedParameters: 0 0 0

#Transform 44
Transform: AffineTransform_float_3_3
Parameters: 1 -0.000299949 -0.00037904 0.000300051 1 0.000134886 0.000378959 -0.000135114 1 0.00752333 -0.0234726 0.0800178
FixedParameters: 0 0 0

#Transform 45
Transform: AffineTransform_float_3_3
Parameters: 1 0.000151911 0.000230059 -0.000152089 1 0.000385965 -0.000229941 -0.000386035 1 -0.0166459 -0.0161691 0.0624415
FixedParameters: 0 0 0

#Transform 46
Transform: AffineTransform_float_3_3
Parameters: 1 0.000426937 0.000188143 -0.000427063 1 0.00033492 -0.000187857 -0.00033508 1 -0.0264116 -0.0175625 0.0489843
FixedParameters: 0 0 0

#Transform 47
Transform: AffineTransform_float_3_3
Parameters: 1 0.000426947 0.000137165 -0.000427053 1 0.000385941 -0.000136835 -0.000386058 1 -0.0104571 -0.0176377 0.0357283
FixedParameters: 0 0 0

#Transform 48
Transform: AffineTransform_float_3_3
Parameters: 1 -0.000379703 -0.000379298 0.000380298 0.999999 0.000783855 0.000379702 -0.000784144 0.999999 0.00613779 -0.0141129 0.028598
FixedParameters: 0 0 0

#Transform 49
Transform: AffineTransform_float_3_3
Parameters: 1 -0.000380047 0.000315944 0.000379953 1 0.00014812 -0.000316056 -0.00014788 1 0.00819787 0.0468926 0.0142776
FixedParameters: 0 0 0

#Transform 50
Transform: AffineTransform_float_3_3
Parameters: 1 0.000142204 0.000253886 -0.000141796 0.999999 -0.000802035 -0.000254114 0.000801963 0.999999 -0.0039819 0.0428776 -0.0456152
FixedParameters: 0 0 0

#Transform 51
Transform: AffineTransform_float_3_3
Parameters: 1 0.000426713 -0.000255481 -0.000426288 1 -0.00112589 0.00025552 0.00112611 1 -0.0182577 0.0686572 -0.011984
FixedParameters: 0 0 0

#Transform 52
Transform: AffineTransform_float_3_3
Parameters: 1 -0.000168445 -0.000549864 0.000167555 0.999999 -0.000809092 0.000550135 0.000808907 0.999999 0.00459491 0.0302616 0.0191356
FixedParameters: 0 0 0

#Transform 53
Transform: AffineTransform_float_3_3
Parameters: 1 0.000341061 5.7643e-05 -0.000340939 1 -0.00104702 -5.8357e-05 0.00104698 1 -0.00842033 0.0129953 -0.0270576
FixedParameters: 0 0 0

#Transform 54
Transform: AffineTransform_float_3_3
Parameters: 1 -0.000187219 -0.000259842 0.000186782 0.999999 -0.000843048 0.000259157 0.000842951 0.999999 0.00460696 0.0154848 -0.018155
FixedParameters: 0 0 0

#Transform 55
Transform: AffineTransform_float_3_3
Parameters: 1 5.52575e-05 0.000221936 -5.47425e-05 1 -0.00116001 -0.000222064 0.00115999 1 -0.0017975 -0.00229039 -0.0712475
FixedParameters: 0 0 0

#Transform 56
Transform: AffineTransform_float_3_3
Parameters: 1 0.000238841 -0.000287132 -0.000239158 1 -0.000551931 0.000286868 0.000552068 1 -0.00536361 0.0135589 -0.086902
FixedParameters: 0 0 0

#Transform 57
Transform: AffineTransform_float_3_3
Parameters: 1 0.000429978 -0.000195049 -0.000429022 1 -0.000113916 0.000195951 0.000114084 1 -0.0100103 0.0109555 -0.0913991
FixedParameters: 0 0 0

#Transform 58
Transform: AffineTransform_float_3_3
Parameters: 1 1.29338e-05 -0.000120007 -1.30662e-05 1 -0.000551998 0.000119993 0.000552001 1 -0.00025931 0.076305 -0.0725677
FixedParameters: 0 0 0

#Transform 59
Transform: AffineTransform_float_3_3
Parameters: 1 5.07064e-05 -0.000366041 -5.12935e-05 0.999999 -0.000801981 0.000365959 0.000802018 0.999999 -0.00676392 0.0765195 -0.054839
FixedParameters: 0 0 0

#Transform 60
Transform: AffineTransform_float_3_3
Parameters: 1 0.000320718 -0.000398228 -0.000321283 0.999999 -0.000709872 0.000398772 0.000709128 0.999999 -0.0205113 0.0848742 0.00986129
FixedParameters: 0 0 0

#Transform 61
Transform: AffineTransform_float_3_3
Parameters: 1 0.000195674 -0.000350182 -0.000196325 0.999999 -0.00092993 0.000349817 0.000930068 0.999999 -0.0162467 0.0759496 -0.0119981
FixedParameters: 0 0 0

#Transform 62
Transform: AffineTransform_float_3_3
Parameters: 0.999999 0.000195432 -0.000802139 -0.000196568 0.999999 -0.000708843 0.000801861 0.000708157 1 -0.00350661 0.0352831 -0.00438717
FixedParameters: 0 0 0

#Transform 63
Transform: AffineTransform_float_3_3
Parameters: 1 0.000195899 -0.000207096 -0.000196102 1 -0.000490959 0.000206904 0.00049004 1 -0.0214201 0.0249925 -0.0204667
FixedParameters: 0 0 0

#Transform 64
Transform: AffineTransform_float_3_3
Parameters: 1 0.000431828 -0.00043717 -0.000432172 1 -0.000393811 0.00043683 0.000394189 1 -0.0205312 0.0295938 -0.084872
FixedParameters: 0 0 0

#Transform 65
Transform: AffineTransform_float_3_3
Parameters: 1 0.000214838 -0.000516067 -0.000215161 1 -0.000312889 0.000515932 0.000313111 1 -0.0177301 0.0346409 -0.0984409
FixedParameters: 0 0 0

#Transform 66
Transform: AffineTransform_float_3_3
Parameters: 1 0.000667862 -0.000172536 -0.000668138 1 -0.000801885 0.000171464 0.000802115 0.999999 -0.0156653 0.028859 -0.125635
FixedParameters: 0 0 0

#Transform 67
Transform: AffineTransform_float_3_3
Parameters: 0.999999 0.000668324 0.000240101 -0.000667676 0.999999 -0.00134516 -0.000240899 0.00134584 0.999999 -0.042445 0.0420913 -0.121993
FixedParameters: 0 0 0

#Transform 68
Transform: AffineTransform_float_3_3
Parameters: 1 0.000668238 0.000202216 -0.000667762 0.999999 -0.00117414 -0.000202784 0.00117387 1 -0.0568824 0.0642544 -0.106439
FixedParameters: 0 0 0

#Transform 69
Transform: AffineTransform_float_3_3
Parameters: 1 0.00108601 6.89553e-06 -0.00108599 0.999999 -0.00101701 -8.10445e-06 0.00101699 0.999999 -0.0616929 0.0157981 -0.0613461
FixedParameters: 0 0 0

#Transform 70
Transform: AffineTransform_float_3_3
Parameters: 0.999999 0.00101908 0.000101177 -0.00101892 0.999999 -0.000807103 -0.000102822 0.000806895 0.999999 -0.0577767 0.0157516 -0.0443626
FixedParameters: 0 0 0

#Transform 71
Transform: AffineTransform_float_3_3
Parameters: 0.999999 0.00091804 0.000101627 -0.000917958 0.999999 -0.000406093 -0.000102373 0.000405906 1 -0.0527327 -0.00227604 -0.0474903
FixedParameters: 0 0 0

#Transform 72
Transform: AffineTransform_float_3_3
Parameters: 0.999999 0.000954002 1.48235e-05 -0.000953996 0.999999 -0.000185014 -1.51765e-05 0.000184986 1 -0.0702489 0.0152508 -0.0734425
FixedParameters: 0 0 0

#Transform 73
Transform: AffineTransform_float_3_3
Parameters: 0.999999 0.00111128 -0.000684933 -0.00110972 0.999997 0.00186176 0.000687066 -0.00186024 0.999998 -0.0845481 -0.0199323 0.223095
FixedParameters: 0 0 0

#Transform 74
Transform: AffineTransform_float_3_3
Parameters: 0.999999 0.00144291 -0.000570713 -0.00144209 0.999997 0.00158582 0.000573287 -0.00158517 0.999998 -0.0925119 -0.0212211 0.236393
FixedParameters: 0 0 0

#Transform 75
Transform: AffineTransform_float_3_3
Parameters: 0.999999 0.00168781 -0.000625831 -0.00168719 0.999997 0.00128606 0.00062817 -0.00128494 0.999999 -0.0878544 0.0969159 0.114077
FixedParameters: 0 0 0

#Transform 76
Transform: AffineTransform_float_3_3
Parameters: 0.999998 0.00155127 -0.000547223 -0.00155073 0.999998 0.000500849 0.000547774 -0.000499151 0.999999 -0.0948782 0.143529 -0.0452761
FixedParameters: 0 0 0

#Transform 77
Transform: AffineTransform_float_3_3
Parameters: 0.999999 0.00154807 -0.000200436 -0.00154793 0.999998 0.000364311 0.000200563 -0.00036369 1 -0.0995983 0.114181 -0.117631
FixedParameters: 0 0 0

#Transform 78
Transform: AffineTransform_float_3_3
Parameters: 0.999998 0.00169113 -9.37389e-05 -0.00169187 0.999997 0.00133716 9.5262e-05 -0.00133684 0.999999 -0.10741 0.00535931 -0.0354568
FixedParameters: 0 0 0

#Transform 79
Transform: AffineTransform_float_3_3
Parameters: 0.999998 0.00193824 -0.000326571 -0.00193776 0.999998 0.000737634 0.000327429 -0.000737366 0.999999 -0.104457 0.0299159 -0.0718758
FixedParameters: 0 0 0

#Transform 80
Transform: AffineTransform_float_3_3
Parameters: 0.999998 0.00224555 -0.000324214 -0.00224445 0.999996 0.00168673 0.000327786 -0.00168627 0.999999 -0.111736 0.00209157 0.0371906
FixedParameters: 0 0 0

#Transform 81
Transform: AffineTransform_float_3_3
Parameters: 0.999998 0.00199546 -0.00032518 -0.00199454 0.999997 0.00141365 0.00032782 -0.00141335 0.999999 -0.105884 0.0273281 0.1038
FixedParameters: 0 0 0

#Transform 82
Transform: AffineTransform_float_3_3
Parameters: 0.999998 0.00199492 4.46328e-05 -0.00199508 0.999997 0.00182092 -4.1367e-05 -0.00182109 0.999999 -0.106389 0.0609834 0.128465
FixedParameters: 0 0 0

#Transform 83
Transform: AffineTransform_float_3_3
Parameters: 0.999998 0.00191698 3.13092e-05 -0.00191702 0.999998 0.000682941 -2.96906e-05 -0.000683058 1 -0.104362 0.13245 0.0405478
FixedParameters: 0 0 0

#Transform 84
Transform: AffineTransform_float_3_3
Parameters: 0.999998 0.00159296 6.40879e-05 -0.00159304 0.999998 0.000682898 -6.29119e-05 -0.000683101 1 -0.0968867 0.146629 0.0441923
FixedParameters: 0 0 0

#Transform 85
Transform: AffineTransform_float_3_3
Parameters: 0.999999 0.00151661 0.000396484 -0.00151739 0.999999 0.000978399 -0.000394515 -0.000978599 0.999999 -0.0956381 0.080755 0.122373
FixedParameters: 0 0 0

#Transform 86
Transform: AffineTransform_float_3_3
Parameters: 0.999998 0.00160466 0.000300829 -0.00160534 0.999998 0.00113952 -0.00029817 -0.00114048 1 -0.0975368 0.0470008 0.189657
FixedParameters: 0 0 0

#Transform 87
Transform: AffineTransform_float_3_3
Parameters: 1 0.00109357 0.000183587 -0.00109343 0.999996 0.0023648 -0.000181415 -0.0023652 0.999997 -0.085491 0.0175206 0.196366
FixedParameters: 0 0 0

#Transform 88
Transform: AffineTransform_float_3_3
Parameters: 0.999999 0.0012175 -0.000219245 -0.0012175 0.999996 0.00226327 0.000222756 -0.00226273 0.999998 -0.098804 0.0739551 0.218427
FixedParameters: 0 0 0

#Transform 89
Transform: AffineTransform_float_3_3
Parameters: 0.999999 0.000771606 0.000182671 -0.000771394 0.999998 0.00216486 -0.00018133 -0.00216514 0.999997 -0.0923586 0.0522426 0.272267
FixedParameters: 0 0 0

#Transform 90
Transform: AffineTransform_float_3_3
Parameters: 1 0.00116804 -1.89396e-05 -0.00116796 0.999998 0.00176402 2.10603e-05 -0.00176398 0.999999 -0.109389 0.0694952 0.246709
FixedParameters: 0 0 0

#Transform 91
Transform: AffineTransform_float_3_3
Parameters: 1 0.00116802 -1.76731e-05 -0.00116798 0.999998 0.00113602 1.93268e-05 -0.00113598 1 -0.112366 0.104975 0.218576
FixedParameters: 0 0 0

#Transform 92
Transform: AffineTransform_float_3_3
Parameters: 0.999999 0.00131125 -0.000267776 -0.00131175 0.999998 0.000933351 0.000269224 -0.000932647 0.999999 -0.115719 0.108837 0.22172
FixedParameters: 0 0 0

#Transform 93
Transform: AffineTransform_float_3_3
Parameters: 1 0.00116828 -0.000252722 -0.00116772 0.999998 0.0010943 0.000254278 -0.0010937 1 -0.102748 0.107202 0.243021
FixedParameters: 0 0 0

#Transform 94
Transform: AffineTransform_float_3_3
Parameters: 1 0.00116839 -0.000265297 -0.00116761 0.999999 0.00145831 0.000266703 -0.00145769 0.999999 -0.101948 0.058522 0.238787
FixedParameters: 0 0 0

#Transform 95
Transform: AffineTransform_float_3_3
Parameters: 1 0.00116851 -0.000279887 -0.00116749 0.999997 0.00180933 0.000281114 -0.00180967 0.999999 -0.0987609 0.0427958 0.284796
FixedParameters: 0 0 0

#Transform 96
Transform: AffineTransform_float_3_3
Parameters: 1 0.00112337 -0.000219093 -0.00112363 0.999998 0.00169825 0.000220908 -0.00169775 0.999998 -0.10161 0.0352062 0.268552
FixedParameters: 0 0 0

#Transform 97
Transform: AffineTransform_float_3_3
Parameters: 0.999999 0.00129991 4.46701e-05 -0.00130009 0.999997 0.00205394 -4.13297e-05 -0.00205406 0.999998 -0.112315 0.048376 0.291095
FixedParameters: 0 0 0

#Transform 98
Transform: AffineTransform_float_3_3
Parameters: 0.999998 0.00166051 0.000238411 -0.00166149 0.999996 0.00205361 -0.000235587 -0.00205439 0.999998 -0.126188 0.0415382 0.287849
FixedParameters: 0 0 0

#Transform 99
Transform: AffineTransform_float_3_3
Parameters: 0.999999 0.00178472 0.000509523 -0.00178629 0.999995 0.00253309 -0.000505476 -0.00253391 0.999996 -0.136892 0.0559082 0.266388
FixedParameters: 0 0 0

#Transform 100
Transform: AffineTransform_float_3_3
Parameters: 0.999998 0.00192077 0.000846076 -0.00192323 0.999994 0.00264038 -0.000840924 -0.00264162 0.999996 -0.14563 0.0732647 0.257081
FixedParameters: 0 0 0

#Transform 101
Transform: AffineTransform_float_3_3
Parameters: 0.999999 0.00186206 -2.01736e-05 -0.00186194 0.999995 0.00259204 2.48262e-05 -0.00259196 0.999996 -0.15833 0.0759783 0.277332
FixedParameters: 0 0 0

#Transform 102
Transform: AffineTransform_float_3_3
Parameters: 0.999999 0.00161772 -0.000703064 -0.00161628 0.999995 0.00243514 0.000706937 -0.00243386 0.999997 -0.147563 0.0519246 0.310274
FixedParameters: 0 0 0

#Transform 103
Transform: AffineTransform_float_3_3
Parameters: 0.999999 0.00178817 -0.000466539 -0.00178683 0.999996 0.00249584 0.000470461 -0.00249516 0.999997 -0.146586 0.0331382 0.277118
FixedParameters: 0 0 0

#Transform 104
Transform: AffineTransform_float_3_3
Parameters: 0.999998 0.00183233 -0.000465819 -0.00183168 0.999995 0.00282886 0.000471183 -0.00282814 0.999996 -0.149958 0.0156678 0.291343
FixedParameters: 0 0 0

#Transform 105
Transform: AffineTransform_float_3_3
Parameters: 0.999999 0.00135645 -0.000122138 -0.00135555 0.999992 0.00358517 0.00012686 -0.00358483 0.999993 -0.142496 0.008853 0.309443
FixedParameters: 0 0 0

#Transform 106
Transform: AffineTransform_float_3_3
Parameters: 1 0.00107559 0.000105331 -0.00107541 0.999992 0.00402589 -0.000100671 -0.00402611 0.999992 -0.135144 -0.0154351 0.290215
FixedParameters: 0 0 0

#Transform 107
Transform: AffineTransform_float_3_3
Parameters: 1 0.00103471 -0.000244032 -0.0010343 0.999996 0.00286925 0.000246968 -0.00286875 0.999996 -0.117738 -0.013283 0.339006
FixedParameters: 0 0 0

#Transform 108
Transform: AffineTransform_float_3_3
Parameters: 1 -5.82215e-05 -0.000269169 5.8778e-05 0.999996 0.00289298 0.000268831 -0.00289301 0.999996 0.106661 -0.00797161 0.348381
FixedParameters: 0 0 0

#Transform 109
Transform: AffineTransform_float_3_3
Parameters: 1 -0.000421191 7.29017e-05 0.000420808 0.999996 0.00260803 -7.40977e-05 -0.00260797 0.999996 0.142763 -0.00579122 0.312164
FixedParameters: 0 0 0

#Transform 110
Transform: AffineTransform_float_3_3
Parameters: 0.999999 0.000830022 -1.03366e-05 -0.000829976 0.999997 0.00200401 1.26633e-05 -0.00200399 0.999998 -0.0133541 0.035354 0.284788
FixedParameters: 0 0 0

#Transform 111
Transform: AffineTransform_float_3_3
Parameters: 0.999999 0.000830018 -1.06977e-05 -0.000829982 0.999999 0.00156901 1.23022e-05 -0.00156899 0.999999 -0.0492222 0.0840502 0.243578
FixedParameters: 0 0 0

#Transform 112
Transform: AffineTransform_float_3_3
Parameters: 0.999999 0.00127099 1.40041e-05 -0.00127101 0.999999 0.000789982 -1.29959e-05 -0.000790017 0.999999 -0.0740547 0.0312404 0.249681
FixedParameters: 0 0 0

#Transform 113
Transform: AffineTransform_float_3_3
Parameters: 1 0.00112296 5.7868e-05 -0.00112304 0.999999 0.000772935 -5.71319e-05 -0.000773064 0.999999 -0.0643323 0.0357552 0.266119
FixedParameters: 0 0 0

#Transform 114
Transform: AffineTransform_float_3_3
Parameters: 0.999999 0.000863008 -5.83235e-06 -0.000862991 0.999998 0.00135301 7.16763e-06 -0.00135299 0.999999 -0.0582551 -0.0164682 0.282111
FixedParameters: 0 0 0

#Transform 115
Transform: AffineTransform_float_3_3
Parameters: 1 0.000239259 0.000647275 -0.000239741 1 0.00114585 -0.000646726 -0.00114516 0.999999 -0.0446503 -0.0569802 0.34556
FixedParameters: 0 0 0

#Transform 116
Transform: AffineTransform_float_3_3
Parameters: 0.999999 -0.000334614 0.000792741 0.000334387 0.999999 0.000774265 -0.000792259 -0.000774735 1 0.0550838 -0.0434957 0.342037
FixedParameters: 0 0 0

#Transform 117
Transform: AffineTransform_float_3_3
Parameters: 0.999999 -0.000353915 0.000792592 0.000353086 1 0.00115328 -0.000792408 -0.00115372 0.999999 0.0246249 -0.0232554 0.360855
FixedParameters: 0 0 0

#Transform 118
Transform: AffineTransform_float_3_3
Parameters: 1 -0.000412425 0.000542677 0.000411575 0.999999 0.000783223 -0.000542322 -0.000782776 0.999999 0.0121483 0.0309271 0.390967
FixedParameters: 0 0 0

#Transform 119
Transform: AffineTransform_float_3_3
Parameters: 0.999999 0.000322786 0.000793087 -0.000323214 1 0.000269744 -0.000792912 -0.000270256 0.999999 -0.00700927 0.045926 0.368675
FixedParameters: 0 0 0

#Transform 120
Transform: AffineTransform_float_3_3
Parameters: 0.999999 0.000323171 0.00079293 -0.000322828 1 -0.000216256 -0.000793069 0.000215744 0.999999 -0.0130145 0.0751582 0.346376
FixedParameters: 0 0 0

#Transform 121
Transform: AffineTransform_float_3_3
Parameters: 1 0.000573488 0.000792647 -0.000573513 0.999999 -0.000615454 -0.000792353 0.000615545 0.999999 -0.0238019 0.0544262 0.33705
FixedParameters: 0 0 0

#Transform 122
Transform: AffineTransform_float_3_3
Parameters: 1 0.000323029 0.000361974 -0.000322971 1 -8.11169e-05 -0.000361026 8.08834e-05 1 -0.0229337 0.0268477 0.351806
FixedParameters: 0 0 0

#Transform 123
Transform: AffineTransform_float_3_3
Parameters: 1 0.000322899 0.000372088 -0.000323101 1 0.00027188 -0.000371912 -0.00027212 1 -0.0247739 -0.0284965 0.370926
FixedParameters: 0 0 0

#Transform 124
Transform: AffineTransform_float_3_3
Parameters: 0.999999 0.000322574 0.000667205 -0.000323425 0.999999 0.000637784 -0.000666793 -0.000638215 0.999999 -0.0237635 -0.0655368 0.338274
FixedParameters: 0 0 0

#Transform 125
Transform: AffineTransform_float_3_3
Parameters: 1 0.000322717 0.000521175 -0.000323283 1 0.000542831 -0.000520824 -0.000543168 0.999999 -0.0222948 -0.0597276 0.349885
FixedParameters: 0 0 0

#Transform 126
Transform: AffineTransform_float_3_3
Parameters: 0.999999 0.000322264 0.000933254 -0.000322735 0.999999 0.000787699 -0.000932746 -0.000788301 1 -0.0222031 -0.0496115 0.353565
FixedParameters: 0 0 0

#Transform 127
Transform: AffineTransform_float_3_3
Parameters: 0.999999 0.00032213 0.000708396 -0.000322869 0.999999 0.00122777 -0.000707604 -0.00122823 0.999999 -0.0259086 -0.0347161 0.36504
FixedParameters: 0 0 0

#Transform 128
Transform: AffineTransform_float_3_3
Parameters: 0.999999 0.000600296 0.000696607 -0.000601704 1 0.00101058 -0.000696392 -0.00101142 0.999999 -0.0338975 -0.0259267 0.359914
FixedParameters: 0 0 0

#Transform 129
Transform: AffineTransform_float_3_3
Parameters: 1 0.00094563 0.000521673 -0.000946372 1 0.000711507 -0.000521327 -0.000711493 0.999999 -0.043826 -0.000156198 0.344435
FixedParameters: 0 0 0

#Transform 130
Transform: AffineTransform_float_3_3
Parameters: 0.999999 0.000703849 0.000582181 -0.00070415 0.999999 0.00025759 -0.000581818 -0.000258409 1 -0.0399802 0.0446466 0.342888
FixedParameters: 0 0 0

#Transform 131
Transform: AffineTransform_float_3_3
Parameters: 0.999999 0.00117473 0.000521599 -0.00117427 0.999999 0.000509388 -0.000521402 -0.000509613 0.999999 -0.0521603 0.00847318 0.365717
FixedParameters: 0 0 0

#Transform 132
Transform: AffineTransform_float_3_3
Parameters: 0.999999 0.000636499 0.000521611 -0.000636501 1 0.000959669 -0.000521389 -0.000960333 1 -0.0449445 -0.0272864 0.392515
FixedParameters: 0 0 0

#Transform 133
Transform: AffineTransform_float_3_3
Parameters: 1 0.000636086 0.00075577 -0.000636914 0.999999 0.00120952 -0.00075523 -0.00121048 0.999999 -0.0423937 -0.0204851 0.377787
FixedParameters: 0 0 0

#Transform 134
Transform: AffineTransform_float_3_3
Parameters: 0.999999 0.000571004 0.000698814 -0.000571996 0.999999 0.0014256 -0.000698184 -0.0014264 0.999998 -0.0446845 -0.0405652 0.403805
FixedParameters: 0 0 0

#Transform 135
Transform: AffineTransform_float_3_3
Parameters: 0.999999 0.000523765 0.000865747 -0.000525234 0.999999 0.00142555 -0.000865251 -0.00142645 0.999998 -0.0542169 -0.0296927 0.405602
FixedParameters: 0 0 0

#Transform 136
Transform: AffineTransform_float_3_3
Parameters: 0.999999 0.000509002 0.000699726 -0.000509997 0.999999 0.00142564 -0.000699273 -0.00142636 0.999998 -0.0619433 -0.0481277 0.41837
FixedParameters: 0 0 0

#Transform 137
Transform: AffineTransform_float_3_3
Parameters: 0.999999 0.000636187 0.000546946 -0.000636812 0.999998 0.00148565 -0.000546054 -0.00148635 0.999998 -0.0606318 0.00309543 0.415784
FixedParameters: 0 0 0

#Transform 138
Transform: AffineTransform_float_3_3
Parameters: 1 0.000759137 0.000682962 -0.000759863 0.999999 0.00126548 -0.000681039 -0.00126552 0.999999 -0.0674126 -0.0112329 0.396019
FixedParameters: 0 0 0

#Transform 139
Transform: AffineTransform_float_3_3
Parameters: 1 0.0010468 0.00032764 -0.0010472 1 0.000610657 -0.000327361 -0.000610343 1 -0.0700411 0.0303029 0.40011
FixedParameters: 0 0 0

#Transform 140
Transform: AffineTransform_float_3_3
Parameters: 1 0.00104698 0.000182106 -0.00104702 1 0.000100809 -0.000181894 -0.000101191 1 -0.0738771 0.0354687 0.392833
FixedParameters: 0 0 0

#Transform 141
Transform: AffineTransform_float_3_3
Parameters: 1 0.001047 0.00014599 -0.001047 1 -1.01529e-05 -0.00014601 9.84714e-06 1 -0.0657926 0.0509155 0.420204
FixedParameters: 0 0 0

#Transform 142
Transform: AffineTransform_float_3_3
Parameters: 0.999999 0.00129699 4.62049e-05 -0.00129701 0.999999 0.00015794 -4.6795e-05 -0.000158061 1 -0.0775217 0.00682395 0.438133
FixedParameters: 0 0 0

#Transform 143
Transform: AffineTransform_float_3_3
Parameters: 1 0.00115393 0.000219397 -0.00115408 1 0.000343747 -0.000219603 -0.000344254 1 -0.0855716 -0.0491274 0.446316
FixedParameters: 0 0 0

#Transform 144
Transform: AffineTransform_float_3_3
Parameters: 1 0.00104698 2.08397e-05 -0.00104702 0.999999 0.000801978 -2.01603e-05 -0.000802021 0.999999 -0.0721236 -0.0122537 0.455077
FixedParameters: 0 0 0

#Transform 145
Transform: AffineTransform_float_3_3
Parameters: 1 0.00104668 0.000230445 -0.00104732 0.999998 0.00137976 -0.000229556 -0.00137924 0.999999 -0.0811862 -0.00947661 0.449866
FixedParameters: 0 0 0

#Transform 146
Transform: AffineTransform_float_3_3
Parameters: 0.999999 0.000784701 0.000189245 -0.000785301 0.999999 0.00158685 -0.000188754 -0.00158715 0.999998 -0.0635595 0.0372727 0.463676
FixedParameters: 0 0 0

#Transform 147
Transform: AffineTransform_float_3_3
Parameters: 0.999999 0.000939875 0.000136862 -0.000940125 0.999999 0.000916871 -0.000136138 -0.000917128 0.999999 -0.0691125 0.053799 0.430161
FixedParameters: 0 0 0

#Transform 148
Transform: AffineTransform_float_3_3
Parameters: 1 0.00113999 1.74959e-05 -0.00114001 1 0.00043498 -1.65041e-05 -0.000435019 1 -0.0742143 0.0946823 0.41674
FixedParameters: 0 0 0

#Transform 149
Transform: AffineTransform_float_3_3
Parameters: 0.999999 0.000890011 0.000228955 -0.000889988 0.999999 -5.02038e-05 -0.000229044 4.97961e-05 1 -0.0718876 0.0968056 0.423908
FixedParameters: 0 0 0

#Transform 150
Transform: AffineTransform_float_3_3
Parameters: 0.999999 0.000889931 0.000223273 -0.000890068 0.999999 0.000306801 -0.000222727 -0.000307198 1 -0.0837213 0.0604872 0.443538
FixedParameters: 0 0 0

#Transform 151
Transform: AffineTransform_float_3_3
Parameters: 1 0.00114003 -4.31666e-05 -0.00113997 0.999999 0.00073105 4.38333e-05 -0.00073095 0.999999 -0.0787751 0.0334136 0.465128
FixedParameters: 0 0 0

#Transform 152
Transform: AffineTransform_float_3_3
Parameters: 0.999999 0.000889967 2.70929e-05 -0.000890032 0.999999 0.00122798 -2.5907e-05 -0.00122802 0.999999 -0.0756532 0.00550226 0.459314
FixedParameters: 0 0 0

#Transform 153
Transform: AffineTransform_float_3_3
Parameters: 0.999999 0.000889763 0.000193093 -0.000889236 0.999999 0.00122783 -0.000191908 -0.00122817 0.999999 -0.0703177 0.0117815 0.467984
FixedParameters: 0 0 0

#Transform 154
Transform: AffineTransform_float_3_3
Parameters: 0.999999 0.000608525 0.000386747 -0.000609475 0.999999 0.00122776 -0.000386252 -0.00122824 0.999999 -0.0610641 0.00873701 0.454443
FixedParameters: 0 0 0

#Transform 155
Transform: AffineTransform_float_3_3
Parameters: 1 0.000553588 0.00033568 -0.000554412 0.999999 0.00122781 -0.000335319 -0.00122819 0.999999 -0.0715554 0.0616448 0.445173
FixedParameters: 0 0 0

#Transform 156
Transform: AffineTransform_float_3_3
Parameters: 1 0.000889782 0.000302643 -0.000890219 1 0.000722731 -0.000301356 -0.000723268 0.999999 -0.0761415 0.081447 0.412424
FixedParameters: 0 0 0

#Transform 157
Transform: AffineTransform_float_3_3
Parameters: 0.999999 0.000851997 3.67563e-06 -0.000852003 1 0.000792997 -3.32436e-06 -0.000793003 0.999999 -0.0705967 0.0638383 0.430414
FixedParameters: 0 0 0

#Transform 158
Transform: AffineTransform_float_3_3
Parameters: 1 0.00108996 6.76442e-05 -0.00109004 0.999999 0.000590927 -6.63558e-05 -0.000591073 1 -0.0818634 0.0730532 0.435349
FixedParameters: 0 0 0

#Transform 159
Transform: AffineTransform_float_3_3
Parameters: 0.999999 0.000981774 0.000153454 -0.000981225 0.999999 0.00148085 -0.000151547 -0.00148115 0.999999 -0.0775054 0.00578489 0.432182
FixedParameters: 0 0 0

#Transform 160
Transform: AffineTransform_float_3_3
Parameters: 1 0.0011519 0.000121002 -0.00115211 0.999999 0.000869861 -0.000119998 -0.000870138 0.999999 -0.0866475 0.0113871 0.44274
FixedParameters: 0 0 0

#Transform 161
Transform: AffineTransform_float_3_3
Parameters: 1 0.000533842 0.000120699 -0.000533157 0.999999 0.00130894 -0.000119302 -0.00130906 0.999999 -0.0651026 -0.0166696 0.425789
FixedParameters: 0 0 0

#Transform 162
Transform: AffineTransform_float_3_3
Parameters: 0.999999 0.000789831 0.000121106 -0.000790168 0.999998 0.0013999 -0.000119895 -0.00139909 0.999999 -0.0638003 0.00202659 0.433763
FixedParameters: 0 0 0

#Transform 163
Transform: AffineTransform_float_3_3
Parameters: 1 0.000578631 0.000251848 -0.000579369 0.999999 0.00146585 -0.000251151 -0.00146615 0.999999 -0.0551212 0.00740316 0.419446
FixedParameters: 0 0 0

#Transform 164
Transform: AffineTransform_float_3_3
Parameters: 0.999999 0.000967939 0.000120491 -0.000968061 1 0.000506884 -0.000119509 -0.000507116 1 -0.070748 0.0319588 0.397925
FixedParameters: 0 0 0

#Transform 165
Transform: AffineTransform_float_3_3
Parameters: 1 0.00112799 0.000120091 -0.00112801 1 8.08646e-05 -0.000119909 -8.11353e-05 1 -0.0825932 0.0461547 0.386353
FixedParameters: 0 0 0

#Transform 166
Transform: AffineTransform_float_3_3
Parameters: 0.999999 0.00110297 0.000120309 -0.00110303 1 0.000279868 -0.000119692 -0.000279132 1 -0.0794137 0.03171 0.416451
FixedParameters: 0 0 0

#Transform 167
Transform: AffineTransform_float_3_3
Parameters: 1 0.000967906 0.000120758 -0.000968094 0.999999 0.000782883 -0.000119242 -0.000783116 0.999999 -0.074296 0.00955029 0.433786
FixedParameters: 0 0 0

#Transform 168
Transform: AffineTransform_float_3_3
Parameters: 0.999999 0.00096786 0.000121117 -0.000968138 0.999999 0.00115388 -0.000119883 -0.00115412 1 -0.074696 -0.0298694 0.446286
FixedParameters: 0 0 0

#Transform 169
Transform: AffineTransform_float_3_3
Parameters: 0.999999 0.000967848 0.000121214 -0.00096815 0.999998 0.00125388 -0.000119787 -0.00125312 0.999999 -0.0864419 -0.00300728 0.439089
FixedParameters: 0 0 0

#Transform 170
Transform: AffineTransform_float_3_3
Parameters: 1 0.000527838 0.000120712 -0.000528161 0.999999 0.00134894 -0.000119288 -0.00134906 0.999999 -0.0536986 -0.000998141 0.441421
FixedParameters: 0 0 0

#Transform 171
Transform: AffineTransform_float_3_3
Parameters: 1 0.00042283 0.000120596 -0.000422169 0.999999 0.00140895 -0.000119405 -0.00140905 0.999999 -0.0559046 -0.000574665 0.422707
FixedParameters: 0 0 0

#Transform 172
Transform: AffineTransform_float_3_3
Parameters: 1 0.000967568 0.000376114 -0.000968432 0.999999 0.00115064 -0.000374886 -0.00115136 1 -0.0642964 0.0276694 0.43431
FixedParameters: 0 0 0

#Transform 173
Transform: AffineTransform_float_3_3
Parameters: 1 0.000967806 0.000354533 -0.000968196 1 0.000550657 -0.000353467 -0.000551342 1 -0.0642643 0.0420603 0.417805
FixedParameters: 0 0 0

#Transform 174
Transform: AffineTransform_float_3_3
Parameters: 1 0.000967935 0.000120529 -0.000968066 1 0.000546884 -0.00011947 -0.000547116 1 -0.0793123 0.0420784 0.427098
FixedParameters: 0 0 0

#Transform 175
Transform: AffineTransform_float_3_3
Parameters: 0.999999 0.000967933 0.000120541 -0.000968067 1 0.000558884 -0.000119459 -0.000559116 1 -0.0813842 0.00386955 0.438721
FixedParameters: 0 0 0

#Transform 176
Transform: AffineTransform_float_3_3
Parameters: 0.999999 0.000967867 0.000121067 -0.000968132 0.999999 0.00110188 -0.000119933 -0.00110212 1 -0.0810816 -0.0178033 0.427217
FixedParameters: 0 0 0

#Transform 177
Transform: AffineTransform_float_3_3
Parameters: 0.999999 0.000967884 0.000120932 -0.000968116 0.999999 0.000962883 -0.000120068 -0.000963116 0.999999 -0.0695216 -0.017623 0.434142
FixedParameters: 0 0 0

#Transform 178
Transform: AffineTransform_float_3_3
Parameters: 1 0.000967618 0.000335105 -0.000968382 0.999999 0.00114168 -0.000333894 -0.00114232 1 -0.0773924 -0.017899 0.428422
FixedParameters: 0 0 0

#Transform 179
Transform: AffineTransform_float_3_3
Parameters: 0.999999 0.000782573 0.000397841 -0.000782427 0.999999 0.00107369 -0.00039716 -0.00107431 1 -0.06022 -0.00984082 0.430424
FixedParameters: 0 0 0

#Transform 180
Transform: AffineTransform_float_3_3
Parameters: 1 0.000967628 0.000385936 -0.000968373 0.999999 0.000966627 -0.000385065 -0.000966374 1 -0.0644 -0.0176354 0.420693
FixedParameters: 0 0 0

#Transform 181
Transform: AffineTransform_float_3_3
Parameters: 0.999999 0.000765845 0.000174681 -0.000766155 1 0.000889866 -0.000174318 -0.000890134 0.999999 -0.0639768 0.0391815 0.422762
FixedParameters: 0 0 0

#Transform 182
Transform: AffineTransform_float_3_3
Parameters: 0.999999 0.000967854 0.000174808 -0.000968145 0.999999 0.000834831 -0.000174191 -0.000835169 0.999999 -0.0787651 0.0199456 0.412809
FixedParameters: 0 0 0

#Transform 183
Transform: AffineTransform_float_3_3
Parameters: 0.999999 0.000967848 0.000244603 -0.000968152 1 0.000622764 -0.000243397 -0.000623236 1 -0.0642162 0.0202619 0.424847
FixedParameters: 0 0 0

#Transform 184
Transform: AffineTransform_float_3_3
Parameters: 1 0.000967762 0.000305756 -0.000968239 0.999999 0.000780704 -0.000305245 -0.000780296 0.999999 -0.0873639 -0.0124267 0.435901
FixedParameters: 0 0 0

#Transform 185
Transform: AffineTransform_float_3_3
Parameters: 1 0.00106481 0.000175158 -0.00106519 0.999999 0.00108681 -0.000173842 -0.00108719 1 -0.0812191 -0.00824255 0.462436
FixedParameters: 0 0 0

#Transform 186
Transform: AffineTransform_float_3_3
Parameters: 1 0.000967467 0.000473094 -0.000968534 0.999999 0.00112954 -0.000471907 -0.00112946 1 -0.0911958 -0.00726532 0.464695
FixedParameters: 0 0 0

#Transform 187
Transform: AffineTransform_float_3_3
Parameters: 1 0.000967261 0.000528356 -0.00096774 0.999998 0.00140049 -0.000527645 -0.00140151 0.999999 -0.0770108 -0.00229735 0.458133
FixedParameters: 0 0 0

#Transform 188
Transform: AffineTransform_float_3_3
Parameters: 0.999999 0.000967807 0.000175066 -0.000968192 0.999999 0.00110083 -0.000173934 -0.00110117 1 -0.0724279 -0.00723129 0.438612
FixedParameters: 0 0 0

#Transform 189
Transform: AffineTransform_float_3_3
Parameters: 0.999999 0.00121782 0.00017527 -0.00121818 0.999998 0.00104279 -0.000173729 -0.00104321 0.999999 -0.0845771 0.00244592 0.437594
FixedParameters: 0 0 0

#Transform 190
Transform: AffineTransform_float_3_3
Parameters: 1 0.000967822 0.000231747 -0.00096818 0.999999 0.000771776 -0.000231253 -0.000772224 0.999999 -0.0809233 0.022993 0.432377
FixedParameters: 0 0 0

#Transform 191
Transform: AffineTransform_float_3_3
Parameters: 1 0.000967487 0.000394262 -0.000968513 0.999998 0.00130362 -0.000392738 -0.00130338 0.999999 -0.0833622 -0.00807887 0.455128
FixedParameters: 0 0 0

#Transform 192
