# transform file /out/sourcedata/freesurfer/sub-v2s11x28703_ses-1/mri/transforms/cc_up.lta
# created by oesteban on Tue Mar 10 22:57:29 2026

type      = 0 # LINEAR_VOX_TO_VOX
nxforms   = 1
mean      = 161.0000 161.0000 156.0000
sigma     = 10000.0000
1 4 4
9.955922961235046e-01 -3.710000962018967e-02 8.613584190607071e-02 -3.775175094604492e+01 
3.696193173527718e-02 9.993114471435547e-01 3.197841811925173e-03 -1.728651237487793e+01 
-8.619518578052521e-02 2.328306158982940e-10 9.962781667709351e-01 -1.570693302154541e+01 
0.000000000000000e+00 0.000000000000000e+00 0.000000000000000e+00 1.000000000000000e+00 
src volume info
valid = 1  # volume info valid
filename = /out/sourcedata/freesurfer/sub-v2s11x28703_ses-1/mri/norm.mgz
volume = 320 320 320
voxelsize = 7.999999523162842e-01 7.999999523162842e-01 7.999999523162842e-01
xras   = -9.999999403953552e-01 0.000000000000000e+00 0.000000000000000e+00
yras   = 0.000000000000000e+00 0.000000000000000e+00 -9.999999403953552e-01
zras   = 0.000000000000000e+00 9.999999403953552e-01 0.000000000000000e+00
cras   = 3.922203063964844e+00 -1.093373870849609e+01 1.643711853027344e+01
dst volume info
valid = 1  # volume info valid
filename = /out/sourcedata/freesurfer/sub-v2s11x28703_ses-1/mri/norm.mgz
volume = 320 320 320
voxelsize = 7.999999523162842e-01 7.999999523162842e-01 7.999999523162842e-01
xras   = -9.999999403953552e-01 0.000000000000000e+00 0.000000000000000e+00
yras   = 0.000000000000000e+00 0.000000000000000e+00 -9.999999403953552e-01
zras   = 0.000000000000000e+00 9.999999403953552e-01 0.000000000000000e+00
cras   = 3.922203063964844e+00 -1.093373870849609e+01 1.643711853027344e+01
