# transform file transforms/talairach.lta
# created by oesteban on Tue Mar 10 21:18:42 2026

type      = 0 # LINEAR_VOX_TO_VOX
nxforms   = 1
mean      = 161.0000 163.0000 156.0000
sigma     = 10000.0000
1 4 4
8.251415491104126e-01 -4.112643655389547e-03 6.123109906911850e-02 -1.364638328552246e+01 
-1.825338695198298e-03 9.715661406517029e-01 2.775471657514572e-02 -4.209159088134766e+01 
-1.012775599956512e-01 -3.734786808490753e-02 8.470042347908020e-01 3.493531465530396e+00 
0.000000000000000e+00 0.000000000000000e+00 0.000000000000000e+00 1.000000000000000e+00 
src volume info
valid = 1  # volume info valid
filename = nu.mgz
volume = 320 320 320
voxelsize = 7.999999523162842e-01 7.999999523162842e-01 7.999999523162842e-01
xras   = -9.999999403953552e-01 0.000000000000000e+00 0.000000000000000e+00
yras   = 0.000000000000000e+00 0.000000000000000e+00 -9.999999403953552e-01
zras   = 0.000000000000000e+00 9.999999403953552e-01 0.000000000000000e+00
cras   = 3.922203063964844e+00 -1.093373870849609e+01 1.643711853027344e+01
dst volume info
valid = 1  # volume info valid
filename = /opt/freesurfer/average/RB_all_2020-01-02.gca
volume = 256 256 256
voxelsize = 1.000000000000000e+00 1.000000000000000e+00 1.000000000000000e+00
xras   = -1.000000000000000e+00 0.000000000000000e+00 0.000000000000000e+00
yras   = 0.000000000000000e+00 0.000000000000000e+00 -1.000000000000000e+00
zras   = 0.000000000000000e+00 1.000000000000000e+00 0.000000000000000e+00
cras   = 0.000000000000000e+00 0.000000000000000e+00 0.000000000000000e+00
