# transform file /out/sourcedata/freesurfer/sub-v2s11x28675_ses-1/mri/transforms/cc_up.lta
# created by oesteban on Tue Mar 10 16:03:58 2026

type      = 0 # LINEAR_VOX_TO_VOX
nxforms   = 1
mean      = 160.0000 157.0000 155.0000
sigma     = 10000.0000
1 4 4
9.997435212135315e-01 -1.058649830520153e-02 -2.002092823386192e-02 -2.786369895935059e+01 
1.058437582105398e-02 9.999439716339111e-01 -2.119633863912895e-04 -7.657651901245117e+00 
2.002205140888691e-02 -1.455191522836685e-11 9.997995495796204e-01 -1.817859458923340e+01 
0.000000000000000e+00 0.000000000000000e+00 0.000000000000000e+00 1.000000000000000e+00 
src volume info
valid = 1  # volume info valid
filename = /out/sourcedata/freesurfer/sub-v2s11x28675_ses-1/mri/norm.mgz
volume = 320 320 320
voxelsize = 7.999999523162842e-01 7.999999523162842e-01 7.999999523162842e-01
xras   = -9.999999403953552e-01 0.000000000000000e+00 0.000000000000000e+00
yras   = 0.000000000000000e+00 0.000000000000000e+00 -9.999999403953552e-01
zras   = 0.000000000000000e+00 9.999999403953552e-01 0.000000000000000e+00
cras   = 5.738182067871094e+00 -1.028855895996094e+01 1.597264099121094e+01
dst volume info
valid = 1  # volume info valid
filename = /out/sourcedata/freesurfer/sub-v2s11x28675_ses-1/mri/norm.mgz
volume = 320 320 320
voxelsize = 7.999999523162842e-01 7.999999523162842e-01 7.999999523162842e-01
xras   = -9.999999403953552e-01 0.000000000000000e+00 0.000000000000000e+00
yras   = 0.000000000000000e+00 0.000000000000000e+00 -9.999999403953552e-01
zras   = 0.000000000000000e+00 9.999999403953552e-01 0.000000000000000e+00
cras   = 5.738182067871094e+00 -1.028855895996094e+01 1.597264099121094e+01
