# transform file /out/sourcedata/freesurfer/sub-v2s11x28707_ses-1/mri/transforms/cc_up.lta
# created by oesteban on Tue Mar 10 23:22:47 2026

type      = 0 # LINEAR_VOX_TO_VOX
nxforms   = 1
mean      = 159.0000 154.0000 136.0000
sigma     = 10000.0000
1 4 4
9.980863928794861e-01 -1.980340108275414e-02 -5.857827141880989e-02 -2.120055961608887e+01 
1.976938173174858e-02 9.998039007186890e-01 -1.160276471637189e-03 -9.001348495483398e+00 
5.858976021409035e-02 0.000000000000000e+00 9.982821345329285e-01 -3.182806730270386e+00 
0.000000000000000e+00 0.000000000000000e+00 0.000000000000000e+00 1.000000000000000e+00 
src volume info
valid = 1  # volume info valid
filename = /out/sourcedata/freesurfer/sub-v2s11x28707_ses-1/mri/norm.mgz
volume = 320 320 320
voxelsize = 7.999999523162842e-01 7.999999523162842e-01 7.999999523162842e-01
xras   = -9.999999403953552e-01 0.000000000000000e+00 0.000000000000000e+00
yras   = 0.000000000000000e+00 0.000000000000000e+00 -9.999999403953552e-01
zras   = 0.000000000000000e+00 9.999999403953552e-01 0.000000000000000e+00
cras   = -3.150863647460938e-01 2.080731964111328e+01 1.933914947509766e+01
dst volume info
valid = 1  # volume info valid
filename = /out/sourcedata/freesurfer/sub-v2s11x28707_ses-1/mri/norm.mgz
volume = 320 320 320
voxelsize = 7.999999523162842e-01 7.999999523162842e-01 7.999999523162842e-01
xras   = -9.999999403953552e-01 0.000000000000000e+00 0.000000000000000e+00
yras   = 0.000000000000000e+00 0.000000000000000e+00 -9.999999403953552e-01
zras   = 0.000000000000000e+00 9.999999403953552e-01 0.000000000000000e+00
cras   = -3.150863647460938e-01 2.080731964111328e+01 1.933914947509766e+01
