# transform file transforms/talairach.lta
# created by oesteban on Tue Mar 10 21:19:42 2026

type      = 0 # LINEAR_VOX_TO_VOX
nxforms   = 1
mean      = 159.0000 158.0000 135.0000
sigma     = 10000.0000
1 4 4
8.395827412605286e-01 2.645264193415642e-02 -5.934413895010948e-02 -5.132658481597900e+00 
-1.025951281189919e-02 8.950793147087097e-01 1.184737086296082e-01 -3.043785476684570e+01 
7.232686877250671e-02 -8.409067988395691e-02 7.928240299224854e-01 5.605418205261230e+00 
0.000000000000000e+00 0.000000000000000e+00 0.000000000000000e+00 1.000000000000000e+00 
src volume info
valid = 1  # volume info valid
filename = nu.mgz
volume = 320 320 320
voxelsize = 7.999999523162842e-01 7.999999523162842e-01 7.999999523162842e-01
xras   = -9.999999403953552e-01 0.000000000000000e+00 0.000000000000000e+00
yras   = 0.000000000000000e+00 0.000000000000000e+00 -9.999999403953552e-01
zras   = 0.000000000000000e+00 9.999999403953552e-01 0.000000000000000e+00
cras   = -3.150863647460938e-01 2.080731964111328e+01 1.933914947509766e+01
dst volume info
valid = 1  # volume info valid
filename = /opt/freesurfer/average/RB_all_2020-01-02.gca
volume = 256 256 256
voxelsize = 1.000000000000000e+00 1.000000000000000e+00 1.000000000000000e+00
xras   = -1.000000000000000e+00 0.000000000000000e+00 0.000000000000000e+00
yras   = 0.000000000000000e+00 0.000000000000000e+00 -1.000000000000000e+00
zras   = 0.000000000000000e+00 1.000000000000000e+00 0.000000000000000e+00
cras   = 0.000000000000000e+00 0.000000000000000e+00 0.000000000000000e+00
