# transform file /out/sourcedata/freesurfer/sub-v2s11x28691_ses-1/mri/transforms/cc_up.lta
# created by oesteban on Tue Mar 10 20:29:37 2026

type      = 0 # LINEAR_VOX_TO_VOX
nxforms   = 1
mean      = 159.0000 158.0000 147.0000
sigma     = 10000.0000
1 4 4
9.979465007781982e-01 3.118901327252388e-02 5.594699457287788e-02 -4.427475357055664e+01 
-3.114011697471142e-02 9.995135068893433e-01 -1.745781046338379e-03 3.343617677688599e+00 
-5.597422644495964e-02 1.164153218269348e-10 9.984322786331177e-01 2.279473066329956e+00 
0.000000000000000e+00 0.000000000000000e+00 0.000000000000000e+00 1.000000000000000e+00 
src volume info
valid = 1  # volume info valid
filename = /out/sourcedata/freesurfer/sub-v2s11x28691_ses-1/mri/norm.mgz
volume = 320 320 320
voxelsize = 7.999998927116394e-01 7.999998927116394e-01 7.999998927116394e-01
xras   = -9.999999403953552e-01 0.000000000000000e+00 0.000000000000000e+00
yras   = 0.000000000000000e+00 0.000000000000000e+00 -9.999999403953552e-01
zras   = 0.000000000000000e+00 9.999999403953552e-01 0.000000000000000e+00
cras   = -3.437294006347656e+00 8.462669372558594e+00 4.742005920410156e+01
dst volume info
valid = 1  # volume info valid
filename = /out/sourcedata/freesurfer/sub-v2s11x28691_ses-1/mri/norm.mgz
volume = 320 320 320
voxelsize = 7.999998927116394e-01 7.999998927116394e-01 7.999998927116394e-01
xras   = -9.999999403953552e-01 0.000000000000000e+00 0.000000000000000e+00
yras   = 0.000000000000000e+00 0.000000000000000e+00 -9.999999403953552e-01
zras   = 0.000000000000000e+00 9.999999403953552e-01 0.000000000000000e+00
cras   = -3.437294006347656e+00 8.462669372558594e+00 4.742005920410156e+01
