#Insight Transform File V1.0
#Transform 0
Transform: AffineTransform_float_3_3
Parameters: 0.999999 -0.000838819 -0.000431352 0.000839181 0.999999 0.000419638 0.000431648 -0.000419362 1 0.0380542 -0.0344326 -0.00860056
FixedParameters: 0 0 0

#Transform 1
Transform: AffineTransform_float_3_3
Parameters: 1 -0.000596737 -0.0003145 0.000596263 1 0.000837813 0.0003135 -0.000838187 0.999999 0.0369917 -0.0737735 0.0390002
FixedParameters: 0 0 0

#Transform 2
Transform: AffineTransform_float_3_3
Parameters: 1 -0.000280015 2.28166e-05 0.000279985 0.999999 0.000655006 -2.31834e-05 -0.000654993 1 0.0264736 -0.0401703 0.0463507
FixedParameters: 0 0 0

#Transform 3
Transform: AffineTransform_float_3_3
Parameters: 1 -0.000813919 -0.000615107 0.000814081 0.999999 0.000130499 0.000614893 -0.0001315 1 0.012105 0.0183957 -0.0193864
FixedParameters: 0 0 0

#Transform 4
Transform: AffineTransform_float_3_3
Parameters: 0.999999 -0.00072798 -0.000431033 0.000728019 0.999999 4.56862e-05 0.000431966 -4.63145e-05 1 0.0376853 0.0533574 -0.0374847
FixedParameters: 0 0 0

#Transform 5
Transform: AffineTransform_float_3_3
Parameters: 0.999999 -0.00072809 -0.000430848 0.000727909 0.999999 -0.000209314 0.000431153 0.000209686 1 0.031605 -0.0558183 -0.00543579
FixedParameters: 0 0 0

#Transform 6
Transform: AffineTransform_float_3_3
Parameters: 0.999999 -0.000727945 -0.000140283 0.000728054 0.999999 0.000388898 0.000139717 -0.000389102 1 0.0296087 -0.0828799 0.0458529
FixedParameters: 0 0 0

#Transform 7
Transform: AffineTransform_float_3_3
Parameters: 1 -0.000510023 4.87628e-05 0.000509977 1 0.000465025 -4.82371e-05 -0.000464975 1 0.0280029 -0.0644351 0.0349514
FixedParameters: 0 0 0

#Transform 8
Transform: AffineTransform_float_3_3
Parameters: 1 -0.000583907 -0.000275197 0.000584092 1 0.000336839 0.000274803 -0.00033716 1 0.013493 -0.0477642 0.0184867
FixedParameters: 0 0 0

#Transform 9
Transform: AffineTransform_float_3_3
Parameters: 1 -0.000978307 -0.000549455 0.000977695 1 -0.000557538 0.000549544 0.000556463 0.999999 0.019544 0.0155108 -0.0273667
FixedParameters: 0 0 0

#Transform 10
Transform: AffineTransform_float_3_3
Parameters: 1 -0.000977092 -0.000703873 0.000976908 0.999999 -0.000130688 0.000704128 0.000130312 0.999999 0.01573 -0.0567163 0.00567131
FixedParameters: 0 0 0

#Transform 11
Transform: AffineTransform_float_3_3
Parameters: 0.999999 -0.000727981 -0.000255054 0.000728018 0.999999 7.38143e-05 0.000254946 -7.41856e-05 1 0.0169745 -0.1202 0.0542777
FixedParameters: 0 0 0

#Transform 12
Transform: AffineTransform_float_3_3
Parameters: 1 -0.000491926 -0.000311116 0.000492074 1 0.000236847 0.000310884 -0.000236153 1 -0.0104993 -0.0857438 0.045092
FixedParameters: 0 0 0

#Transform 13
Transform: AffineTransform_float_3_3
Parameters: 0.999999 -0.000581916 -0.0004881 0.000582084 1 0.000171716 0.0004879 -0.000172284 1 -0.0223419 -0.0132814 0.00726398
FixedParameters: 0 0 0

#Transform 14
Transform: AffineTransform_float_3_3
Parameters: 0.999999 -0.000728157 -0.000433735 0.000727842 0.999999 -0.000363316 0.000434265 0.000363684 1 -0.0126394 0.0178531 -0.0188346
FixedParameters: 0 0 0

#Transform 15
Transform: AffineTransform_float_3_3
Parameters: 0.999999 -0.00072788 -0.000488178 0.000728119 0.999999 0.000244645 0.000487821 -0.000245355 1 -0.0139832 -0.0322994 0.010698
FixedParameters: 0 0 0

#Transform 16
Transform: AffineTransform_float_3_3
Parameters: 1 -0.000394965 -0.000120114 0.000395034 1 0.000287953 0.000119886 -0.000288047 1 -0.0108226 -0.089628 0.0665115
FixedParameters: 0 0 0

#Transform 17
Transform: AffineTransform_float_3_3
Parameters: 1 0.000150823 0.000440061 -0.000151177 1 0.000401933 -0.000439939 -0.000402066 1 -0.0135308 -0.0644903 0.0526713
FixedParameters: 0 0 0

#Transform 18
Transform: AffineTransform_float_3_3
Parameters: 1 9.59967e-05 1.90166e-05 -9.60033e-05 1 0.000172998 -1.89834e-05 -0.000173002 1 -0.0304638 -0.046392 0.0653115
FixedParameters: 0 0 0

#Transform 19
Transform: AffineTransform_float_3_3
Parameters: 1 -0.000493133 -0.000285771 0.000492867 1 -0.000465141 0.000286229 0.000464859 1 -0.0225632 0.0375304 -0.0175172
FixedParameters: 0 0 0

#Transform 20
Transform: AffineTransform_float_3_3
Parameters: 1 -6.49545e-05 -0.000535005 6.50455e-05 1 8.49652e-05 0.000534994 -8.50347e-05 1 -0.0341864 0.0242013 -0.00374957
FixedParameters: 0 0 0

#Transform 21
Transform: AffineTransform_float_3_3
Parameters: 1 -0.000328989 6.8052e-05 0.000329011 1 -0.000157978 -6.7948e-05 0.000158022 1 -0.0167708 -0.078927 0.0628569
FixedParameters: 0 0 0

#Transform 22
Transform: AffineTransform_float_3_3
Parameters: 1 5.99966e-06 -1.80001e-05 -6.00034e-06 1 -1.89999e-05 1.79999e-05 1.90001e-05 1 -0.0281981 -0.118693 0.0757502
FixedParameters: 0 0 0

#Transform 23
Transform: AffineTransform_float_3_3
Parameters: 1 0.000144993 7.20139e-05 -0.000145007 1 9.59896e-05 -7.19861e-05 -9.60104e-05 1 -0.0330108 -0.0863896 0.063697
FixedParameters: 0 0 0

#Transform 24
Transform: AffineTransform_float_3_3
Parameters: 1 -0.000488241 -0.000328642 0.000487759 0.999999 -0.00073416 0.000328358 0.000733839 0.999999 -0.0175711 -0.0448854 0.0163801
FixedParameters: 0 0 0

#Transform 25
Transform: AffineTransform_float_3_3
Parameters: 0.999999 -0.000738027 -3.64583e-05 0.000737973 1 -0.000734027 3.75417e-05 0.000733973 0.999999 -0.00954183 0.013957 0.0153918
FixedParameters: 0 0 0

#Transform 26
Transform: AffineTransform_float_3_3
Parameters: 1 -0.000488031 -0.000164907 0.000487969 1 -0.00019008 0.000165093 0.000189919 1 -0.00265247 -0.0743808 0.0837625
FixedParameters: 0 0 0

#Transform 27
Transform: AffineTransform_float_3_3
Parameters: 1 -0.000487983 -0.00010408 0.000488017 1 0.000162949 0.00010492 -0.000163051 1 -0.00195828 -0.113575 0.102872
FixedParameters: 0 0 0

#Transform 28
Transform: AffineTransform_float_3_3
Parameters: 1 -0.000414999 -2.10108e-05 0.000415 1 2.59913e-05 2.09892e-05 -2.60087e-05 1 -0.0158625 -0.0780723 0.108388
FixedParameters: 0 0 0

#Transform 29
Transform: AffineTransform_float_3_3
Parameters: 1 0.000296998 0.000206003 -0.000297002 1 9.93882e-06 -0.000205997 -1.00612e-05 1 -0.0270722 -0.0575799 0.101686
FixedParameters: 0 0 0

#Transform 30
Transform: AffineTransform_float_3_3
Parameters: 1 -0.00019501 -3.49446e-05 0.00019499 1 -0.000284007 3.50554e-05 0.000283993 1 -0.0223419 0.0728997 0.0510872
FixedParameters: 0 0 0

#Transform 31
Transform: AffineTransform_float_3_3
Parameters: 1 -0.000490973 7.51762e-05 0.000491027 1 -0.000358963 -7.48237e-05 0.000359037 1 -0.00369438 0.0604728 0.0339836
FixedParameters: 0 0 0

#Transform 32
Transform: AffineTransform_float_3_3
Parameters: 0.999999 -0.000651951 0.000426074 0.000652048 1 -0.000113722 -0.000425926 0.000113278 1 0.00839414 -0.00488442 0.0725944
FixedParameters: 0 0 0

#Transform 33
Transform: AffineTransform_float_3_3
Parameters: 1 -0.000443018 7.4891e-05 0.000442981 1 0.000246033 -7.51094e-05 -0.000246967 1 -0.00864074 -0.0967012 0.113901
FixedParameters: 0 0 0

#Transform 34
Transform: AffineTransform_float_3_3
Parameters: 1 -8.00246e-05 6.39692e-05 7.99753e-05 1 0.000385005 -6.40308e-05 -0.000384995 1 -0.0317866 -0.0724553 0.118499
FixedParameters: 0 0 0

#Transform 35
Transform: AffineTransform_float_3_3
Parameters: 1 0.000227963 8.60992e-05 -0.000228037 1 0.00043498 -8.59008e-05 -0.000435019 1 -0.0375648 -0.0590517 0.121137
FixedParameters: 0 0 0

#Transform 36
Transform: AffineTransform_float_3_3
Parameters: 1 7.49829e-05 0.000111012 -7.50171e-05 1 0.000153992 -0.000110988 -0.000154008 1 -0.0454742 -0.0228167 0.10064
FixedParameters: 0 0 0

#Transform 37
Transform: AffineTransform_float_3_3
Parameters: 1 0.000192997 0.000266002 -0.000193003 1 1.09487e-05 -0.000265998 -1.10513e-05 1 -0.0355302 0.0440603 0.0594836
FixedParameters: 0 0 0

#Transform 38
Transform: AffineTransform_float_3_3
Parameters: 1 -7.99406e-05 0.000224021 8.00596e-05 1 -0.000264982 -0.000224979 0.000265018 1 -0.0329704 -0.0133692 0.081914
FixedParameters: 0 0 0

#Transform 39
Transform: AffineTransform_float_3_3
Parameters: 1 -2.60155e-05 0.000209998 2.59845e-05 1 7.40055e-05 -0.000210002 -7.39945e-05 1 -0.0334352 -0.0657909 0.135413
FixedParameters: 0 0 0

#Transform 40
Transform: AffineTransform_float_3_3
Parameters: 1 0.00017096 0.000243028 -0.00017104 1 0.000164958 -0.000242972 -0.000165042 1 -0.0395995 -0.0626461 0.120671
FixedParameters: 0 0 0

#Transform 41
Transform: AffineTransform_float_3_3
Parameters: 1 0.000281908 0.000303085 -0.000282092 1 0.000302914 -0.000302914 -0.000303085 1 -0.0504792 -0.0449268 0.125668
FixedParameters: 0 0 0

#Transform 42
Transform: AffineTransform_float_3_3
Parameters: 1 0.000264985 0.000381011 -0.000265015 1 3.9899e-05 -0.000380989 -4.0101e-05 1 -0.0489389 0.0553246 0.0889197
FixedParameters: 0 0 0

#Transform 43
Transform: AffineTransform_float_3_3
Parameters: 1 3.58645e-05 0.000413012 -3.61355e-05 1 0.000327985 -0.000412988 -0.000328015 1 -0.0330305 0.0589454 0.0585004
FixedParameters: 0 0 0

#Transform 44
Transform: AffineTransform_float_3_3
Parameters: 1 -8.00521e-05 0.00040999 7.99479e-05 1 0.000127033 -0.00041001 -0.000126967 1 -0.0228331 -0.0297652 0.0924909
FixedParameters: 0 0 0

#Transform 45
Transform: AffineTransform_float_3_3
Parameters: 0.999999 -0.000272666 0.000699741 0.000271333 1 0.000952191 -0.000700259 -0.00095181 1 0.0341086 -0.084949 0.120641
FixedParameters: 0 0 0

#Transform 46
Transform: AffineTransform_float_3_3
Parameters: 0.999998 -0.00154813 0.00110143 0.00154287 0.999984 0.00554471 -0.00111057 -0.00554329 0.999984 0.120764 0.104351 0.16406
FixedParameters: 0 0 0

#Transform 47
Transform: AffineTransform_float_3_3
Parameters: 0.999997 -0.00170728 0.00140782 0.00169872 0.999977 0.0065644 -0.00141918 -0.00656159 0.999977 0.12879 0.191134 0.10554
FixedParameters: 0 0 0

#Transform 48
Transform: AffineTransform_float_3_3
Parameters: 0.999997 -0.00143496 0.00165642 0.00142503 0.999981 0.00600037 -0.00166558 -0.00599762 0.99998 0.128849 0.224379 0.0469344
FixedParameters: 0 0 0

#Transform 49
Transform: AffineTransform_float_3_3
Parameters: 0.999998 -0.0012348 0.00155226 0.0012242 0.99998 0.00629492 -0.00156074 -0.00629309 0.999979 0.114204 0.161199 0.077424
FixedParameters: 0 0 0

#Transform 50
Transform: AffineTransform_float_3_3
Parameters: 0.999998 -0.00123799 0.00195283 0.00122502 0.999977 0.00663941 -0.00196018 -0.00663659 0.999976 0.134208 0.132719 0.103311
FixedParameters: 0 0 0

#Transform 51
Transform: AffineTransform_float_3_3
Parameters: 0.999998 -0.0014809 0.00178117 0.0014691 0.999976 0.00666363 -0.00179083 -0.00666137 0.999976 0.137351 0.162865 0.0863411
FixedParameters: 0 0 0

#Transform 52
Transform: AffineTransform_float_3_3
Parameters: 0.999997 -0.00148176 0.00190917 0.00146924 0.999976 0.00666682 -0.00191884 -0.00666417 0.999976 0.151245 0.166346 0.0733913
FixedParameters: 0 0 0

#Transform 53
Transform: AffineTransform_float_3_3
Parameters: 0.999998 -0.00131903 0.00192582 0.00130698 0.999979 0.00623353 -0.00193318 -0.00623146 0.999978 0.126195 0.21744 0.0340188
FixedParameters: 0 0 0

#Transform 54
Transform: AffineTransform_float_3_3
Parameters: 0.999997 -0.00122562 0.0018604 0.00121338 0.99998 0.00623327 -0.0018686 -0.00623172 0.999979 0.115999 0.19614 0.0408588
FixedParameters: 0 0 0

#Transform 55
Transform: AffineTransform_float_3_3
Parameters: 0.999998 -0.00127616 0.00185168 0.00126384 0.999977 0.00655435 -0.00186032 -0.00655264 0.999977 0.108778 0.151519 0.0758405
FixedParameters: 0 0 0

#Transform 56
Transform: AffineTransform_float_3_3
Parameters: 0.999998 -0.00114579 0.00175737 0.00113422 0.999977 0.00669301 -0.00176463 -0.00669099 0.999976 0.0982769 0.129874 0.0885496
FixedParameters: 0 0 0

#Transform 57
Transform: AffineTransform_float_3_3
Parameters: 0.999998 -0.000838328 0.00179931 0.000825669 0.999977 0.0068405 -0.00180569 -0.0068395 0.999975 0.0815257 0.155911 0.0808912
FixedParameters: 0 0 0

#Transform 58
Transform: AffineTransform_float_3_3
Parameters: 0.999998 -0.00101474 0.00185262 0.00100326 0.999979 0.00632487 -0.00185938 -0.00632313 0.999979 0.0834764 0.195495 0.0528732
FixedParameters: 0 0 0

#Transform 59
Transform: AffineTransform_float_3_3
Parameters: 0.999997 -0.00101507 0.00195478 0.00100293 0.99998 0.00616597 -0.00196122 -0.00616402 0.999979 0.0796575 0.210061 0.0128171
FixedParameters: 0 0 0

#Transform 60
Transform: AffineTransform_float_3_3
Parameters: 0.999998 -0.00101315 0.00164378 0.00100285 0.99998 0.00616565 -0.00165021 -0.00616333 0.999979 0.0783578 0.157704 0.0664982
FixedParameters: 0 0 0

#Transform 61
Transform: AffineTransform_float_3_3
Parameters: 0.999998 -0.00101507 0.00185444 0.00100293 0.999979 0.00649788 -0.00186056 -0.00649613 0.999977 0.083746 0.0879233 0.0984983
FixedParameters: 0 0 0

#Transform 62
Transform: AffineTransform_float_3_3
Parameters: 0.999997 -0.000882631 0.00203915 0.000868368 0.999978 0.00667679 -0.00204484 -0.00667421 0.999975 0.0834299 0.121016 0.0995638
FixedParameters: 0 0 0

#Transform 63
Transform: AffineTransform_float_3_3
Parameters: 0.999998 -0.000623429 0.00184184 0.000611578 0.999977 0.00674014 -0.00184516 -0.00673986 0.999975 0.0655915 0.188116 0.0677495
FixedParameters: 0 0 0

#Transform 64
Transform: AffineTransform_float_3_3
Parameters: 0.999997 -0.00078186 0.00204012 0.000769139 0.99998 0.00629758 -0.00204488 -0.00629542 0.999978 0.0709697 0.221704 0.0397825
FixedParameters: 0 0 0

#Transform 65
Transform: AffineTransform_float_3_3
Parameters: 0.999998 -0.000777282 0.00188598 0.000764718 0.999979 0.00650446 -0.00189101 -0.00650255 0.999977 0.0619866 0.192385 0.0734743
FixedParameters: 0 0 0

#Transform 66
Transform: AffineTransform_float_3_3
Parameters: 0.999998 -0.000527358 0.00204159 0.000513639 0.999978 0.00653806 -0.0020454 -0.00653693 0.999976 0.0646175 0.133395 0.124004
FixedParameters: 0 0 0

#Transform 67
Transform: AffineTransform_float_3_3
Parameters: 0.999998 -0.000294834 0.00204305 0.000281168 0.999977 0.00676759 -0.00204495 -0.00676741 0.999975 0.0455176 0.172681 0.101675
FixedParameters: 0 0 0

#Transform 68
Transform: AffineTransform_float_3_3
Parameters: 0.999998 -0.000492933 0.00186864 0.000480065 0.999976 0.00691491 -0.00187237 -0.00691409 0.999975 0.0317471 0.191271 0.103247
FixedParameters: 0 0 0

#Transform 69
Transform: AffineTransform_float_3_3
Parameters: 0.999998 -0.000411383 0.00204235 0.000398613 0.999979 0.00654883 -0.00204565 -0.00654818 0.999977 0.0344962 0.244051 0.0531964
FixedParameters: 0 0 0

#Transform 70
Transform: AffineTransform_float_3_3
Parameters: 0.999998 -0.000585103 0.00187126 0.000572898 0.999979 0.00646209 -0.00187474 -0.00646092 0.999978 0.0357348 0.225975 0.048883
FixedParameters: 0 0 0

#Transform 71
Transform: AffineTransform_float_3_3
Parameters: 0.999997 -0.000586504 0.00204117 0.000572497 0.999978 0.00661018 -0.00204483 -0.00660882 0.999976 0.0504426 0.170073 0.0927606
FixedParameters: 0 0 0

#Transform 72
Transform: AffineTransform_float_3_3
Parameters: 0.999998 -0.000659905 0.0019126 0.000647092 0.999977 0.00674026 -0.00191741 -0.00673875 0.999976 0.0619575 0.122676 0.0984518
FixedParameters: 0 0 0

#Transform 73
Transform: AffineTransform_float_3_3
Parameters: 0.999998 -0.000499217 0.00192362 0.000485788 0.999977 0.00686495 -0.00192638 -0.00686405 0.999974 0.0528876 0.131907 0.0967307
FixedParameters: 0 0 0

#Transform 74
Transform: AffineTransform_float_3_3
Parameters: 0.999998 -0.000359895 0.0020426 0.0003461 0.999977 0.00679972 -0.0020454 -0.00679828 0.999975 0.0483982 0.216803 0.0695905
FixedParameters: 0 0 0

#Transform 75
Transform: AffineTransform_float_3_3
Parameters: 0.999998 -0.000585677 0.00195124 0.000573324 0.999979 0.00649113 -0.00195476 -0.00648987 0.999977 0.0472268 0.239009 0.0460319
FixedParameters: 0 0 0

#Transform 76
Transform: AffineTransform_float_3_3
Parameters: 0.999998 -0.000706071 0.00197538 0.00069293 0.999978 0.00661038 -0.00197962 -0.00660862 0.999976 0.0626204 0.193848 0.0590808
FixedParameters: 0 0 0

#Transform 77
Transform: AffineTransform_float_3_3
Parameters: 0.999998 -0.000664378 0.00198958 0.000651626 0.999977 0.00671731 -0.00199342 -0.00671569 0.999975 0.0696618 0.122445 0.0977416
FixedParameters: 0 0 0

#Transform 78
Transform: AffineTransform_float_3_3
Parameters: 0.999997 -0.000587296 0.00204094 0.000572704 0.999976 0.00699819 -0.00204506 -0.00699682 0.999974 0.0572045 0.159689 0.110298
FixedParameters: 0 0 0

#Transform 79
Transform: AffineTransform_float_3_3
Parameters: 0.999997 -0.000587184 0.00209307 0.000572815 0.999977 0.00677121 -0.00209693 -0.00676978 0.999975 0.0554101 0.202637 0.0932471
FixedParameters: 0 0 0

#Transform 80
Transform: AffineTransform_float_3_3
Parameters: 0.999997 -0.000655361 0.00204076 0.000641639 0.999979 0.00654032 -0.00204524 -0.00653967 0.999976 0.0707532 0.239355 0.0474113
FixedParameters: 0 0 0

#Transform 81
Transform: AffineTransform_float_3_3
Parameters: 0.999998 -0.000586061 0.00197417 0.00057294 0.999978 0.00661015 -0.00197783 -0.00660886 0.999976 0.0545994 0.234947 0.0529013
FixedParameters: 0 0 0

#Transform 82
Transform: AffineTransform_float_3_3
Parameters: 0.999997 -0.000586504 0.00204117 0.000572497 0.999978 0.00661018 -0.00204483 -0.00660882 0.999976 0.0706518 0.144422 0.110099
FixedParameters: 0 0 0

#Transform 83
Transform: AffineTransform_float_3_3
Parameters: 0.999997 -0.000671757 0.00204052 0.000657239 0.999977 0.00673536 -0.00204547 -0.00673364 0.999975 0.0709533 0.147974 0.0994794
FixedParameters: 0 0 0

#Transform 84
Transform: AffineTransform_float_3_3
Parameters: 0.999997 -0.000586504 0.00204117 0.000572497 0.999978 0.00661018 -0.00204483 -0.00660882 0.999976 0.0553933 0.16147 0.100927
FixedParameters: 0 0 0

#Transform 85
Transform: AffineTransform_float_3_3
Parameters: 0.999998 -0.000585445 0.00190021 0.000572557 0.999979 0.0065431 -0.00190379 -0.0065419 0.999977 0.0501381 0.220477 0.0630633
FixedParameters: 0 0 0

#Transform 86
Transform: AffineTransform_float_3_3
Parameters: 0.999998 -0.00058555 0.00191922 0.000572452 0.999979 0.00653311 -0.00192278 -0.00653189 0.999977 0.0406098 0.229577 0.0576537
FixedParameters: 0 0 0

#Transform 87
Transform: AffineTransform_float_3_3
Parameters: 0.999998 -0.000642609 0.00187272 0.000630389 0.999977 0.00672619 -0.00187728 -0.00672481 0.999975 0.0497533 0.157164 0.10918
FixedParameters: 0 0 0

#Transform 88
Transform: AffineTransform_float_3_3
Parameters: 0.999998 -0.000585637 0.0018761 0.000573357 0.999977 0.00672909 -0.0018809 -0.00672791 0.999975 0.0496896 0.117492 0.118108
FixedParameters: 0 0 0

#Transform 89
Transform: AffineTransform_float_3_3
Parameters: 0.999998 -0.000158961 0.00187195 0.000146038 0.999976 0.00692229 -0.00187306 -0.00692172 0.999975 0.0317726 0.141116 0.124414
FixedParameters: 0 0 0

#Transform 90
Transform: AffineTransform_float_3_3
Parameters: 0.999998 -0.000412145 0.00191822 0.000398857 0.999976 0.00684777 -0.00192078 -0.00684722 0.999974 0.0251861 0.249961 0.0741577
FixedParameters: 0 0 0

#Transform 91
Transform: AffineTransform_float_3_3
Parameters: 0.999999 -0.000365251 0.00180977 0.000354755 0.99998 0.00621265 -0.00181124 -0.00621235 0.999979 0.0286485 0.233836 0.0696538
FixedParameters: 0 0 0

#Transform 92
Transform: AffineTransform_float_3_3
Parameters: 0.999999 -0.0005839 0.00169128 0.000573096 0.999979 0.00643798 -0.00169572 -0.00643702 0.999978 0.0303284 0.188241 0.0978908
FixedParameters: 0 0 0

#Transform 93
Transform: AffineTransform_float_3_3
Parameters: 0.999998 -0.000641485 0.00177589 0.000629515 0.999979 0.00646013 -0.0017801 -0.00645887 0.999977 0.0393908 0.136836 0.140061
FixedParameters: 0 0 0

#Transform 94
Transform: AffineTransform_float_3_3
Parameters: 0.999998 -0.000708435 0.00216123 0.000703566 0.999997 0.00251353 -0.00216377 -0.00251247 0.999994 0.0298938 0.0239616 0.105434
FixedParameters: 0 0 0

#Transform 95
Transform: AffineTransform_float_3_3
Parameters: 0.999998 -0.00110476 0.00177767 0.00110024 0.999997 0.00211696 -0.00177933 -0.00211504 0.999996 0.048537 0.0565891 0.0650593
FixedParameters: 0 0 0

#Transform 96
Transform: AffineTransform_float_3_3
Parameters: 0.999998 -0.00110495 0.0017455 0.00110105 0.999997 0.00226393 -0.0017485 -0.00226207 0.999996 0.0475906 0.126537 0.0324008
FixedParameters: 0 0 0

#Transform 97
Transform: AffineTransform_float_3_3
Parameters: 0.999998 -0.000810953 0.00175372 0.000806046 0.999995 0.00282342 -0.00175628 -0.00282158 0.999995 0.0468968 0.03473 0.111758
FixedParameters: 0 0 0

#Transform 98
Transform: AffineTransform_float_3_3
Parameters: 0.999998 -0.000906543 0.0017912 0.000901456 0.999995 0.00309362 -0.0017938 -0.00309138 0.999993 0.0482331 0.00841517 0.122869
FixedParameters: 0 0 0

#Transform 99
Transform: AffineTransform_float_3_3
Parameters: 0.999999 -0.000802693 0.00168831 0.000797308 0.999994 0.00337035 -0.0016907 -0.00336865 0.999993 0.0452834 0.0500083 0.120714
FixedParameters: 0 0 0

#Transform 100
Transform: AffineTransform_float_3_3
Parameters: 0.999998 -0.000635353 0.00186284 0.000628651 0.999994 0.00340818 -0.00186415 -0.00340782 0.999992 0.024261 0.1505 0.112614
FixedParameters: 0 0 0

#Transform 101
Transform: AffineTransform_float_3_3
Parameters: 0.999998 -0.000644028 0.00189096 0.000637971 0.999994 0.00318721 -0.00189304 -0.00318579 0.999993 0.0258233 0.206007 0.0803576
FixedParameters: 0 0 0

#Transform 102
Transform: AffineTransform_float_3_3
Parameters: 0.999998 -0.000568957 0.00201305 0.000561042 0.999994 0.00345514 -0.00201495 -0.00345386 0.999992 0.0299377 0.131486 0.116012
FixedParameters: 0 0 0

#Transform 103
Transform: AffineTransform_float_3_3
Parameters: 0.999998 -0.000873914 0.00213218 0.000867088 0.999995 0.00324086 -0.00213482 -0.00323915 0.999993 0.056541 0.0629925 0.137239
FixedParameters: 0 0 0

#Transform 104
Transform: AffineTransform_float_3_3
Parameters: 0.999998 -0.00087318 0.00176496 0.00086682 0.999994 0.00349954 -0.00176804 -0.00349747 0.999993 0.0472765 0.0857337 0.140366
FixedParameters: 0 0 0

#Transform 105
Transform: AffineTransform_float_3_3
Parameters: 0.999999 -0.000454269 0.0017664 0.000448729 0.999993 0.0035478 -0.0017686 -0.0035472 0.999992 0.0345371 0.12415 0.133583
FixedParameters: 0 0 0

#Transform 106
Transform: AffineTransform_float_3_3
Parameters: 0.999998 -0.000552175 0.00183015 0.000545825 0.999994 0.003373 -0.00183185 -0.00337199 0.999992 0.0317807 0.166849 0.0901147
FixedParameters: 0 0 0

#Transform 107
Transform: AffineTransform_float_3_3
Parameters: 0.999997 -0.000690955 0.00212175 0.000684045 0.999995 0.00327646 -0.00212425 -0.00327554 0.999993 0.0385873 0.129422 0.110921
FixedParameters: 0 0 0

#Transform 108
Transform: AffineTransform_float_3_3
Parameters: 0.999999 -0.000527198 0.00176616 0.000520799 0.999993 0.00350793 -0.00176884 -0.00350707 0.999993 0.0300437 0.0451013 0.150656
FixedParameters: 0 0 0

#Transform 109
Transform: AffineTransform_float_3_3
Parameters: 0.999999 -0.00030253 0.00176689 0.00029547 0.999993 0.00369453 -0.0017681 -0.00369447 0.999991 0.0114822 0.047012 0.156105
FixedParameters: 0 0 0

#Transform 110
Transform: AffineTransform_float_3_3
Parameters: 0.999997 2.22063e-05 0.00219109 -3.07932e-05 0.999993 0.00355694 -0.0021909 -0.00355706 0.999992 0.0203853 0.0767021 0.142566
FixedParameters: 0 0 0

#Transform 111
Transform: AffineTransform_float_3_3
Parameters: 0.999997 -0.00033926 0.00209984 0.00033274 0.999994 0.00345671 -0.00210116 -0.00345629 0.999992 0.0374524 0.166739 0.106902
FixedParameters: 0 0 0

#Transform 112
Transform: AffineTransform_float_3_3
Parameters: 0.999998 -0.000307759 0.00203299 0.00030124 0.999995 0.00332462 -0.00203401 -0.00332338 0.999993 0.0356805 0.160217 0.0800103
FixedParameters: 0 0 0

#Transform 113
Transform: AffineTransform_float_3_3
Parameters: 0.999998 -0.000335922 0.00223482 0.00032808 0.999993 0.00354474 -0.00223518 -0.00354326 0.999991 0.0442546 0.059649 0.131236
FixedParameters: 0 0 0

#Transform 114
Transform: AffineTransform_float_3_3
Parameters: 0.999998 -0.000186543 0.00210026 0.000178457 0.999991 0.00406738 -0.00210074 -0.00406661 0.999989 0.029109 0.0637273 0.15203
FixedParameters: 0 0 0

#Transform 115
Transform: AffineTransform_float_3_3
Parameters: 0.999998 0.000221061 0.00232297 -0.000230938 0.999991 0.00427848 -0.00232203 -0.00427952 0.999988 0.0163833 0.0812982 0.155264
FixedParameters: 0 0 0

#Transform 116
Transform: AffineTransform_float_3_3
Parameters: 0.999997 9.40247e-05 0.00244436 -0.00010298 0.999994 0.00367276 -0.00244464 -0.00367224 0.999991 0.0265896 0.135832 0.119237
FixedParameters: 0 0 0

#Transform 117
Transform: AffineTransform_float_3_3
Parameters: 0.999998 -6.01227e-05 0.0023108 5.18798e-05 0.999994 0.00351513 -0.0023102 -0.00351487 0.999991 0.0305868 0.15516 0.0883545
FixedParameters: 0 0 0

#Transform 118
Transform: AffineTransform_float_3_3
Parameters: 0.999996 -0.000596089 0.00255005 0.000591912 0.999999 0.00160352 -0.00255095 -0.00160249 0.999996 0.0798775 0.0461596 0.109924
FixedParameters: 0 0 0

#Transform 119
Transform: AffineTransform_float_3_3
Parameters: 0.999997 -0.000783997 0.00224288 0.000795004 0.999987 -0.00490923 -0.00223912 0.00491077 0.999986 0.162554 -0.326718 0.0930525
FixedParameters: 0 0 0

#Transform 120
Transform: AffineTransform_float_3_3
Parameters: 0.999991 -0.00372905 0.00230549 0.003905 0.996648 -0.0817248 -0.00199352 0.0817333 0.996653 0.298357 -3.51932 0.203726
FixedParameters: 0 0 0

#Transform 121
Transform: AffineTransform_float_3_3
Parameters: 0.999974 -0.00475425 0.00542037 0.00518272 0.996631 -0.081845 -0.00501257 0.081871 0.996631 0.423138 -3.36469 0.606423
FixedParameters: 0 0 0

#Transform 122
Transform: AffineTransform_float_3_3
Parameters: 0.999968 -0.00571691 0.00556587 0.0060731 0.997787 -0.0662163 -0.00517512 0.0662477 0.99779 0.461871 -2.59512 0.703017
FixedParameters: 0 0 0

#Transform 123
Transform: AffineTransform_float_3_3
Parameters: 0.999972 -0.00526288 0.00543636 0.0055611 0.998395 -0.0563633 -0.00513064 0.0563916 0.998395 0.419024 -1.9001 0.590921
FixedParameters: 0 0 0

#Transform 124
Transform: AffineTransform_float_3_3
Parameters: 0.999971 -0.00492247 0.00582679 0.00522353 0.998594 -0.0527371 -0.00555918 0.0527669 0.998592 0.426337 -1.77681 0.469633
FixedParameters: 0 0 0

#Transform 125
Transform: AffineTransform_float_3_3
Parameters: 0.999973 -0.00427135 0.00586906 0.00458864 0.998474 -0.0550425 -0.00562489 0.0550685 0.998466 0.400368 -2.0313 0.570659
FixedParameters: 0 0 0

#Transform 126
Transform: AffineTransform_float_3_3
Parameters: 0.999971 -0.00375024 0.00653317 0.00410774 0.998452 -0.0554778 -0.00631479 0.0555033 0.998439 0.399933 -2.15185 0.558365
FixedParameters: 0 0 0

#Transform 127
Transform: AffineTransform_float_3_3
Parameters: 0.999975 -0.00384122 0.00590767 0.0041508 0.998576 -0.0531768 -0.00569529 0.0531992 0.998567 0.380656 -2.03295 0.561954
FixedParameters: 0 0 0

#Transform 128
Transform: AffineTransform_float_3_3
Parameters: 0.999978 -0.00408715 0.00519158 0.00433888 0.998767 -0.0494656 -0.00498343 0.0494865 0.998763 0.356484 -1.77221 0.52803
FixedParameters: 0 0 0

#Transform 129
Transform: AffineTransform_float_3_3
Parameters: 0.999976 -0.00428803 0.00542861 0.00455799 0.998701 -0.0507365 -0.00520439 0.0507605 0.998698 0.368997 -1.79268 0.411124
FixedParameters: 0 0 0

#Transform 130
Transform: AffineTransform_float_3_3
Parameters: 0.999976 -0.00441397 0.00534714 0.00468103 0.998688 -0.0510022 -0.00511486 0.0510258 0.998684 0.3879 -1.91749 0.517967
FixedParameters: 0 0 0

#Transform 131
Transform: AffineTransform_float_3_3
Parameters: 0.999976 -0.00407012 0.00547262 0.00433889 0.998737 -0.0500514 -0.00526237 0.0500746 0.998731 0.382273 -1.89541 0.533251
FixedParameters: 0 0 0

#Transform 132
Transform: AffineTransform_float_3_3
Parameters: 0.999978 -0.0037009 0.00548767 0.00396911 0.998758 -0.0496763 -0.00529733 0.0496977 0.998751 0.367577 -1.84003 0.534972
FixedParameters: 0 0 0

#Transform 133
Transform: AffineTransform_float_3_3
Parameters: 0.99998 -0.003692 0.0051675 0.00393997 0.998799 -0.0488346 -0.0049805 0.0488534 0.998793 0.34973 -1.7046 0.507711
FixedParameters: 0 0 0

#Transform 134
Transform: AffineTransform_float_3_3
Parameters: 0.999977 -0.00418063 0.00523321 0.00443035 0.998799 -0.0487809 -0.00502281 0.0488031 0.998796 0.369593 -1.62459 0.454671
FixedParameters: 0 0 0

#Transform 135
Transform: AffineTransform_float_3_3
Parameters: 0.999977 -0.00398025 0.00552858 0.00424476 0.998803 -0.0487306 -0.00532843 0.0487533 0.998796 0.371661 -1.71305 0.486356
FixedParameters: 0 0 0

#Transform 136
Transform: AffineTransform_float_3_3
Parameters: 0.999975 -0.0039032 0.00589075 0.00418482 0.998809 -0.0486105 -0.00569426 0.0486334 0.9988 0.372015 -1.80008 0.539641
FixedParameters: 0 0 0

#Transform 137
Transform: AffineTransform_float_3_3
Parameters: 0.999977 -0.00366774 0.00571034 0.00394025 0.998819 -0.0484216 -0.00552565 0.0484424 0.99881 0.35939 -1.76443 0.524526
FixedParameters: 0 0 0

#Transform 138
Transform: AffineTransform_float_3_3
Parameters: 0.999977 -0.00391222 0.00564576 0.0041778 0.998846 -0.0478596 -0.00545226 0.0478825 0.998838 0.372104 -1.70923 0.532634
FixedParameters: 0 0 0

#Transform 139
Transform: AffineTransform_float_3_3
Parameters: 0.999976 -0.00406159 0.00557322 0.00431841 0.998895 -0.0467951 -0.00537676 0.046818 0.998889 0.372352 -1.56683 0.475661
FixedParameters: 0 0 0

#Transform 140
Transform: AffineTransform_float_3_3
Parameters: 0.999975 -0.00409074 0.00573825 0.00435726 0.998868 -0.0473642 -0.00553779 0.0473878 0.998861 0.378334 -1.67466 0.507352
FixedParameters: 0 0 0

#Transform 141
Transform: AffineTransform_float_3_3
Parameters: 0.999977 -0.00380147 0.00570856 0.00406456 0.998892 -0.0468859 -0.00552446 0.0469081 0.998884 0.373375 -1.72786 0.543303
FixedParameters: 0 0 0

#Transform 142
Transform: AffineTransform_float_3_3
Parameters: 0.999977 -0.00367891 0.00567312 0.00394009 0.998901 -0.0467197 -0.00549488 0.0467413 0.998892 0.358561 -1.71149 0.547008
FixedParameters: 0 0 0

#Transform 143
Transform: AffineTransform_float_3_3
Parameters: 0.999977 -0.00367777 0.00574167 0.00394019 0.998917 -0.0463484 -0.00556432 0.0463695 0.998909 0.357676 -1.67641 0.559721
FixedParameters: 0 0 0

#Transform 144
Transform: AffineTransform_float_3_3
Parameters: 0.999977 -0.00368756 0.00558899 0.00393943 0.99894 -0.04585 -0.00541403 0.045871 0.998932 0.35541 -1.56447 0.508961
FixedParameters: 0 0 0

#Transform 145
Transform: AffineTransform_float_3_3
Parameters: 0.999978 -0.00378983 0.00555205 0.00404116 0.998935 -0.0459486 -0.00537195 0.0459704 0.998929 0.350506 -1.54032 0.488543
FixedParameters: 0 0 0

#Transform 146
Transform: AffineTransform_float_3_3
Parameters: 0.999976 -0.00391574 0.00570394 0.00417422 0.998924 -0.0461733 -0.0055161 0.0461967 0.998917 0.361675 -1.64455 0.542896
FixedParameters: 0 0 0

#Transform 147
Transform: AffineTransform_float_3_3
Parameters: 0.999977 -0.00367621 0.00581829 0.00393978 0.998934 -0.0459961 -0.00564272 0.0460178 0.998924 0.357589 -1.67301 0.548657
FixedParameters: 0 0 0

#Transform 148
Transform: AffineTransform_float_3_3
Parameters: 0.999977 -0.00368254 0.00573279 0.00393946 0.998953 -0.0455655 -0.00555923 0.0455865 0.998945 0.355317 -1.64162 0.554682
FixedParameters: 0 0 0

#Transform 149
Transform: AffineTransform_float_3_3
Parameters: 0.999975 -0.00367153 0.00600173 0.00393949 0.998964 -0.0453515 -0.0058293 0.0453735 0.998953 0.361827 -1.58137 0.547529
FixedParameters: 0 0 0

#Transform 150
Transform: AffineTransform_float_3_3
Parameters: 0.999974 -0.0039522 0.00606213 0.0042178 0.999009 -0.0443096 -0.00588084 0.0443334 0.999 0.369217 -1.49445 0.517611
FixedParameters: 0 0 0

#Transform 151
Transform: AffineTransform_float_3_3
Parameters: 0.99997 -0.00395324 0.00654923 0.0042388 0.999014 -0.0442105 -0.00636877 0.0442365 0.999001 0.387735 -1.51651 0.505143
FixedParameters: 0 0 0

#Transform 152
Transform: AffineTransform_float_3_3
Parameters: 0.999971 -0.00390456 0.0065145 0.00418842 0.99902 -0.044079 -0.00633548 0.044105 0.999007 0.390887 -1.60231 0.557242
FixedParameters: 0 0 0

#Transform 153
Transform: AffineTransform_float_3_3
Parameters: 0.999972 -0.00366003 0.00644718 0.00393996 0.999026 -0.0439608 -0.00627982 0.0439852 0.999013 0.380936 -1.57016 0.536016
FixedParameters: 0 0 0

#Transform 154
Transform: AffineTransform_float_3_3
Parameters: 0.999973 -0.00356865 0.00645297 0.00384635 0.999039 -0.0436503 -0.00629106 0.0436736 0.999026 0.368797 -1.57187 0.549406
FixedParameters: 0 0 0

#Transform 155
Transform: AffineTransform_float_3_3
Parameters: 0.99997 -0.00375446 0.00677632 0.00404553 0.999051 -0.0433839 -0.00660666 0.0434101 0.999036 0.390267 -1.45999 0.483381
FixedParameters: 0 0 0

#Transform 156
Transform: AffineTransform_float_3_3
Parameters: 0.999969 -0.0039835 0.00669368 0.00427147 0.999045 -0.0435007 -0.00651329 0.0435283 0.999031 0.397725 -1.48149 0.46107
FixedParameters: 0 0 0

#Transform 157
Transform: AffineTransform_float_3_3
Parameters: 0.999969 -0.00391673 0.0068473 0.0042103 0.999051 -0.0433535 -0.00667168 0.0433815 0.999037 0.406004 -1.55274 0.514124
FixedParameters: 0 0 0

#Transform 158
Transform: AffineTransform_float_3_3
Parameters: 0.999969 -0.00381566 0.00677798 0.00410334 0.999071 -0.0428985 -0.00660801 0.0429245 0.999057 0.398106 -1.55946 0.530415
FixedParameters: 0 0 0

#Transform 159
Transform: AffineTransform_float_3_3
Parameters: 0.99997 -0.00362574 0.00675797 0.00391125 0.999081 -0.0426858 -0.006597 0.0427112 0.999065 0.389711 -1.52819 0.528891
FixedParameters: 0 0 0

#Transform 160
Transform: AffineTransform_float_3_3
Parameters: 0.999969 -0.00391809 0.00692598 0.00420592 0.999107 -0.0420572 -0.00675503 0.0420848 0.999091 0.398041 -1.43906 0.495441
FixedParameters: 0 0 0

#Transform 161
Transform: AffineTransform_float_3_3
Parameters: 0.999969 -0.00389957 0.00692807 0.00418843 0.999097 -0.0422653 -0.00675696 0.0422927 0.999083 0.400427 -1.39736 0.454065
FixedParameters: 0 0 0

#Transform 162
Transform: AffineTransform_float_3_3
Parameters: 0.999969 -0.00386373 0.00689466 0.00415228 0.999097 -0.0422977 -0.00672533 0.0423253 0.999082 0.400522 -1.48072 0.500081
FixedParameters: 0 0 0

#Transform 163
Transform: AffineTransform_float_3_3
Parameters: 0.999966 -0.00357498 0.00734251 0.00387999 0.999112 -0.0419559 -0.00718549 0.0419831 0.999093 0.404405 -1.53119 0.534363
FixedParameters: 0 0 0

#Transform 164
Transform: AffineTransform_float_3_3
Parameters: 0.999972 -0.0034284 0.00664711 0.00370459 0.999109 -0.0420556 -0.00649691 0.0420795 0.999093 0.377726 -1.51536 0.538236
FixedParameters: 0 0 0

#Transform 165
Transform: AffineTransform_float_3_3
Parameters: 0.999972 -0.00342938 0.0066339 0.00370463 0.999111 -0.0419916 -0.00648411 0.0420154 0.999096 0.372955 -1.47394 0.531407
FixedParameters: 0 0 0

#Transform 166
Transform: AffineTransform_float_3_3
Parameters: 0.999971 -0.0035901 0.0067048 0.00386692 0.999121 -0.0417543 -0.00654921 0.0417788 0.999106 0.38001 -1.4018 0.481437
FixedParameters: 0 0 0

#Transform 167
Transform: AffineTransform_float_3_3
Parameters: 0.999971 -0.00369344 0.00676744 0.00397553 0.999106 -0.0420743 -0.00660553 0.0421006 0.999091 0.386078 -1.4144 0.496942
FixedParameters: 0 0 0

#Transform 168
Transform: AffineTransform_float_3_3
Parameters: 0.999971 -0.00342003 0.00689975 0.00370499 0.999123 -0.0417217 -0.00675126 0.0417454 0.999106 0.382826 -1.50702 0.532711
FixedParameters: 0 0 0

#Transform 169
Transform: AffineTransform_float_3_3
Parameters: 0.99997 -0.00331851 0.00709624 0.00360853 0.99914 -0.0413237 -0.00695378 0.0413473 0.99912 0.379624 -1.51046 0.540324
FixedParameters: 0 0 0

#Transform 170
Transform: AffineTransform_float_3_3
Parameters: 0.99997 -0.00300201 0.00704719 0.00329298 0.999127 -0.04165 -0.00691581 0.041672 0.999108 0.366378 -1.49011 0.522997
FixedParameters: 0 0 0

#Transform 171
Transform: AffineTransform_float_3_3
Parameters: 0.999971 -0.00347846 0.00678615 0.00375657 0.999132 -0.0414737 -0.00663686 0.0414983 0.999116 0.371778 -1.39755 0.484686
FixedParameters: 0 0 0

#Transform 172
Transform: AffineTransform_float_3_3
Parameters: 0.999971 -0.00350454 0.00672853 0.00378343 0.999117 -0.0418277 -0.00657546 0.0418522 0.999102 0.370376 -1.39385 0.473366
FixedParameters: 0 0 0

#Transform 173
Transform: AffineTransform_float_3_3
Parameters: 0.99997 -0.00335424 0.00705573 0.00364478 0.999128 -0.0416086 -0.00691029 0.0416325 0.999109 0.378828 -1.51395 0.539907
FixedParameters: 0 0 0

#Transform 174
Transform: AffineTransform_float_3_3
Parameters: 0.99997 -0.00328281 0.00692738 0.00356417 0.999154 -0.0409765 -0.00678661 0.0409995 0.999136 0.365971 -1.51138 0.55071
FixedParameters: 0 0 0

#Transform 175
Transform: AffineTransform_float_3_3
Parameters: 0.999971 -0.00305025 0.00688239 0.00333277 0.999135 -0.0414522 -0.00675061 0.0414738 0.999117 0.364613 -1.50078 0.560228
FixedParameters: 0 0 0

#Transform 176
Transform: AffineTransform_float_3_3
Parameters: 0.999972 -0.00339999 0.00664271 0.00366903 0.999156 -0.0409147 -0.00649828 0.0409372 0.99914 0.35913 -1.37484 0.514795
FixedParameters: 0 0 0

#Transform 177
Transform: AffineTransform_float_3_3
Parameters: 0.999972 -0.00336421 0.00670496 0.00363678 0.999148 -0.0410957 -0.00656104 0.0411192 0.999132 0.369935 -1.32887 0.482374
FixedParameters: 0 0 0

#Transform 178
Transform: AffineTransform_float_3_3
Parameters: 0.999972 -0.00342627 0.00666319 0.00369572 0.999162 -0.0407455 -0.00651779 0.0407685 0.999148 0.363623 -1.42838 0.519259
FixedParameters: 0 0 0

#Transform 179
Transform: AffineTransform_float_3_3
Parameters: 0.999971 -0.00304923 0.00706045 0.00333275 0.999172 -0.0405347 -0.00693057 0.0405573 0.999153 0.373979 -1.4862 0.556306
FixedParameters: 0 0 0

#Transform 180
Transform: AffineTransform_float_3_3
Parameters: 0.999971 -0.00305183 0.00705834 0.0033332 0.999187 -0.0401727 -0.00693066 0.0401953 0.999168 0.364999 -1.48746 0.571826
FixedParameters: 0 0 0

#Transform 181
Transform: AffineTransform_float_3_3
Parameters: 0.999971 -0.00305475 0.00695694 0.00333322 0.999181 -0.040343 -0.00682705 0.040365 0.999161 0.361052 -1.38645 0.533037
FixedParameters: 0 0 0

#Transform 182
Transform: AffineTransform_float_3_3
Parameters: 0.999972 -0.00332046 0.00680337 0.00359257 0.999182 -0.0402967 -0.0066646 0.0403203 0.999164 0.371475 -1.33977 0.500756
FixedParameters: 0 0 0

#Transform 183
Transform: AffineTransform_float_3_3
Parameters: 0.99997 -0.0034827 0.00683332 0.00375628 0.999176 -0.0403975 -0.00668667 0.0404225 0.999161 0.374044 -1.37879 0.507373
FixedParameters: 0 0 0

#Transform 184
Transform: AffineTransform_float_3_3
Parameters: 0.999969 -0.003227 0.00714862 0.00350998 0.999196 -0.0399361 -0.00701338 0.0399599 0.999176 0.381607 -1.44765 0.567201
FixedParameters: 0 0 0

#Transform 185
Transform: AffineTransform_float_3_3
Parameters: 0.999969 -0.00320611 0.00727921 0.00349493 0.999193 -0.0400278 -0.00714579 0.0400522 0.999172 0.376172 -1.45278 0.55106
FixedParameters: 0 0 0

#Transform 186
Transform: AffineTransform_float_3_3
Parameters: 0.99997 -0.00304198 0.00703824 0.00332301 0.999184 -0.0402668 -0.00690976 0.0402892 0.999164 0.377624 -1.39314 0.554032
FixedParameters: 0 0 0

#Transform 187
Transform: AffineTransform_float_3_3
Parameters: 0.999969 -0.00325248 0.0071803 0.0035385 0.999189 -0.0401158 -0.00704368 0.0401402 0.999169 0.381601 -1.3276 0.49368
FixedParameters: 0 0 0

#Transform 188
Transform: AffineTransform_float_3_3
Parameters: 0.999968 -0.00334597 0.00726127 0.00363301 0.999198 -0.0398819 -0.00712173 0.0399071 0.999178 0.384199 -1.3414 0.506158
FixedParameters: 0 0 0

#Transform 189
Transform: AffineTransform_float_3_3
Parameters: 0.999968 -0.00311516 0.00737426 0.00340482 0.999209 -0.0396221 -0.00724474 0.0396468 0.999187 0.386604 -1.43805 0.544074
FixedParameters: 0 0 0

#Transform 190
Transform: AffineTransform_float_3_3
Parameters: 0.999968 -0.00293817 0.00743714 0.00322783 0.999223 -0.0392642 -0.00731587 0.0392867 0.999201 0.371706 -1.41988 0.557654
FixedParameters: 0 0 0

#Transform 191
Transform: AffineTransform_float_3_3
Parameters: 0.999967 -0.00263824 0.00776 0.00294177 0.99922 -0.0393975 -0.00765001 0.0394185 0.999193 0.370014 -1.38845 0.531867
