#Insight Transform File V1.0
#Transform 0
Transform: AffineTransform_float_3_3
Parameters: 1 -0.000649941 -0.000109352 0.000650058 0.999999 0.000540929 0.000108648 -0.00054107 1 0.0593356 -0.0243487 -0.0378486
FixedParameters: 0 0 0

#Transform 1
Transform: AffineTransform_float_3_3
Parameters: 1 -0.000458848 -0.000111625 0.000459152 0.999999 0.00136195 0.000111375 -0.00136205 0.999999 0.0587435 -0.0650732 0.0108965
FixedParameters: 0 0 0

#Transform 2
Transform: AffineTransform_float_3_3
Parameters: 1 -9.98421e-05 -0.000111142 0.000100158 0.999999 0.00142199 0.000110858 -0.00142201 0.999999 0.0390597 -0.0437953 -0.00187318
FixedParameters: 0 0 0

#Transform 3
Transform: AffineTransform_float_3_3
Parameters: 1 -0.000405706 -0.00036133 0.000405293 0.999999 0.000813853 0.00036067 -0.000814146 0.999999 0.0330133 0.0256068 -0.0413692
FixedParameters: 0 0 0

#Transform 4
Transform: AffineTransform_float_3_3
Parameters: 1 -0.000590009 -0.000110952 0.000589991 1 -8.10655e-05 0.000111048 8.09345e-05 1 0.0566644 0.0355607 -0.0618689
FixedParameters: 0 0 0

#Transform 5
Transform: AffineTransform_float_3_3
Parameters: 0.999999 -0.000851792 -0.000361489 0.000852207 0.999999 0.000573692 0.000361511 -0.000574308 1 0.0434567 -0.0351678 -0.0182724
FixedParameters: 0 0 0

#Transform 6
Transform: AffineTransform_float_3_3
Parameters: 1 -0.000488933 -0.000102321 0.000489067 0.999999 0.00065695 0.000101679 -0.000657049 1 0.038052 -0.0887576 0.00575789
FixedParameters: 0 0 0

#Transform 7
Transform: AffineTransform_float_3_3
Parameters: 1 -0.000433619 -0.000345479 0.000434382 1 0.00110485 0.00034552 -0.00110515 1 0.0279673 -0.0754618 0.007672
FixedParameters: 0 0 0

#Transform 8
Transform: AffineTransform_float_3_3
Parameters: 1 -0.000456841 -0.000209346 0.000456159 0.999999 0.000757904 0.000209654 -0.000758095 0.999999 0.0347747 -0.0360479 -0.00361699
FixedParameters: 0 0 0

#Transform 9
Transform: AffineTransform_float_3_3
Parameters: 0.999999 -0.000852032 -8.36702e-05 0.000851967 0.999999 -0.000387071 8.33297e-05 0.000386929 1 0.0396035 0.0365197 -0.042608
FixedParameters: 0 0 0

#Transform 10
Transform: AffineTransform_float_3_3
Parameters: 1 -0.000527001 -6.3991e-05 0.000526999 1 -1.70337e-05 6.40089e-05 1.69663e-05 1 0.0393047 -0.0641518 -0.0166853
FixedParameters: 0 0 0

#Transform 11
Transform: AffineTransform_float_3_3
Parameters: 1 -0.00037586 -0.000496106 0.00037614 1 0.000281813 0.000496894 -0.000282187 1 0.0258491 -0.130407 0.0404662
FixedParameters: 0 0 0

#Transform 12
Transform: AffineTransform_float_3_3
Parameters: 1 -0.000269732 -0.000409176 0.000270267 0.999999 0.000653889 0.000408823 -0.00065411 0.999999 0.00884846 -0.0882939 0.0104584
FixedParameters: 0 0 0

#Transform 13
Transform: AffineTransform_float_3_3
Parameters: 1 -0.000293889 -0.000444073 0.00029411 1 0.000248869 0.000443927 -0.00024913 1 0.00159428 -0.0152611 -0.0152154
FixedParameters: 0 0 0

#Transform 14
Transform: AffineTransform_float_3_3
Parameters: 1 -0.000303032 -0.00031997 0.000302968 1 -9.90969e-05 0.00032003 9.8903e-05 1 0.012041 0.0303603 -0.0297371
FixedParameters: 0 0 0

#Transform 15
Transform: AffineTransform_float_3_3
Parameters: 1 -0.000273872 -0.000320109 0.000274128 1 0.000398912 0.000319891 -0.000399088 1 0.00549978 -0.0363759 -0.00723959
FixedParameters: 0 0 0

#Transform 16
Transform: AffineTransform_float_3_3
Parameters: 1 1.09566e-05 4.80099e-05 -1.10433e-05 0.999999 0.000902999 -4.799e-05 -0.000903 0.999999 0.0167578 -0.0714669 0.0144592
FixedParameters: 0 0 0

#Transform 17
Transform: AffineTransform_float_3_3
Parameters: 1 0.000352719 0.000285348 -0.000353281 1 0.0009849 -0.000284652 -0.000985101 1 -0.0122502 -0.0537484 0.0144831
FixedParameters: 0 0 0

#Transform 18
Transform: AffineTransform_float_3_3
Parameters: 1 0.000345742 0.000285312 -0.000345257 0.999999 0.000902901 -0.000284688 -0.000903098 0.999999 -0.0123133 -0.0445464 0.0323921
FixedParameters: 0 0 0

#Transform 19
Transform: AffineTransform_float_3_3
Parameters: 1 0.000242021 0.000284982 -0.000241979 1 -7.5069e-05 -0.000285018 7.4931e-05 1 -0.00788189 0.0397889 -0.0274344
FixedParameters: 0 0 0

#Transform 20
Transform: AffineTransform_float_3_3
Parameters: 1 0.000242021 0.000284982 -0.000241979 1 -7.5069e-05 -0.000285018 7.4931e-05 1 0.00799527 0.0179714 -0.0329005
FixedParameters: 0 0 0

#Transform 21
Transform: AffineTransform_float_3_3
Parameters: 1 0.000140887 0.000285056 -0.000141113 1 0.00039796 -0.000284944 -0.00039804 1 0.00382836 -0.0691048 0.0236935
FixedParameters: 0 0 0

#Transform 22
Transform: AffineTransform_float_3_3
Parameters: 1 -0.000186936 -0.000292041 0.000187064 1 0.000217945 0.000291959 -0.000218055 1 -0.00180205 -0.111355 0.0566425
FixedParameters: 0 0 0

#Transform 23
Transform: AffineTransform_float_3_3
Parameters: 1 1.50619e-05 -0.000291997 -1.49381e-05 1 0.000212004 0.000292003 -0.000211996 1 -0.0252966 -0.0977962 0.0434814
FixedParameters: 0 0 0

#Transform 24
Transform: AffineTransform_float_3_3
Parameters: 1 -0.000187006 -0.000291996 0.000186994 1 -1.90546e-05 0.000292004 1.89454e-05 1 -0.00180529 -0.0349739 0.0188015
FixedParameters: 0 0 0

#Transform 25
Transform: AffineTransform_float_3_3
Parameters: 1 -0.000560294 -0.000370556 0.000560706 0.999999 -0.000793207 0.000370444 0.000792792 0.999999 -0.00315774 0.0224609 -0.00361268
FixedParameters: 0 0 0

#Transform 26
Transform: AffineTransform_float_3_3
Parameters: 1 -0.000318069 -0.000291925 0.000317931 1 -0.000237093 0.000292075 0.000236907 1 0.0160835 -0.0666464 0.0551092
FixedParameters: 0 0 0

#Transform 27
Transform: AffineTransform_float_3_3
Parameters: 1 -0.000244057 0.000198929 0.000243942 1 0.000289049 -0.00019907 -0.000288951 1 0.0196837 -0.118337 0.08113
FixedParameters: 0 0 0

#Transform 28
Transform: AffineTransform_float_3_3
Parameters: 1 2.19726e-05 7.90076e-05 -2.20274e-05 1 0.000346998 -7.89924e-05 -0.000347002 1 0.00222488 -0.0814176 0.0815319
FixedParameters: 0 0 0

#Transform 29
Transform: AffineTransform_float_3_3
Parameters: 1 7.59719e-05 9.40227e-05 -7.60281e-05 1 0.000298993 -9.39773e-05 -0.000299007 1 -0.0107211 -0.0623108 0.0665673
FixedParameters: 0 0 0

#Transform 30
Transform: AffineTransform_float_3_3
Parameters: 1 -0.000187006 -2.69602e-05 0.000186994 1 -0.000213005 2.70398e-05 0.000212995 1 0.0065422 0.059324 0.0368021
FixedParameters: 0 0 0

#Transform 31
Transform: AffineTransform_float_3_3
Parameters: 1 -0.000186952 9.70916e-05 0.000187047 1 -0.000489982 -9.69083e-05 0.000490018 1 0.0198406 0.0624624 0.0144633
FixedParameters: 0 0 0

#Transform 32
Transform: AffineTransform_float_3_3
Parameters: 1 -0.000186978 9.70426e-05 0.000187022 1 -0.000227982 -9.69574e-05 0.000228018 1 0.0196194 -0.0148724 0.0700518
FixedParameters: 0 0 0

#Transform 33
Transform: AffineTransform_float_3_3
Parameters: 1 -0.000187117 0.000243911 0.000186883 1 0.000478045 -0.000244089 -0.000477954 1 0.0134779 -0.0940765 0.0586256
FixedParameters: 0 0 0

#Transform 34
Transform: AffineTransform_float_3_3
Parameters: 1 0.000172651 0.000522115 -0.000173349 1 0.000667909 -0.000521884 -0.00066809 0.999999 -0.00356967 -0.0778224 0.082841
FixedParameters: 0 0 0

#Transform 35
Transform: AffineTransform_float_3_3
Parameters: 1 0.000376757 0.000363252 -0.000377242 0.999999 0.000667863 -0.000362748 -0.000668136 0.999999 -0.00899365 -0.0893724 0.0878772
FixedParameters: 0 0 0

#Transform 36
Transform: AffineTransform_float_3_3
Parameters: 1 0.000312849 0.00029416 -0.00031315 1 0.000511908 -0.00029384 -0.000512092 1 -0.0168264 -0.0338921 0.0837796
FixedParameters: 0 0 0

#Transform 37
Transform: AffineTransform_float_3_3
Parameters: 1 0.000312972 0.000231038 -0.000313028 1 0.000121928 -0.000230962 -0.000122072 1 -0.0268633 0.0349665 0.00359899
FixedParameters: 0 0 0

#Transform 38
Transform: AffineTransform_float_3_3
Parameters: 0.999999 0.000312776 0.000685102 -0.000313223 1 0.000325785 -0.000684898 -0.000326214 0.999999 0.000875646 -0.0101447 0.055965
FixedParameters: 0 0 0

#Transform 39
Transform: AffineTransform_float_3_3
Parameters: 0.999999 0.000312697 0.000685138 -0.000312303 1 0.000441786 -0.000684862 -0.000442214 0.999999 0.000891998 -0.0674239 0.106009
FixedParameters: 0 0 0

#Transform 40
Transform: AffineTransform_float_3_3
Parameters: 1 0.000516727 0.000449313 -0.000517272 0.999999 0.000605767 -0.000449686 -0.000606232 0.999999 -0.0238724 -0.078878 0.0909168
FixedParameters: 0 0 0

#Transform 41
Transform: AffineTransform_float_3_3
Parameters: 0.999999 0.000652541 0.000685436 -0.000653457 0.999999 0.000668552 -0.000684562 -0.000669446 0.999999 -0.0196378 -0.0612433 0.103341
FixedParameters: 0 0 0

#Transform 42
Transform: AffineTransform_float_3_3
Parameters: 0.999999 0.000526809 0.000685146 -0.00052719 1 0.000277639 -0.000684853 -0.000278361 0.999999 -0.0246235 0.0345472 0.0618707
FixedParameters: 0 0 0

#Transform 43
Transform: AffineTransform_float_3_3
Parameters: 1 4.90089e-05 0.000684999 -4.89911e-05 1 -1.30336e-05 -0.000685 1.29664e-05 1 -0.0119352 0.0366944 0.0352203
FixedParameters: 0 0 0

#Transform 44
Transform: AffineTransform_float_3_3
Parameters: 1 0.000154872 0.000685029 -0.000155128 1 0.000186894 -0.000684971 -0.000187106 0.999999 0.0014661 -0.0544435 0.0642331
FixedParameters: 0 0 0

#Transform 45
Transform: AffineTransform_float_3_3
Parameters: 0.999999 4.79834e-05 0.000785062 -4.90165e-05 0.999999 0.00129496 -0.000784937 -0.00129504 0.999999 0.0443672 -0.0818419 0.086833
FixedParameters: 0 0 0

#Transform 46
Transform: AffineTransform_float_3_3
Parameters: 0.999998 -0.00133392 0.00162792 0.00132407 0.99998 0.00608217 -0.00163608 -0.00607983 0.99998 0.143799 0.120262 0.101331
FixedParameters: 0 0 0

#Transform 47
Transform: AffineTransform_float_3_3
Parameters: 0.999996 -0.00165022 0.00197822 0.00163577 0.999973 0.00716826 -0.00199078 -0.00716574 0.999973 0.149049 0.200165 0.0541166
FixedParameters: 0 0 0

#Transform 48
Transform: AffineTransform_float_3_3
Parameters: 0.999997 -0.00127618 0.00202475 0.00126282 0.999978 0.00649758 -0.00203325 -0.00649542 0.999977 0.155357 0.22748 0.0106968
FixedParameters: 0 0 0

#Transform 49
Transform: AffineTransform_float_3_3
Parameters: 0.999997 -0.00103505 0.00211017 0.00102095 0.999978 0.00664717 -0.00211783 -0.00664483 0.999975 0.140617 0.176421 0.0218738
FixedParameters: 0 0 0

#Transform 50
Transform: AffineTransform_float_3_3
Parameters: 0.999996 -0.000994328 0.00257099 0.000976671 0.999974 0.00712054 -0.00257802 -0.00711747 0.999972 0.154566 0.133584 0.0653278
FixedParameters: 0 0 0

#Transform 51
Transform: AffineTransform_float_3_3
Parameters: 0.999996 -0.00128119 0.00256901 0.00126282 0.999974 0.00706727 -0.00257799 -0.00706473 0.999971 0.171426 0.152205 0.0337535
FixedParameters: 0 0 0

#Transform 52
Transform: AffineTransform_float_3_3
Parameters: 0.999997 -0.00128001 0.00238193 0.00126299 0.999974 0.00713103 -0.00239107 -0.00712796 0.999971 0.165807 0.16041 0.0297925
FixedParameters: 0 0 0

#Transform 53
Transform: AffineTransform_float_3_3
Parameters: 0.999997 -0.00127908 0.00236337 0.00126292 0.999976 0.00679301 -0.00237263 -0.00678999 0.999974 0.138398 0.230301 0.000744638
FixedParameters: 0 0 0

#Transform 54
Transform: AffineTransform_float_3_3
Parameters: 0.999997 -0.00127888 0.00234441 0.00126312 0.999977 0.00676399 -0.0023526 -0.00676102 0.999975 0.135658 0.206282 0.000935203
FixedParameters: 0 0 0

#Transform 55
Transform: AffineTransform_float_3_3
Parameters: 0.999997 -0.000874236 0.00234702 0.000857763 0.999976 0.00691004 -0.00235298 -0.00690797 0.999974 0.128783 0.143665 0.0272994
FixedParameters: 0 0 0

#Transform 56
Transform: AffineTransform_float_3_3
Parameters: 0.999997 -0.000813193 0.00234711 0.000796805 0.999973 0.0073179 -0.00235289 -0.00731511 0.999971 0.120171 0.127898 0.036338
FixedParameters: 0 0 0

#Transform 57
Transform: AffineTransform_float_3_3
Parameters: 0.999997 -0.000558935 0.00244597 0.000541066 0.999973 0.00732635 -0.00245003 -0.00732565 0.99997 0.0956286 0.14486 0.0362333
FixedParameters: 0 0 0

#Transform 58
Transform: AffineTransform_float_3_3
Parameters: 0.999997 -0.000799222 0.00234754 0.000782782 0.999976 0.00690286 -0.00235246 -0.00690114 0.999974 0.110471 0.197962 0.00634379
FixedParameters: 0 0 0

#Transform 59
Transform: AffineTransform_float_3_3
Parameters: 0.999997 -0.00068029 0.00234863 0.000665708 0.999978 0.00650458 -0.00235338 -0.00650342 0.999976 0.0898843 0.207128 -0.0293987
FixedParameters: 0 0 0

#Transform 60
Transform: AffineTransform_float_3_3
Parameters: 0.999997 -0.000810313 0.00234777 0.000795686 0.999979 0.00651589 -0.00235323 -0.00651412 0.999976 0.10861 0.16399 0.026343
FixedParameters: 0 0 0

#Transform 61
Transform: AffineTransform_float_3_3
Parameters: 0.999997 -0.000787719 0.00242463 0.000770285 0.999976 0.00688889 -0.00242936 -0.00688711 0.999974 0.104674 0.0955914 0.0413114
FixedParameters: 0 0 0

#Transform 62
Transform: AffineTransform_float_3_3
Parameters: 0.999996 -0.000513173 0.00252237 0.000494832 0.999974 0.00719927 -0.00252563 -0.00719873 0.999971 0.097416 0.118033 0.0528496
FixedParameters: 0 0 0

#Transform 63
Transform: AffineTransform_float_3_3
Parameters: 0.999997 -0.000357019 0.00235048 0.000339985 0.999974 0.00723682 -0.00235252 -0.00723618 0.999971 0.076604 0.168608 0.0154784
FixedParameters: 0 0 0

#Transform 64
Transform: AffineTransform_float_3_3
Parameters: 0.999997 -0.000330607 0.00247184 0.000314392 0.999978 0.0067158 -0.00247417 -0.00671521 0.999975 0.0839768 0.221019 -0.00075549
FixedParameters: 0 0 0

#Transform 65
Transform: AffineTransform_float_3_3
Parameters: 0.999997 -0.000486601 0.0024027 0.000469404 0.999976 0.00690515 -0.0024053 -0.00690385 0.999974 0.0825736 0.202894 0.0198003
FixedParameters: 0 0 0

#Transform 66
Transform: AffineTransform_float_3_3
Parameters: 0.999996 -0.000332648 0.00259367 0.000314357 0.999974 0.00718684 -0.00259532 -0.00718616 0.999971 0.0879005 0.14617 0.0668042
FixedParameters: 0 0 0

#Transform 67
Transform: AffineTransform_float_3_3
Parameters: 0.999997 -7.8611e-05 0.00236648 6.13922e-05 0.999973 0.00744116 -0.00236652 -0.00744083 0.999969 0.063078 0.161332 0.0452949
FixedParameters: 0 0 0

#Transform 68
Transform: AffineTransform_float_3_3
Parameters: 0.999997 -0.000329498 0.00215569 0.000314498 0.999974 0.00718669 -0.00215831 -0.00718531 0.999972 0.0541632 0.176169 0.0556038
FixedParameters: 0 0 0

#Transform 69
Transform: AffineTransform_float_3_3
Parameters: 0.999996 -0.000332145 0.00259374 0.000314861 0.999976 0.00699285 -0.00259526 -0.00699217 0.999972 0.0583105 0.233532 0.0165136
FixedParameters: 0 0 0

#Transform 70
Transform: AffineTransform_float_3_3
Parameters: 0.999996 -0.000331974 0.00259376 0.000314032 0.999976 0.00692684 -0.00259524 -0.00692616 0.999972 0.0609936 0.23151 0.0163071
FixedParameters: 0 0 0

#Transform 71
Transform: AffineTransform_float_3_3
Parameters: 0.999997 -0.000331545 0.00243468 0.000314454 0.999974 0.00720279 -0.00243733 -0.00720221 0.999971 0.063147 0.159045 0.0342204
FixedParameters: 0 0 0

#Transform 72
Transform: AffineTransform_float_3_3
Parameters: 0.999996 -0.000333203 0.0025936 0.000314799 0.999972 0.00740184 -0.0025954 -0.00740016 0.999969 0.0842422 0.133439 0.0431853
FixedParameters: 0 0 0

#Transform 73
Transform: AffineTransform_float_3_3
Parameters: 0.999996 -0.000333478 0.00259357 0.000314526 0.999972 0.00750684 -0.00259543 -0.00750616 0.999969 0.0842219 0.130051 0.0334046
FixedParameters: 0 0 0

#Transform 74
Transform: AffineTransform_float_3_3
Parameters: 0.999996 -0.000332428 0.0025937 0.000314575 0.999974 0.00710284 -0.0025953 -0.00710116 0.999972 0.0706149 0.206269 0.0322669
FixedParameters: 0 0 0

#Transform 75
Transform: AffineTransform_float_3_3
Parameters: 0.999996 -0.000332023 0.00259376 0.00031398 0.999976 0.00694684 -0.00259524 -0.00694516 0.999973 0.075155 0.238507 0.00460354
FixedParameters: 0 0 0

#Transform 76
Transform: AffineTransform_float_3_3
Parameters: 0.999997 -0.000580149 0.00245501 0.000562851 0.999976 0.0069804 -0.00245899 -0.0069786 0.999972 0.0860025 0.196445 0.0192031
FixedParameters: 0 0 0

#Transform 77
Transform: AffineTransform_float_3_3
Parameters: 0.999997 -0.000382675 0.00241827 0.00036532 0.999974 0.00730491 -0.00242173 -0.0073041 0.999971 0.084394 0.139255 0.0419367
FixedParameters: 0 0 0

#Transform 78
Transform: AffineTransform_float_3_3
Parameters: 0.999996 -0.000487261 0.00259245 0.000468742 0.999973 0.00742524 -0.00259555 -0.00742376 0.999969 0.0830912 0.143116 0.0485399
FixedParameters: 0 0 0

#Transform 79
Transform: AffineTransform_float_3_3
Parameters: 0.999996 -0.000249136 0.00259423 0.000229864 0.999973 0.00737462 -0.00259577 -0.00737338 0.99997 0.0763846 0.192479 0.038207
FixedParameters: 0 0 0

#Transform 80
Transform: AffineTransform_float_3_3
Parameters: 0.999997 -0.000478837 0.00235264 0.00046116 0.999975 0.00715211 -0.00235636 -0.00715089 0.999971 0.0800319 0.246078 0.00785024
FixedParameters: 0 0 0

#Transform 81
Transform: AffineTransform_float_3_3
Parameters: 0.999996 -0.000417759 0.0025932 0.000399242 0.999976 0.00684506 -0.00259579 -0.00684394 0.999973 0.0795316 0.228724 0.00919245
FixedParameters: 0 0 0

#Transform 82
Transform: AffineTransform_float_3_3
Parameters: 0.999997 -0.000647808 0.00238851 0.00063119 0.999975 0.00703053 -0.0023935 -0.00702947 0.999973 0.0823283 0.151955 0.0599535
FixedParameters: 0 0 0

#Transform 83
Transform: AffineTransform_float_3_3
Parameters: 0.999997 -0.000410175 0.00240513 0.000392826 0.999974 0.00713696 -0.00240786 -0.00713603 0.999971 0.0821357 0.142723 0.0468526
FixedParameters: 0 0 0

#Transform 84
Transform: AffineTransform_float_3_3
Parameters: 0.999996 -0.0002487 0.00259427 0.000230303 0.999974 0.00720562 -0.00259573 -0.00720538 0.99997 0.0841406 0.160007 0.0530422
FixedParameters: 0 0 0

#Transform 85
Transform: AffineTransform_float_3_3
Parameters: 0.999996 -0.000361575 0.00253355 0.000344429 0.999976 0.00693389 -0.00253545 -0.0069331 0.999973 0.0697739 0.221972 0.0180186
FixedParameters: 0 0 0

#Transform 86
Transform: AffineTransform_float_3_3
Parameters: 0.999997 -0.000364877 0.0025056 0.00034812 0.999978 0.0067329 -0.0025084 -0.00673211 0.999974 0.0648028 0.233929 0.0194079
FixedParameters: 0 0 0

#Transform 87
Transform: AffineTransform_float_3_3
Parameters: 0.999997 -0.000371353 0.00244843 0.00035465 0.999975 0.00708389 -0.00245057 -0.00708311 0.999972 0.0674519 0.158616 0.0519368
FixedParameters: 0 0 0

#Transform 88
Transform: AffineTransform_float_3_3
Parameters: 0.999997 -0.000260074 0.00244915 0.000241926 0.999973 0.00737761 -0.00245085 -0.00737638 0.99997 0.0720156 0.136162 0.0656522
FixedParameters: 0 0 0

#Transform 89
Transform: AffineTransform_float_3_3
Parameters: 0.999997 -6.15331e-05 0.00245061 4.34712e-05 0.999972 0.00756214 -0.0024504 -0.00756188 0.999969 0.0591243 0.143569 0.0549129
FixedParameters: 0 0 0

#Transform 90
Transform: AffineTransform_float_3_3
Parameters: 0.999997 -8.50376e-05 0.00253846 6.69651e-05 0.999975 0.00710519 -0.00253854 -0.0071048 0.999971 0.0489242 0.237386 0.0367849
FixedParameters: 0 0 0

#Transform 91
Transform: AffineTransform_float_3_3
Parameters: 0.999997 -0.000249151 0.00244941 0.000233853 0.999978 0.0065916 -0.0024506 -0.00659141 0.999976 0.0510354 0.234563 0.0222541
FixedParameters: 0 0 0

#Transform 92
Transform: AffineTransform_float_3_3
Parameters: 0.999997 -0.000351567 0.00244868 0.000334438 0.999977 0.00676284 -0.00245032 -0.00676216 0.999974 0.0596315 0.190178 0.0531063
FixedParameters: 0 0 0

#Transform 93
Transform: AffineTransform_float_3_3
Parameters: 0.999998 -0.000350553 0.00225464 0.000334452 0.999976 0.00689477 -0.00225636 -0.00689423 0.999973 0.0587174 0.138196 0.0796681
FixedParameters: 0 0 0

#Transform 94
Transform: AffineTransform_float_3_3
Parameters: 0.999997 -0.000342417 0.00244998 0.000334581 0.999996 0.00302783 -0.00245102 -0.00302617 0.999993 0.050236 0.0296322 0.0529978
FixedParameters: 0 0 0

#Transform 95
Transform: AffineTransform_float_3_3
Parameters: 0.999998 -0.000961548 0.00203886 0.000956453 0.999997 0.00222996 -0.00204114 -0.00222804 0.999996 0.0539193 0.0436613 0.0335777
FixedParameters: 0 0 0

#Transform 96
Transform: AffineTransform_float_3_3
Parameters: 0.999997 -0.000961529 0.00192474 0.000956467 0.999997 0.00235385 -0.00192726 -0.00235115 0.999996 0.0502 0.127699 -0.00097706
FixedParameters: 0 0 0

#Transform 97
Transform: AffineTransform_float_3_3
Parameters: 0.999998 -0.000706786 0.00196893 0.000701214 0.999995 0.00293738 -0.00197107 -0.00293661 0.999993 0.0509511 0.0472228 0.0793605
FixedParameters: 0 0 0

#Transform 98
Transform: AffineTransform_float_3_3
Parameters: 0.999997 -0.000606945 0.00203895 0.000599054 0.999994 0.00340523 -0.00204105 -0.00340377 0.999992 0.0529138 0.00999219 0.0712598
FixedParameters: 0 0 0

#Transform 99
Transform: AffineTransform_float_3_3
Parameters: 0.999997 -0.000494021 0.00234612 0.00048498 0.999993 0.00384415 -0.00234788 -0.00384285 0.99999 0.0758663 0.0544377 0.082163
FixedParameters: 0 0 0

#Transform 100
Transform: AffineTransform_float_3_3
Parameters: 0.999997 -0.000623861 0.0022836 0.000615143 0.999993 0.00387842 -0.0022854 -0.00387759 0.99999 0.0471747 0.129635 0.0683181
FixedParameters: 0 0 0

#Transform 101
Transform: AffineTransform_float_3_3
Parameters: 0.999998 -0.00043578 0.00228453 0.000427222 0.999994 0.00340498 -0.00228547 -0.00340401 0.999991 0.0436018 0.193956 0.041931
FixedParameters: 0 0 0

#Transform 102
Transform: AffineTransform_float_3_3
Parameters: 0.999997 -0.000611781 0.00228393 0.00060322 0.999994 0.00340539 -0.00228607 -0.00340461 0.999991 0.0421161 0.119454 0.0700156
FixedParameters: 0 0 0

#Transform 103
Transform: AffineTransform_float_3_3
Parameters: 0.999997 -0.000612809 0.00228365 0.000603189 0.999993 0.00385639 -0.00228634 -0.00385461 0.99999 0.064052 0.0714601 0.0843741
FixedParameters: 0 0 0

#Transform 104
Transform: AffineTransform_float_3_3
Parameters: 0.999997 -0.000419154 0.00235739 0.000409848 0.999993 0.00388198 -0.00235861 -0.00388102 0.999989 0.0677387 0.0645476 0.0912208
FixedParameters: 0 0 0

#Transform 105
Transform: AffineTransform_float_3_3
Parameters: 0.999998 -0.00024089 0.00228508 0.000232109 0.999993 0.00389054 -0.00228592 -0.00388946 0.99999 0.065034 0.103455 0.09073
FixedParameters: 0 0 0

#Transform 106
Transform: AffineTransform_float_3_3
Parameters: 0.999998 -0.000436376 0.00222538 0.000428625 0.999993 0.00376296 -0.00222663 -0.00376204 0.999991 0.0569943 0.170225 0.0226684
FixedParameters: 0 0 0

#Transform 107
Transform: AffineTransform_float_3_3
Parameters: 0.999997 -0.000611781 0.00228393 0.00060322 0.999994 0.00340539 -0.00228607 -0.00340461 0.999991 0.0466205 0.123156 0.0785968
FixedParameters: 0 0 0

#Transform 108
Transform: AffineTransform_float_3_3
Parameters: 0.999997 -0.000612985 0.00228361 0.000604013 0.999992 0.00393339 -0.00228639 -0.00393161 0.999989 0.0576591 0.0474205 0.106983
FixedParameters: 0 0 0

#Transform 109
Transform: AffineTransform_float_3_3
Parameters: 0.999998 -0.000121518 0.00228551 0.000112484 0.999992 0.00416427 -0.00228549 -0.00416373 0.999988 0.0434734 0.0419832 0.112109
FixedParameters: 0 0 0

#Transform 110
Transform: AffineTransform_float_3_3
Parameters: 0.999997 0.000207406 0.00234096 -0.000217595 0.999989 0.0045265 -0.00234004 -0.0045265 0.999987 0.0346065 0.106035 0.0406377
FixedParameters: 0 0 0

#Transform 111
Transform: AffineTransform_float_3_3
Parameters: 0.999997 -0.000204126 0.00245026 0.00019487 0.999993 0.00372449 -0.00245174 -0.00372351 0.99999 0.0551216 0.159961 0.0614451
FixedParameters: 0 0 0

#Transform 112
Transform: AffineTransform_float_3_3
Parameters: 0.999996 -3.26966e-05 0.0026299 2.33028e-05 0.999993 0.00368707 -0.0026301 -0.00368693 0.999989 0.0551936 0.172066 0.0465367
FixedParameters: 0 0 0

#Transform 113
Transform: AffineTransform_float_3_3
Parameters: 0.999997 -0.000195146 0.00250123 0.000184854 0.999992 0.00405647 -0.00250177 -0.00405552 0.999988 0.0712241 0.0659391 0.0556225
FixedParameters: 0 0 0

#Transform 114
Transform: AffineTransform_float_3_3
Parameters: 0.999997 0.000259289 0.00268026 -0.000272707 0.999988 0.00474229 -0.00267874 -0.00474371 0.999985 0.0545605 0.0857873 0.0710695
FixedParameters: 0 0 0

#Transform 115
Transform: AffineTransform_float_3_3
Parameters: 0.999997 0.000556282 0.00268167 -0.000569713 0.999988 0.00474349 -0.00267833 -0.00474551 0.999985 0.0410187 0.0854154 0.105938
FixedParameters: 0 0 0

#Transform 116
Transform: AffineTransform_float_3_3
Parameters: 0.999996 0.000347758 0.00274645 -0.000358245 0.999991 0.00409403 -0.00274556 -0.00409497 0.999988 0.0477114 0.133013 0.0831741
FixedParameters: 0 0 0

#Transform 117
Transform: AffineTransform_float_3_3
Parameters: 0.999996 8.60309e-05 0.00267937 -9.69667e-05 0.999991 0.00409375 -0.00267862 -0.00409424 0.999988 0.0540698 0.172272 0.0324597
FixedParameters: 0 0 0

#Transform 118
Transform: AffineTransform_float_3_3
Parameters: 0.999995 -0.000386161 0.00292632 0.000380839 0.999999 0.00176412 -0.00292668 -0.00176288 0.999994 0.0999568 0.043822 0.0845952
FixedParameters: 0 0 0

#Transform 119
Transform: AffineTransform_float_3_3
Parameters: 0.999995 -0.000696782 0.00307572 0.000713219 0.999986 -0.00527483 -0.00307228 0.00527717 0.999982 0.192021 -0.329323 0.089343
FixedParameters: 0 0 0

#Transform 120
Transform: AffineTransform_float_3_3
Parameters: 0.999988 -0.0036064 0.00326254 0.00386664 0.996479 -0.0837554 -0.00294949 0.0837676 0.996481 0.334038 -3.71186 0.29404
FixedParameters: 0 0 0

#Transform 121
Transform: AffineTransform_float_3_3
Parameters: 0.999968 -0.00529932 0.00609497 0.00578669 0.996533 -0.0829984 -0.00563406 0.0830306 0.996531 0.447524 -3.5149 0.664648
FixedParameters: 0 0 0

#Transform 122
Transform: AffineTransform_float_3_3
Parameters: 0.999962 -0.00624859 0.0061752 0.00664747 0.997735 -0.0669305 -0.00574384 0.0669684 0.997738 0.490342 -2.75371 0.755834
FixedParameters: 0 0 0

#Transform 123
Transform: AffineTransform_float_3_3
Parameters: 0.999967 -0.00531132 0.00604715 0.00565067 0.998323 -0.0576147 -0.00573086 0.0576473 0.99832 0.435784 -2.05194 0.634385
FixedParameters: 0 0 0

#Transform 124
Transform: AffineTransform_float_3_3
Parameters: 0.999966 -0.00510499 0.00658216 0.005454 0.998518 -0.054144 -0.00629584 0.054178 0.998511 0.459228 -1.88642 0.515455
FixedParameters: 0 0 0

#Transform 125
Transform: AffineTransform_float_3_3
Parameters: 0.99997 -0.00470431 0.00615119 0.00504468 0.998385 -0.0565967 -0.00587483 0.0566264 0.998378 0.425543 -2.15738 0.64179
FixedParameters: 0 0 0

#Transform 126
Transform: AffineTransform_float_3_3
Parameters: 0.999968 -0.00438321 0.00678456 0.00476082 0.99838 -0.0567086 -0.00652545 0.0567395 0.998367 0.424419 -2.26797 0.606451
FixedParameters: 0 0 0

#Transform 127
Transform: AffineTransform_float_3_3
Parameters: 0.999969 -0.00401794 0.00668893 0.00437807 0.998493 -0.0547154 -0.00645907 0.0547427 0.99848 0.409381 -2.16564 0.633031
FixedParameters: 0 0 0

#Transform 128
Transform: AffineTransform_float_3_3
Parameters: 0.999973 -0.00448003 0.00578975 0.00476799 0.998702 -0.0507218 -0.00555525 0.0507473 0.998696 0.393032 -1.88861 0.56615
FixedParameters: 0 0 0

#Transform 129
Transform: AffineTransform_float_3_3
Parameters: 0.999971 -0.00457487 0.00609145 0.00488711 0.998622 -0.0522528 -0.00584355 0.0522813 0.998616 0.405908 -1.90886 0.457375
FixedParameters: 0 0 0

#Transform 130
Transform: AffineTransform_float_3_3
Parameters: 0.999971 -0.00475076 0.00585409 0.00505023 0.998624 -0.0522089 -0.00559789 0.0522371 0.998619 0.417949 -2.03434 0.579236
FixedParameters: 0 0 0

#Transform 131
Transform: AffineTransform_float_3_3
Parameters: 0.999969 -0.00435375 0.00646004 0.00468124 0.99866 -0.0515373 -0.00622695 0.0515667 0.99865 0.414199 -2.04558 0.603053
FixedParameters: 0 0 0

#Transform 132
Transform: AffineTransform_float_3_3
Parameters: 0.999974 -0.00400094 0.00597571 0.00429907 0.998704 -0.0507276 -0.00576529 0.0507524 0.998694 0.401227 -1.96566 0.5783
FixedParameters: 0 0 0

#Transform 133
Transform: AffineTransform_float_3_3
Parameters: 0.999975 -0.00407459 0.00574086 0.00435842 0.998718 -0.0504332 -0.00552818 0.0504568 0.998711 0.379152 -1.85535 0.556975
FixedParameters: 0 0 0

#Transform 134
Transform: AffineTransform_float_3_3
Parameters: 0.999975 -0.00444401 0.00561481 0.004721 0.998722 -0.0503218 -0.0053842 0.0503472 0.998718 0.393293 -1.74678 0.497251
FixedParameters: 0 0 0

#Transform 135
Transform: AffineTransform_float_3_3
Parameters: 0.999971 -0.00432572 0.00629126 0.00463527 0.998738 -0.0500073 -0.00606673 0.0500347 0.998729 0.41107 -1.83782 0.544103
FixedParameters: 0 0 0

#Transform 136
Transform: AffineTransform_float_3_3
Parameters: 0.99997 -0.00397681 0.00666835 0.00430417 0.998751 -0.0497918 -0.00646165 0.0498192 0.998738 0.400774 -1.91608 0.58381
FixedParameters: 0 0 0

#Transform 137
Transform: AffineTransform_float_3_3
Parameters: 0.999971 -0.00367897 0.00655457 0.00399804 0.998774 -0.0493422 -0.00636543 0.0493678 0.998761 0.395162 -1.90327 0.553187
FixedParameters: 0 0 0

#Transform 138
Transform: AffineTransform_float_3_3
Parameters: 0.999973 -0.00399193 0.00628121 0.00429511 0.99879 -0.0490004 -0.00607879 0.0490266 0.998779 0.401819 -1.83651 0.580492
FixedParameters: 0 0 0

#Transform 139
Transform: AffineTransform_float_3_3
Parameters: 0.99997 -0.00431351 0.00651994 0.00462249 0.998833 -0.0480653 -0.00630504 0.0480936 0.998823 0.410084 -1.69131 0.521286
FixedParameters: 0 0 0

#Transform 140
Transform: AffineTransform_float_3_3
Parameters: 0.999969 -0.00447194 0.00649671 0.00478207 0.99881 -0.0485214 -0.00627229 0.0485505 0.998801 0.417919 -1.80163 0.553917
FixedParameters: 0 0 0

#Transform 141
Transform: AffineTransform_float_3_3
Parameters: 0.999971 -0.00401892 0.00636856 0.00431805 0.998847 -0.0478279 -0.00616848 0.0478542 0.998836 0.413038 -1.84183 0.578808
FixedParameters: 0 0 0

#Transform 142
Transform: AffineTransform_float_3_3
Parameters: 0.999972 -0.00392237 0.00628022 0.00421562 0.998865 -0.0474448 -0.00608679 0.0474702 0.998854 0.389338 -1.82474 0.582254
FixedParameters: 0 0 0

#Transform 143
Transform: AffineTransform_float_3_3
Parameters: 0.999968 -0.00349315 0.00727533 0.00383683 0.998849 -0.0477966 -0.00709968 0.0478233 0.99883 0.40242 -1.81704 0.63058
FixedParameters: 0 0 0

#Transform 144
Transform: AffineTransform_float_3_3
Parameters: 0.99997 -0.00408427 0.00647573 0.00438474 0.99888 -0.047126 -0.00627628 0.047153 0.998868 0.391213 -1.68858 0.559128
FixedParameters: 0 0 0

#Transform 145
Transform: AffineTransform_float_3_3
Parameters: 0.999973 -0.0040308 0.00604209 0.00431318 0.998864 -0.0474422 -0.00584389 0.0474678 0.998855 0.377919 -1.68097 0.507398
FixedParameters: 0 0 0

#Transform 146
Transform: AffineTransform_float_3_3
Parameters: 0.999971 -0.00412293 0.00636418 0.00441807 0.998882 -0.0470692 -0.00616282 0.0470958 0.998872 0.393207 -1.74614 0.580253
FixedParameters: 0 0 0

#Transform 147
Transform: AffineTransform_float_3_3
Parameters: 0.99997 -0.00378767 0.00685309 0.00410833 0.99887 -0.0473493 -0.0066659 0.0473757 0.998855 0.393895 -1.80292 0.614624
FixedParameters: 0 0 0

#Transform 148
Transform: AffineTransform_float_3_3
Parameters: 0.999972 -0.00372236 0.00660397 0.00402564 0.998914 -0.0464207 -0.006424 0.0464462 0.9989 0.388007 -1.75332 0.592201
FixedParameters: 0 0 0

#Transform 149
Transform: AffineTransform_float_3_3
Parameters: 0.999973 -0.00390448 0.00621337 0.0041845 0.998942 -0.0457942 -0.00602765 0.0458188 0.998931 0.384786 -1.69559 0.579143
FixedParameters: 0 0 0

#Transform 150
Transform: AffineTransform_float_3_3
Parameters: 0.999969 -0.00405981 0.00674827 0.00436218 0.99896 -0.045386 -0.00655671 0.045414 0.998946 0.401054 -1.62088 0.559029
FixedParameters: 0 0 0

#Transform 151
Transform: AffineTransform_float_3_3
Parameters: 0.999962 -0.00387606 0.0077192 0.00422297 0.998958 -0.0454481 -0.00753579 0.0454789 0.998937 0.428665 -1.64313 0.574046
FixedParameters: 0 0 0

#Transform 152
Transform: AffineTransform_float_3_3
Parameters: 0.999966 -0.00409211 0.00724841 0.00441388 0.998979 -0.0449646 -0.00705661 0.0449944 0.998963 0.425395 -1.72531 0.582488
FixedParameters: 0 0 0

#Transform 153
Transform: AffineTransform_float_3_3
Parameters: 0.999967 -0.00394268 0.00720653 0.00426035 0.998991 -0.0447038 -0.00702351 0.0447322 0.998975 0.413768 -1.68621 0.575769
FixedParameters: 0 0 0

#Transform 154
Transform: AffineTransform_float_3_3
Parameters: 0.999965 -0.00357117 0.00755594 0.00390283 0.999007 -0.044367 -0.00739007 0.0443949 0.998986 0.40667 -1.67956 0.594145
FixedParameters: 0 0 0

#Transform 155
Transform: AffineTransform_float_3_3
Parameters: 0.999962 -0.00403914 0.00763983 0.00437587 0.998995 -0.0446022 -0.00745217 0.0446338 0.998975 0.435444 -1.57702 0.536051
FixedParameters: 0 0 0

#Transform 156
Transform: AffineTransform_float_3_3
Parameters: 0.999964 -0.00436365 0.00730255 0.00468633 0.998989 -0.0447244 -0.00709943 0.0447566 0.998972 0.42618 -1.58643 0.495917
FixedParameters: 0 0 0

#Transform 157
Transform: AffineTransform_float_3_3
Parameters: 0.999962 -0.00427527 0.00751406 0.00460572 0.998996 -0.0445631 -0.00731595 0.044596 0.998979 0.437478 -1.67524 0.560762
FixedParameters: 0 0 0

#Transform 158
Transform: AffineTransform_float_3_3
Parameters: 0.999962 -0.00384933 0.00779559 0.00418769 0.999027 -0.043904 -0.00761943 0.043935 0.999006 0.444766 -1.68243 0.557277
FixedParameters: 0 0 0

#Transform 159
Transform: AffineTransform_float_3_3
Parameters: 0.999961 -0.00386559 0.00801302 0.00421042 0.999043 -0.043548 -0.00783702 0.04358 0.999019 0.451552 -1.6572 0.572354
FixedParameters: 0 0 0

#Transform 160
Transform: AffineTransform_float_3_3
Parameters: 0.999963 -0.00388172 0.00770198 0.00421028 0.999057 -0.0432072 -0.00752705 0.0432389 0.999037 0.441421 -1.58044 0.514792
FixedParameters: 0 0 0

#Transform 161
Transform: AffineTransform_float_3_3
Parameters: 0.999963 -0.00395647 0.00771132 0.00428756 0.999046 -0.0434616 -0.00753271 0.0434934 0.999026 0.434013 -1.52372 0.495769
FixedParameters: 0 0 0

#Transform 162
Transform: AffineTransform_float_3_3
Parameters: 0.99996 -0.00408996 0.0079788 0.00443201 0.999051 -0.0433334 -0.00779319 0.0433666 0.999029 0.442934 -1.59348 0.537974
FixedParameters: 0 0 0

#Transform 163
Transform: AffineTransform_float_3_3
Parameters: 0.999961 -0.00382741 0.00793639 0.00416563 0.999063 -0.0430956 -0.00776464 0.0431264 0.99904 0.4279 -1.6535 0.571378
FixedParameters: 0 0 0

#Transform 164
Transform: AffineTransform_float_3_3
Parameters: 0.999965 -0.00330013 0.00768189 0.00362287 0.999094 -0.0424027 -0.00753511 0.0424294 0.999071 0.413044 -1.62307 0.555747
FixedParameters: 0 0 0

#Transform 165
Transform: AffineTransform_float_3_3
Parameters: 0.999964 -0.00348474 0.00764329 0.00380729 0.999086 -0.0425614 -0.00748869 0.0425886 0.999064 0.413985 -1.58003 0.555254
FixedParameters: 0 0 0

#Transform 166
Transform: AffineTransform_float_3_3
Parameters: 0.999963 -0.00364256 0.00777852 0.00397442 0.999061 -0.0431597 -0.00761351 0.0431883 0.999038 0.422765 -1.53382 0.526893
FixedParameters: 0 0 0

#Transform 167
Transform: AffineTransform_float_3_3
Parameters: 0.999963 -0.00377234 0.00772195 0.00410167 0.999061 -0.0431309 -0.00755206 0.0431611 0.999039 0.424339 -1.53084 0.527536
FixedParameters: 0 0 0

#Transform 168
Transform: AffineTransform_float_3_3
Parameters: 0.999965 -0.00355633 0.00760539 0.00387869 0.999075 -0.042841 -0.00744661 0.042869 0.999053 0.41079 -1.62706 0.554088
FixedParameters: 0 0 0

#Transform 169
Transform: AffineTransform_float_3_3
Parameters: 0.999962 -0.00318988 0.00803571 0.00352614 0.999105 -0.0421683 -0.00789428 0.0421948 0.999078 0.418129 -1.61553 0.579282
FixedParameters: 0 0 0

#Transform 170
Transform: AffineTransform_float_3_3
Parameters: 0.999964 -0.00314666 0.00788347 0.00347736 0.999095 -0.0423751 -0.00774356 0.0424009 0.99907 0.403247 -1.59117 0.574889
FixedParameters: 0 0 0

#Transform 171
Transform: AffineTransform_float_3_3
Parameters: 0.999964 -0.00360796 0.00769303 0.00393504 0.999071 -0.0429293 -0.00753096 0.0429577 0.999048 0.406427 -1.52519 0.513982
FixedParameters: 0 0 0

#Transform 172
Transform: AffineTransform_float_3_3
Parameters: 0.999966 -0.00372546 0.00744945 0.00404252 0.999063 -0.0430754 -0.00728157 0.0431046 0.999044 0.404663 -1.52086 0.500209
FixedParameters: 0 0 0

#Transform 173
Transform: AffineTransform_float_3_3
Parameters: 0.999964 -0.00333938 0.00770791 0.00366362 0.99909 -0.0424923 -0.0075591 0.0425187 0.999067 0.408783 -1.61265 0.561413
FixedParameters: 0 0 0

#Transform 174
Transform: AffineTransform_float_3_3
Parameters: 0.999964 -0.00329528 0.00784925 0.00362375 0.999101 -0.0422401 -0.00770376 0.0422669 0.999076 0.406645 -1.63247 0.576277
FixedParameters: 0 0 0

#Transform 175
Transform: AffineTransform_float_3_3
Parameters: 0.999964 -0.00311617 0.00791929 0.00344685 0.999107 -0.0421102 -0.0077817 0.0421368 0.999081 0.410366 -1.61185 0.585159
FixedParameters: 0 0 0

#Transform 176
Transform: AffineTransform_float_3_3
Parameters: 0.999965 -0.0033306 0.00758742 0.00364638 0.999114 -0.0419418 -0.00744056 0.0419682 0.999091 0.401569 -1.49281 0.538193
FixedParameters: 0 0 0

#Transform 177
Transform: AffineTransform_float_3_3
Parameters: 0.999965 -0.00332659 0.00764997 0.0036464 0.999105 -0.0421246 -0.00750301 0.0421514 0.999083 0.404977 -1.44288 0.510738
FixedParameters: 0 0 0

#Transform 178
Transform: AffineTransform_float_3_3
Parameters: 0.999965 -0.00332567 0.00769059 0.0036463 0.99911 -0.0420194 -0.0075434 0.0420466 0.999087 0.411213 -1.54238 0.550416
FixedParameters: 0 0 0

#Transform 179
Transform: AffineTransform_float_3_3
Parameters: 0.999963 -0.00331658 0.00794076 0.00364639 0.999118 -0.0418366 -0.00779422 0.0418634 0.999093 0.39923 -1.59915 0.60336
FixedParameters: 0 0 0

#Transform 180
Transform: AffineTransform_float_3_3
Parameters: 0.999964 -0.00332368 0.00783863 0.00364629 0.999133 -0.0414699 -0.00769336 0.0414971 0.999109 0.407153 -1.61123 0.590729
FixedParameters: 0 0 0

#Transform 181
Transform: AffineTransform_float_3_3
Parameters: 0.999966 -0.00280308 0.0077294 0.00311991 0.999142 -0.0413003 -0.0076066 0.0413227 0.999117 0.401752 -1.50403 0.56696
FixedParameters: 0 0 0

#Transform 182
Transform: AffineTransform_float_3_3
Parameters: 0.999965 -0.00333057 0.00766197 0.00364642 0.99913 -0.0415285 -0.00751701 0.0415555 0.999108 0.400873 -1.45906 0.534283
FixedParameters: 0 0 0

#Transform 183
Transform: AffineTransform_float_3_3
Parameters: 0.999962 -0.00331475 0.00798373 0.00364621 0.999117 -0.0418385 -0.00783726 0.0418666 0.999093 0.410308 -1.49468 0.559608
FixedParameters: 0 0 0

#Transform 184
Transform: AffineTransform_float_3_3
Parameters: 0.999961 -0.0033144 0.00809484 0.00364561 0.99914 -0.0412991 -0.00795117 0.0413269 0.999114 0.42912 -1.56895 0.59456
FixedParameters: 0 0 0

#Transform 185
Transform: AffineTransform_float_3_3
Parameters: 0.999964 -0.00306898 0.00791803 0.00339002 0.99916 -0.0408536 -0.00778596 0.0408794 0.999134 0.4099 -1.56968 0.579264
FixedParameters: 0 0 0

#Transform 186
Transform: AffineTransform_float_3_3
Parameters: 0.999962 -0.00331832 0.00806376 0.00364568 0.999154 -0.0409662 -0.00792125 0.0409948 0.999128 0.427981 -1.50212 0.582528
FixedParameters: 0 0 0

#Transform 187
Transform: AffineTransform_float_3_3
Parameters: 0.999961 -0.0033055 0.00825563 0.00364648 0.999128 -0.0415765 -0.00811036 0.0416044 0.999101 0.413445 -1.45099 0.546868
FixedParameters: 0 0 0

#Transform 188
Transform: AffineTransform_float_3_3
Parameters: 0.999961 -0.0033117 0.00817256 0.00364627 0.999143 -0.0412348 -0.00802843 0.0412632 0.999116 0.429118 -1.458 0.543169
FixedParameters: 0 0 0

#Transform 189
Transform: AffineTransform_float_3_3
Parameters: 0.999962 -0.00320508 0.0081756 0.0035359 0.999161 -0.0407897 -0.00803742 0.0408163 0.999135 0.425849 -1.55404 0.570568
FixedParameters: 0 0 0

#Transform 190
Transform: AffineTransform_float_3_3
Parameters: 0.999963 -0.00282287 0.00814407 0.00314813 0.999187 -0.0401899 -0.00802392 0.0402141 0.999159 0.409886 -1.53292 0.58929
FixedParameters: 0 0 0

#Transform 191
Transform: AffineTransform_float_3_3
