# transform file /out/sourcedata/freesurfer/sub-v2s11x28728_ses-1/mri/transforms/cc_up.lta
# created by oesteban on Wed Mar 11 00:39:38 2026

type      = 0 # LINEAR_VOX_TO_VOX
nxforms   = 1
mean      = 158.0000 159.0000 151.0000
sigma     = 10000.0000
1 4 4
9.970020651817322e-01 4.391346871852875e-02 -6.370507180690765e-02 -2.662753677368164e+01 
-4.382409527897835e-02 9.990352392196655e-01 2.800212008878589e-03 -8.341285705566406e+00 
6.376658380031586e-02 0.000000000000000e+00 9.979647994041443e-01 -1.375726985931396e+01 
0.000000000000000e+00 0.000000000000000e+00 0.000000000000000e+00 1.000000000000000e+00 
src volume info
valid = 1  # volume info valid
filename = /out/sourcedata/freesurfer/sub-v2s11x28728_ses-1/mri/norm.mgz
volume = 320 320 320
voxelsize = 7.999999523162842e-01 7.999999523162842e-01 7.999999523162842e-01
xras   = -9.999999403953552e-01 0.000000000000000e+00 0.000000000000000e+00
yras   = 0.000000000000000e+00 0.000000000000000e+00 -9.999999403953552e-01
zras   = 0.000000000000000e+00 9.999999403953552e-01 0.000000000000000e+00
cras   = -9.204101562500000e-01 -1.089391326904297e+01 8.599472045898438e+00
dst volume info
valid = 1  # volume info valid
filename = /out/sourcedata/freesurfer/sub-v2s11x28728_ses-1/mri/norm.mgz
volume = 320 320 320
voxelsize = 7.999999523162842e-01 7.999999523162842e-01 7.999999523162842e-01
xras   = -9.999999403953552e-01 0.000000000000000e+00 0.000000000000000e+00
yras   = 0.000000000000000e+00 0.000000000000000e+00 -9.999999403953552e-01
zras   = 0.000000000000000e+00 9.999999403953552e-01 0.000000000000000e+00
cras   = -9.204101562500000e-01 -1.089391326904297e+01 8.599472045898438e+00
