# transform file /out/sourcedata/freesurfer/sub-v2s11x28702_ses-1/mri/transforms/cc_up.lta
# created by oesteban on Tue Mar 10 23:22:27 2026

type      = 0 # LINEAR_VOX_TO_VOX
nxforms   = 1
mean      = 158.0000 159.0000 151.0000
sigma     = 10000.0000
1 4 4
9.990251660346985e-01 -1.817940920591354e-02 -4.022662341594696e-02 -1.926849365234375e+01 
1.816468872129917e-02 9.998347163200378e-01 -7.314170361496508e-04 -1.371885776519775e+01 
4.023326933383942e-02 -5.820766091346741e-11 9.991902709007263e-01 -1.218149852752686e+01 
0.000000000000000e+00 0.000000000000000e+00 0.000000000000000e+00 1.000000000000000e+00 
src volume info
valid = 1  # volume info valid
filename = /out/sourcedata/freesurfer/sub-v2s11x28702_ses-1/mri/norm.mgz
volume = 320 320 320
voxelsize = 7.999998927116394e-01 7.999998927116394e-01 7.999998927116394e-01
xras   = -9.999999403953552e-01 0.000000000000000e+00 0.000000000000000e+00
yras   = 0.000000000000000e+00 0.000000000000000e+00 -9.999999403953552e-01
zras   = 0.000000000000000e+00 9.999999403953552e-01 0.000000000000000e+00
cras   = -9.204101562500000e-01 -4.992370605468750e-01 1.802992248535156e+01
dst volume info
valid = 1  # volume info valid
filename = /out/sourcedata/freesurfer/sub-v2s11x28702_ses-1/mri/norm.mgz
volume = 320 320 320
voxelsize = 7.999998927116394e-01 7.999998927116394e-01 7.999998927116394e-01
xras   = -9.999999403953552e-01 0.000000000000000e+00 0.000000000000000e+00
yras   = 0.000000000000000e+00 0.000000000000000e+00 -9.999999403953552e-01
zras   = 0.000000000000000e+00 9.999999403953552e-01 0.000000000000000e+00
cras   = -9.204101562500000e-01 -4.992370605468750e-01 1.802992248535156e+01
