# transform file /out/sourcedata/freesurfer/sub-v2s11x28700_ses-1/mri/transforms/cc_up.lta
# created by oesteban on Tue Mar 10 23:07:35 2026

type      = 0 # LINEAR_VOX_TO_VOX
nxforms   = 1
mean      = 155.0000 159.0000 143.0000
sigma     = 10000.0000
1 4 4
9.998404383659363e-01 -1.635770872235298e-02 7.192146033048630e-03 -2.560790824890137e+01 
1.635728590190411e-02 9.998663067817688e-01 1.176627629320137e-04 -1.351525402069092e+01 
-7.193108089268208e-03 0.000000000000000e+00 9.999741911888123e-01 3.110997200012207e+00 
0.000000000000000e+00 0.000000000000000e+00 0.000000000000000e+00 1.000000000000000e+00 
src volume info
valid = 1  # volume info valid
filename = /out/sourcedata/freesurfer/sub-v2s11x28700_ses-1/mri/norm.mgz
volume = 320 320 320
voxelsize = 7.999999523162842e-01 7.999999523162842e-01 7.999999523162842e-01
xras   = -9.999999403953552e-01 0.000000000000000e+00 0.000000000000000e+00
yras   = 0.000000000000000e+00 0.000000000000000e+00 -9.999999403953552e-01
zras   = 0.000000000000000e+00 9.999999403953552e-01 0.000000000000000e+00
cras   = -9.204101562500000e-01 -3.629966735839844e+00 8.818786621093750e+00
dst volume info
valid = 1  # volume info valid
filename = /out/sourcedata/freesurfer/sub-v2s11x28700_ses-1/mri/norm.mgz
volume = 320 320 320
voxelsize = 7.999999523162842e-01 7.999999523162842e-01 7.999999523162842e-01
xras   = -9.999999403953552e-01 0.000000000000000e+00 0.000000000000000e+00
yras   = 0.000000000000000e+00 0.000000000000000e+00 -9.999999403953552e-01
zras   = 0.000000000000000e+00 9.999999403953552e-01 0.000000000000000e+00
cras   = -9.204101562500000e-01 -3.629966735839844e+00 8.818786621093750e+00
