# transform file /out/sourcedata/freesurfer/sub-v2s11x28696_ses-1/mri/transforms/cc_up.lta
# created by oesteban on Tue Mar 10 21:30:27 2026

type      = 0 # LINEAR_VOX_TO_VOX
nxforms   = 1
mean      = 163.0000 155.0000 139.0000
sigma     = 10000.0000
1 4 4
9.962333440780640e-01 -7.365083694458008e-02 4.576779529452324e-02 -2.753450965881348e+01 
7.357323914766312e-02 9.972841143608093e-01 3.380015958100557e-03 -2.193610572814941e+01 
-4.589243605732918e-02 4.656612873077393e-10 9.989464282989502e-01 1.555254459381104e+01 
0.000000000000000e+00 0.000000000000000e+00 0.000000000000000e+00 1.000000000000000e+00 
src volume info
valid = 1  # volume info valid
filename = /out/sourcedata/freesurfer/sub-v2s11x28696_ses-1/mri/norm.mgz
volume = 320 320 320
voxelsize = 7.999999523162842e-01 7.999999523162842e-01 7.999999523162842e-01
xras   = -9.999999403953552e-01 0.000000000000000e+00 0.000000000000000e+00
yras   = 0.000000000000000e+00 0.000000000000000e+00 -9.999999403953552e-01
zras   = 0.000000000000000e+00 9.999999403953552e-01 0.000000000000000e+00
cras   = 4.155509948730469e+00 -4.235328674316406e+00 9.982337951660156e+00
dst volume info
valid = 1  # volume info valid
filename = /out/sourcedata/freesurfer/sub-v2s11x28696_ses-1/mri/norm.mgz
volume = 320 320 320
voxelsize = 7.999999523162842e-01 7.999999523162842e-01 7.999999523162842e-01
xras   = -9.999999403953552e-01 0.000000000000000e+00 0.000000000000000e+00
yras   = 0.000000000000000e+00 0.000000000000000e+00 -9.999999403953552e-01
zras   = 0.000000000000000e+00 9.999999403953552e-01 0.000000000000000e+00
cras   = 4.155509948730469e+00 -4.235328674316406e+00 9.982337951660156e+00
