# transform file transforms/talairach.lta
# created by oesteban on Tue Mar 10 19:35:34 2026

type      = 0 # LINEAR_VOX_TO_VOX
nxforms   = 1
mean      = 163.0000 158.0000 139.0000
sigma     = 10000.0000
1 4 4
7.980526089668274e-01 -5.070888251066208e-02 2.541117183864117e-02 1.510497331619263e+00 
3.142789751291275e-02 8.895339369773865e-01 3.025849163532257e-01 -5.741991806030273e+01 
-4.020809754729271e-02 -2.704949975013733e-01 7.505182027816772e-01 5.678729248046875e+01 
0.000000000000000e+00 0.000000000000000e+00 0.000000000000000e+00 1.000000000000000e+00 
src volume info
valid = 1  # volume info valid
filename = nu.mgz
volume = 320 320 320
voxelsize = 7.999999523162842e-01 7.999999523162842e-01 7.999999523162842e-01
xras   = -9.999999403953552e-01 0.000000000000000e+00 0.000000000000000e+00
yras   = 0.000000000000000e+00 0.000000000000000e+00 -9.999999403953552e-01
zras   = 0.000000000000000e+00 9.999999403953552e-01 0.000000000000000e+00
cras   = 4.155509948730469e+00 -4.235328674316406e+00 9.982337951660156e+00
dst volume info
valid = 1  # volume info valid
filename = /opt/freesurfer/average/RB_all_2020-01-02.gca
volume = 256 256 256
voxelsize = 1.000000000000000e+00 1.000000000000000e+00 1.000000000000000e+00
xras   = -1.000000000000000e+00 0.000000000000000e+00 0.000000000000000e+00
yras   = 0.000000000000000e+00 0.000000000000000e+00 -1.000000000000000e+00
zras   = 0.000000000000000e+00 1.000000000000000e+00 0.000000000000000e+00
cras   = 0.000000000000000e+00 0.000000000000000e+00 0.000000000000000e+00
