#Insight Transform File V1.0
#Transform 0
Transform: AffineTransform_float_3_3
Parameters: 1 0.000313876 -0.000210185 -0.000314124 1 -0.000589934 0.000210815 0.000590066 1 0.0404176 -0.153665 0.169302
FixedParameters: 0 0 0

#Transform 1
Transform: AffineTransform_float_3_3
Parameters: 1 0.000276775 -0.000461135 -0.000277225 1 -0.000487872 0.000460865 0.000488127 1 0.0267772 -0.140549 0.161148
FixedParameters: 0 0 0

#Transform 2
Transform: AffineTransform_float_3_3
Parameters: 0.999999 0.00120767 -0.000708563 -0.00120833 0.999999 -0.000466144 0.000708436 0.000466856 0.999999 0.00345582 0.00402466 0.102062
FixedParameters: 0 0 0

#Transform 3
Transform: AffineTransform_float_3_3
Parameters: 0.999999 0.00120787 -0.000496306 -0.00120813 0.999999 -0.000253401 0.000495694 0.000253599 1 0.00390652 -0.141493 0.112623
FixedParameters: 0 0 0

#Transform 4
Transform: AffineTransform_float_3_3
Parameters: 1 -0.000227989 3.80634e-05 0.000228011 1 -0.000277991 -3.79366e-05 0.000278009 1 0.0570776 -0.261832 0.136957
FixedParameters: 0 0 0

#Transform 5
Transform: AffineTransform_float_3_3
Parameters: 1 7.1999e-05 -1.90038e-05 -7.2001e-05 1 -5.29986e-05 1.89962e-05 5.30014e-05 1 0.0493464 -0.183021 0.134313
FixedParameters: 0 0 0

#Transform 6
Transform: AffineTransform_float_3_3
Parameters: 1 -3.99516e-05 0.000105018 4.00484e-05 1 -0.000460996 -0.000104982 0.000461004 1 0.0526919 -0.180514 0.125887
FixedParameters: 0 0 0

#Transform 7
Transform: AffineTransform_float_3_3
Parameters: 1 0.000405887 -0.000324142 -0.000406113 1 -0.000348868 0.000323858 0.000349131 1 0.0304882 -0.0572824 0.0752619
FixedParameters: 0 0 0

#Transform 8
Transform: AffineTransform_float_3_3
Parameters: 0.999996 0.00278825 -0.00027954 -0.00278775 0.999995 0.000882782 0.000281461 -0.000882218 0.999999 -0.0353614 0.106687 0.0301697
FixedParameters: 0 0 0

#Transform 9
Transform: AffineTransform_float_3_3
Parameters: 1 0.000455946 -0.000358069 -0.000456054 1 -0.000150837 0.000357931 0.000151163 1 -0.0363604 -0.123462 0.102855
FixedParameters: 0 0 0

#Transform 10
Transform: AffineTransform_float_3_3
Parameters: 0.999996 0.00288405 0.000298549 -0.00288395 0.999996 -0.000156862 -0.000299451 0.000156137 1 -0.0332907 -0.101377 0.0549968
FixedParameters: 0 0 0

#Transform 11
Transform: AffineTransform_float_3_3
Parameters: 0.999998 0.00196602 0.000349866 -0.00196598 0.999998 -6.8688e-05 -0.000350133 6.73118e-05 1 -0.00719817 -0.145066 0.0384031
FixedParameters: 0 0 0

#Transform 12
Transform: AffineTransform_float_3_3
Parameters: 0.999999 0.00155308 0.000266524 -0.00155292 0.999998 -0.000306414 -0.000266475 0.000305586 1 0.0139163 -0.131463 0.0435135
FixedParameters: 0 0 0

#Transform 13
Transform: AffineTransform_float_3_3
Parameters: 0.999998 0.00155314 0.000353398 -0.00155286 0.999998 -0.000387549 -0.000354602 0.00038745 1 0.0337454 -0.00378855 -0.00641225
FixedParameters: 0 0 0

#Transform 14
Transform: AffineTransform_float_3_3
Parameters: 0.999999 0.001163 0.000558001 -0.001163 1 3.51045e-07 -0.000558 -6.48954e-07 1 0.0334243 -0.0256016 0.00542598
FixedParameters: 0 0 0

#Transform 15
Transform: AffineTransform_float_3_3
Parameters: 1 0.000912853 0.000529254 -0.000912147 0.999999 0.000277517 -0.000528747 -0.000277483 1 0.0404487 -0.136168 0.0148419
FixedParameters: 0 0 0

#Transform 16
Transform: AffineTransform_float_3_3
Parameters: 0.999999 0.000912912 0.000238332 -0.000912086 0.999999 0.000363783 -0.000237668 -0.000364217 1 0.0315365 -0.129376 0.0101565
FixedParameters: 0 0 0

#Transform 17
Transform: AffineTransform_float_3_3
Parameters: 0.999999 0.000912921 0.000215332 -0.000912077 0.999999 0.000363804 -0.000214668 -0.000364196 1 0.0254334 -0.154355 0.0400451
FixedParameters: 0 0 0

#Transform 18
Transform: AffineTransform_float_3_3
Parameters: 0.999999 0.000719 -9.21629e-07 -0.000719 0.999999 0.000109001 1.07837e-06 -0.000108999 1 0.0252053 -0.120876 0.0432517
FixedParameters: 0 0 0

#Transform 19
Transform: AffineTransform_float_3_3
Parameters: 0.999999 0.000918009 -0.000192952 -0.000917989 0.999999 5.21771e-05 0.000193048 -5.18228e-05 1 0.0258236 0.027007 0.00464897
FixedParameters: 0 0 0

#Transform 20
Transform: AffineTransform_float_3_3
Parameters: 1 0.00051001 -0.000192972 -0.000509989 1 5.50984e-05 0.000193028 -5.49016e-05 1 0.0264819 -0.0214973 0.00538994
FixedParameters: 0 0 0

#Transform 21
Transform: AffineTransform_float_3_3
Parameters: 1 9.19476e-05 0.000391012 -9.20524e-05 1 0.000133964 -0.000390988 -0.000134036 1 0.0490085 -0.138905 0.0188028
FixedParameters: 0 0 0

#Transform 22
Transform: AffineTransform_float_3_3
Parameters: 1 0.000342013 -3.1856e-05 -0.000341986 1 0.000421011 3.2144e-05 -0.000420989 1 0.0343884 -0.130733 0.0333632
FixedParameters: 0 0 0

#Transform 23
Transform: AffineTransform_float_3_3
Parameters: 1 9.20029e-05 -6.96127e-06 -9.1997e-05 1 0.000421001 7.03873e-06 -0.000420999 1 0.0359438 -0.12268 0.0459178
FixedParameters: 0 0 0

#Transform 24
Transform: AffineTransform_float_3_3
Parameters: 1 9.19986e-05 5.00026e-05 -9.20014e-05 1 2.79954e-05 -4.99974e-05 -2.80046e-05 1 0.0388182 -0.0865816 0.0475464
FixedParameters: 0 0 0

#Transform 25
Transform: AffineTransform_float_3_3
Parameters: 1 -9.60013e-05 4.99974e-05 9.59986e-05 1 2.70048e-05 -5.00026e-05 -2.69952e-05 1 0.0348801 -0.0271087 0.0180979
FixedParameters: 0 0 0

#Transform 26
Transform: AffineTransform_float_3_3
Parameters: 1 -0.000123011 4.99723e-05 0.000122989 1 0.000225006 -5.00277e-05 -0.000224994 1 0.0377665 -0.130362 0.0529979
FixedParameters: 0 0 0

#Transform 27
Transform: AffineTransform_float_3_3
Parameters: 1 9.19758e-05 5.00445e-05 -9.20242e-05 1 0.000483995 -4.99555e-05 -0.000484004 1 0.0429599 -0.153994 0.0452096
FixedParameters: 0 0 0

#Transform 28
Transform: AffineTransform_float_3_3
Parameters: 1 9.19664e-05 5.00617e-05 -9.20335e-05 1 0.000670995 -4.99382e-05 -0.000671004 1 0.0396972 -0.14842 0.0414475
FixedParameters: 0 0 0

#Transform 29
Transform: AffineTransform_float_3_3
Parameters: 1 9.20086e-05 4.99842e-05 -9.19914e-05 1 -0.000172005 -5.00158e-05 0.000171995 1 0.0395744 -0.134227 0.0582481
FixedParameters: 0 0 0

#Transform 30
Transform: AffineTransform_float_3_3
Parameters: 1 9.16802e-05 -0.000279105 -9.23197e-05 1 -0.00114598 0.000278894 0.00114603 1 0.032112 0.0124474 -0.00785581
FixedParameters: 0 0 0

#Transform 31
Transform: AffineTransform_float_3_3
Parameters: 0.999999 0.000732362 0.000201691 -0.000732638 0.999998 -0.00178815 -0.00020331 0.00178785 0.999999 0.039069 -0.108512 0.0910768
FixedParameters: 0 0 0

#Transform 32
Transform: AffineTransform_float_3_3
Parameters: 1 0.00029496 0.000147081 -0.00029504 1 0.000274957 -0.000146919 -0.000275043 1 0.0285976 -0.136303 0.0214872
FixedParameters: 0 0 0

#Transform 33
Transform: AffineTransform_float_3_3
Parameters: 1 0.000295033 -0.000184947 -0.000294967 1 0.000179055 0.000185053 -0.000178945 1 0.0148854 -0.17408 0.024331
FixedParameters: 0 0 0

#Transform 34
Transform: AffineTransform_float_3_3
Parameters: 1 0.000294888 -0.000280117 -0.000295111 1 -0.000397917 0.000279882 0.000398082 1 0.0258706 -0.14995 0.0477872
FixedParameters: 0 0 0

#Transform 35
Transform: AffineTransform_float_3_3
Parameters: 1 0.000539007 9.60491e-06 -0.000538993 0.999999 -0.000733005 -9.39508e-06 0.000732995 0.999999 0.0394855 0.0122043 0.0067608
FixedParameters: 0 0 0

#Transform 36
Transform: AffineTransform_float_3_3
Parameters: 1 0.0004341 0.000165738 -0.0004339 0.999999 -0.000603072 -0.000166262 0.000602928 1 0.0319887 0.0183804 0.0055021
FixedParameters: 0 0 0

#Transform 37
Transform: AffineTransform_float_3_3
Parameters: 1 0.000184102 0.000211911 -0.000183898 1 -0.000481039 -0.000212088 0.000480961 1 0.0449233 -0.14071 0.0215754
FixedParameters: 0 0 0

#Transform 38
Transform: AffineTransform_float_3_3
Parameters: 1 3.18831e-05 -0.00019002 -3.11168e-05 1 -0.000614994 0.000189981 0.000615006 1 0.0305102 -0.145881 -0.00297758
FixedParameters: 0 0 0

#Transform 39
Transform: AffineTransform_float_3_3
Parameters: 1 0.000184004 0.000167996 -0.000183996 1 -2.40309e-05 -0.000168004 2.39691e-05 1 0.0472179 -0.155639 -0.00594051
FixedParameters: 0 0 0

#Transform 40
Transform: AffineTransform_float_3_3
Parameters: 1 0.00012574 -0.000280117 -0.000126259 0.999999 -0.000926964 0.000279883 0.000927034 0.999999 0.032451 -0.14633 0.0179187
FixedParameters: 0 0 0

#Transform 41
Transform: AffineTransform_float_3_3
Parameters: 1 0.000117927 -6.71284e-05 -0.000118073 1 -0.00108799 6.68716e-05 0.00108801 1 0.0383356 0.0182699 -0.0274278
FixedParameters: 0 0 0

#Transform 42
Transform: AffineTransform_float_3_3
Parameters: 1 -1.50537e-05 -0.000116993 1.49463e-05 1 -0.000459002 0.000117007 0.000458998 1 0.0276284 -0.0612297 -0.0368593
FixedParameters: 0 0 0

#Transform 43
Transform: AffineTransform_float_3_3
Parameters: 1 -0.000339992 2.21248e-05 0.000340008 1 -0.000366992 -2.18752e-05 0.000367007 1 0.0289621 -0.185724 -0.0290877
FixedParameters: 0 0 0

#Transform 44
Transform: AffineTransform_float_3_3
Parameters: 1 -0.000221059 -0.000127899 0.000220941 1 -0.000459028 0.000128101 0.000458972 1 0.0263373 -0.185931 -0.0251794
FixedParameters: 0 0 0

#Transform 45
Transform: AffineTransform_float_3_3
Parameters: 1 -0.000221128 -0.000279898 0.000220871 1 -0.000459062 0.000280101 0.000458938 1 0.0271415 -0.172513 -0.00295603
FixedParameters: 0 0 0

#Transform 46
Transform: AffineTransform_float_3_3
Parameters: 1 -0.000220977 3.31547e-05 0.000221023 0.999999 -0.000699992 -3.28453e-05 0.000700007 1 0.0437074 -0.112176 -0.0146488
FixedParameters: 0 0 0

#Transform 47
Transform: AffineTransform_float_3_3
Parameters: 1 -9.99442e-05 0.000143039 0.000100056 1 -0.000389986 -0.000142961 0.000390014 1 0.0438035 0.0744655 -0.0500716
FixedParameters: 0 0 0

#Transform 48
Transform: AffineTransform_float_3_3
Parameters: 1 -6.79427e-05 0.000147026 6.80573e-05 1 -0.00038999 -0.000146973 0.00039001 1 0.0293483 -0.100087 -0.0173392
FixedParameters: 0 0 0

#Transform 49
Transform: AffineTransform_float_3_3
Parameters: 1 -6.01064e-06 -9.49993e-05 5.98936e-06 1 -0.000112001 9.50007e-05 0.000111999 1 0.0284443 -0.157454 -0.0408844
FixedParameters: 0 0 0

#Transform 50
Transform: AffineTransform_float_3_3
Parameters: 1 -3.51464e-05 -0.000279982 3.48535e-05 1 -0.00052301 0.000280018 0.00052299 1 0.0169947 -0.162925 -0.0182543
FixedParameters: 0 0 0

#Transform 51
Transform: AffineTransform_float_3_3
Parameters: 1 0.000309855 -0.000280161 -0.000310145 1 -0.000518913 0.000279839 0.000519087 1 0.0146891 -0.117462 -0.0162503
FixedParameters: 0 0 0

#Transform 52
Transform: AffineTransform_float_3_3
Parameters: 1 0.000460803 -0.000280323 -0.000461196 0.999999 -0.00070087 0.000279677 0.000701129 0.999999 -0.00932164 0.0350694 -0.0710018
FixedParameters: 0 0 0

#Transform 53
Transform: AffineTransform_float_3_3
Parameters: 0.999999 0.000699128 0.000142373 -0.000698872 1 -0.0008971 -0.000142627 0.0008969 0.999999 0.023214 -0.00865822 -0.0845306
FixedParameters: 0 0 0

#Transform 54
Transform: AffineTransform_float_3_3
Parameters: 1 -0.000285918 0.000143164 0.000286082 1 -0.000572959 -0.000142836 0.000573041 1 -0.0115537 -0.161121 -0.101278
FixedParameters: 0 0 0

#Transform 55
Transform: AffineTransform_float_3_3
Parameters: 1 0.000362054 0.000142863 -0.000361946 1 -0.000378052 -0.000143137 0.000377948 1 0.022291 -0.164192 -0.0904336
FixedParameters: 0 0 0

#Transform 56
Transform: AffineTransform_float_3_3
Parameters: 1 0.000112136 0.000142893 -0.000111864 0.999999 -0.000953015 -0.000143107 0.000952983 0.999999 0.0219119 -0.178957 -0.0514712
FixedParameters: 0 0 0

#Transform 57
Transform: AffineTransform_float_3_3
Parameters: 1 0.000304163 0.000323847 -0.000303838 1 -0.000502098 -0.000323152 0.000501902 1 0.0292263 -0.0763795 -0.0587758
FixedParameters: 0 0 0

#Transform 58
Transform: AffineTransform_float_3_3
Parameters: 1 0.000307082 8.06905e-05 -0.000306918 1 -0.00100803 -8.13094e-05 0.00100798 1 -0.00197627 0.0859558 -0.113325
FixedParameters: 0 0 0

#Transform 59
Transform: AffineTransform_float_3_3
Parameters: 1 0.000670097 9.23011e-05 -0.000669904 0.999999 -0.00104306 -9.26988e-05 0.00104294 1 0.00548329 -0.0646138 -0.0690919
FixedParameters: 0 0 0

#Transform 60
Transform: AffineTransform_float_3_3
Parameters: 1 0.000632014 2.66732e-05 -0.000631986 0.999999 -0.000517017 -2.63267e-05 0.000516983 1 0.00264954 -0.158829 -0.0801391
FixedParameters: 0 0 0

#Transform 61
Transform: AffineTransform_float_3_3
Parameters: 1 -0.000287954 9.31425e-05 0.000288046 1 -0.000494973 -9.28574e-05 0.000495027 1 -0.0135167 -0.140091 -0.0578738
FixedParameters: 0 0 0

#Transform 62
Transform: AffineTransform_float_3_3
Parameters: 1 -0.000370016 -2.07069e-05 0.000369983 0.999999 -0.000792007 2.1293e-05 0.000791992 0.999999 -0.0108887 -0.125797 -0.0179186
FixedParameters: 0 0 0

#Transform 63
Transform: AffineTransform_float_3_3
Parameters: 1 0.000241496 0.00038569 -0.000241503 0.999999 -0.00128609 -0.000386311 0.00128591 0.999999 0.00573003 0.0412751 -0.0317627
FixedParameters: 0 0 0

#Transform 64
Transform: AffineTransform_float_3_3
Parameters: 1 -0.000200001 -1.8564e-06 0.000199998 0.999999 -0.000718 2.1436e-06 0.000717999 0.999999 -0.0301606 -0.0565466 -0.0511481
FixedParameters: 0 0 0

#Transform 65
Transform: AffineTransform_float_3_3
Parameters: 1 -0.00031412 -0.000261856 0.00031388 1 -0.000457082 0.000262143 0.000456918 1 -0.0286756 -0.176709 -0.0196532
FixedParameters: 0 0 0

#Transform 66
Transform: AffineTransform_float_3_3
Parameters: 1 -0.000223142 -0.000261879 0.000223858 1 -0.000542058 0.000262121 0.000541941 1 -0.0229572 -0.145022 0.00999835
FixedParameters: 0 0 0

#Transform 67
Transform: AffineTransform_float_3_3
Parameters: 1 0.000155828 -0.000262102 -0.000156172 1 -0.000656959 0.000261897 0.000657041 0.999999 -0.0203801 -0.0683764 0.00656106
FixedParameters: 0 0 0

#Transform 68
Transform: AffineTransform_float_3_3
Parameters: 1 0.000478025 0.000321963 -0.000477975 1 -7.71539e-05 -0.000322037 7.68461e-05 1 0.0212638 0.0896494 -0.0536519
FixedParameters: 0 0 0

#Transform 69
Transform: AffineTransform_float_3_3
Parameters: 0.999999 0.000743036 0.000123784 -0.000742963 0.999999 -0.000291092 -0.000124216 0.000290908 1 0.00764426 -0.100399 -0.0222482
FixedParameters: 0 0 0

#Transform 70
Transform: AffineTransform_float_3_3
Parameters: 1 9.48777e-05 -0.000527022 -9.51222e-05 1 -0.00023195 0.000526978 0.00023205 1 -0.0346934 -0.164066 -0.0126558
FixedParameters: 0 0 0

#Transform 71
Transform: AffineTransform_float_3_3
Parameters: 1 -0.000313984 -0.00016703 0.000314016 1 9.59475e-05 0.00016697 -9.60524e-05 1 -0.021908 -0.121708 0.0118325
FixedParameters: 0 0 0

#Transform 72
Transform: AffineTransform_float_3_3
Parameters: 1 -0.000247117 -0.000166826 0.000246882 0.999999 -0.000703041 0.000167174 0.000702958 0.999999 -0.0206004 -0.102418 0.0106101
FixedParameters: 0 0 0

#Transform 73
Transform: AffineTransform_float_3_3
Parameters: 1 0.00042693 -0.000167179 -0.00042707 1 -0.000418929 0.000166821 0.000419071 1 0.00276052 0.0602007 -0.031287
FixedParameters: 0 0 0

#Transform 74
Transform: AffineTransform_float_3_3
Parameters: 1 0.000187935 -0.000167073 -0.000188064 1 -0.000385969 0.000166927 0.000386031 1 -0.0284968 -0.035979 -0.0320136
FixedParameters: 0 0 0

#Transform 75
Transform: AffineTransform_float_3_3
Parameters: 1 -0.00038105 -0.000166885 0.00038095 1 -0.000301064 0.000167115 0.000300936 1 -0.0283869 -0.169226 -0.00788546
FixedParameters: 0 0 0

#Transform 76
Transform: AffineTransform_float_3_3
Parameters: 1 -0.000169057 -0.000166942 0.000168943 1 -0.000342028 0.000167058 0.000341972 1 -0.0190625 -0.154986 -0.00430341
FixedParameters: 0 0 0

#Transform 77
Transform: AffineTransform_float_3_3
Parameters: 1 -0.000305067 -0.000166878 0.000304933 1 -0.000401051 0.000167122 0.000400949 1 -0.0166229 -0.103753 -0.00304055
FixedParameters: 0 0 0

#Transform 78
Transform: AffineTransform_float_3_3
Parameters: 1 5.51564e-05 0.000194956 -5.48436e-05 0.999999 -0.00080201 -0.000195044 0.000801989 0.999999 0.0231314 -0.0407641 -0.0197872
FixedParameters: 0 0 0

#Transform 79
Transform: AffineTransform_float_3_3
Parameters: 1 -0.00026504 -0.000166936 0.00026496 1 -0.000240044 0.000167064 0.000239956 1 -0.0168441 0.0385982 -0.0570352
FixedParameters: 0 0 0

#Transform 80
Transform: AffineTransform_float_3_3
Parameters: 1 -0.000502001 -9.19945e-05 0.000501999 1 -1.10462e-05 9.20055e-05 1.09538e-05 1 -0.0194659 -0.124219 -0.0259102
FixedParameters: 0 0 0

#Transform 81
Transform: AffineTransform_float_3_3
Parameters: 1 -0.000171991 -4.70342e-05 0.000172009 1 0.000198992 4.69658e-05 -0.000199008 1 0.00798532 -0.156377 -0.00649852
FixedParameters: 0 0 0

#Transform 82
Transform: AffineTransform_float_3_3
Parameters: 1 -0.000171997 7.06914e-06 0.000172003 1 -0.000401999 -6.93085e-06 0.000402001 1 0.0121116 -0.129119 0.0155907
FixedParameters: 0 0 0

#Transform 83
Transform: AffineTransform_float_3_3
Parameters: 1 -0.000172054 -0.000136933 0.000171946 1 -0.000391023 0.000137067 0.000390976 1 0.0123966 0.0507705 -0.0450988
FixedParameters: 0 0 0

#Transform 84
Transform: AffineTransform_float_3_3
Parameters: 1 -0.000399001 -5.0992e-05 0.000398999 1 -2.00203e-05 5.1008e-05 1.99796e-05 1 -0.00682424 -0.0370601 -0.048075
FixedParameters: 0 0 0

#Transform 85
Transform: AffineTransform_float_3_3
Parameters: 1 -0.000479049 0.000117802 0.000478951 1 0.000414056 -0.000117198 -0.000413944 1 -0.00326084 -0.150233 -0.0122988
FixedParameters: 0 0 0

#Transform 86
Transform: AffineTransform_float_3_3
Parameters: 1 -0.000551089 -0.00028783 0.000550911 1 -0.000309159 0.00028717 0.000308842 1 -0.0169003 -0.138424 -0.0156399
FixedParameters: 0 0 0

#Transform 87
Transform: AffineTransform_float_3_3
Parameters: 1 -0.000568897 -0.000369157 0.000569102 1 0.00027679 0.000369842 -0.00027721 1 -0.0195935 -0.102997 -0.00739731
FixedParameters: 0 0 0

#Transform 88
Transform: AffineTransform_float_3_3
Parameters: 0.999999 -0.000823955 0.000118311 0.000824044 0.999999 -0.000377902 -0.000117688 0.000378097 1 -0.0101833 -0.0136052 -0.0428421
FixedParameters: 0 0 0

#Transform 89
Transform: AffineTransform_float_3_3
Parameters: 1 -0.000644003 -0.000128984 0.000643996 1 -2.50831e-05 0.000129016 2.49169e-05 1 -0.0117432 0.0353118 -0.0656873
FixedParameters: 0 0 0

#Transform 90
Transform: AffineTransform_float_3_3
Parameters: 1 -0.000550954 -7.23498e-05 0.000551046 0.999999 0.00063496 7.26506e-05 -0.00063404 1 -0.0104259 -0.15201 -0.0377063
FixedParameters: 0 0 0

#Transform 91
Transform: AffineTransform_float_3_3
Parameters: 1 -0.000172022 -0.000111966 0.000171978 1 -0.000195019 0.000112034 0.000194981 1 0.013016 -0.152575 -0.0204854
FixedParameters: 0 0 0

#Transform 92
Transform: AffineTransform_float_3_3
Parameters: 1 -0.000594968 -0.00011217 0.000595032 1 0.000285933 0.00011283 -0.000286067 1 -0.0124986 -0.0757867 0.0322658
FixedParameters: 0 0 0

#Transform 93
Transform: AffineTransform_float_3_3
Parameters: 1 -0.000559 -2.59894e-05 0.000558999 1 -1.90145e-05 2.60106e-05 1.89855e-05 1 -0.00278295 0.0701792 -0.0412038
FixedParameters: 0 0 0

#Transform 94
Transform: AffineTransform_float_3_3
Parameters: 1 -0.000599003 1.4861e-05 0.000598997 1 0.000232009 -1.4139e-05 -0.000231992 1 -0.0120329 -0.0970461 -0.028561
FixedParameters: 0 0 0

#Transform 95
Transform: AffineTransform_float_3_3
Parameters: 1 -0.000172001 2.96663e-06 0.000171999 1 0.000194001 -3.03337e-06 -0.000193999 1 0.0171081 -0.148146 0.000315857
FixedParameters: 0 0 0

#Transform 96
Transform: AffineTransform_float_3_3
Parameters: 1 -0.000171994 -4.60236e-05 0.000172006 1 0.000136992 4.59764e-05 -0.000137008 1 0.0194785 -0.145412 0.0450552
FixedParameters: 0 0 0

#Transform 97
Transform: AffineTransform_float_3_3
Parameters: 1 -0.000629134 0.000253666 0.000628865 0.999999 0.000531159 -0.000254334 -0.00053084 1 0.0204774 0.0233683 -0.00798655
FixedParameters: 0 0 0

#Transform 98
Transform: AffineTransform_float_3_3
Parameters: 1 -0.000172129 0.000298926 0.000171871 1 0.000431051 -0.000299074 -0.000430948 1 0.0335354 -0.00436989 -0.018572
FixedParameters: 0 0 0

#Transform 99
Transform: AffineTransform_float_3_3
Parameters: 1 -0.000275119 0.000228857 0.000274881 1 0.000520063 -0.000229143 -0.000519937 1 0.0267911 -0.141984 0.043414
FixedParameters: 0 0 0

#Transform 100
Transform: AffineTransform_float_3_3
Parameters: 1 -0.000371981 0.000199036 0.000372019 1 -9.6926e-05 -0.000198964 9.7074e-05 1 0.0340413 -0.140691 0.0605032
FixedParameters: 0 0 0

#Transform 101
Transform: AffineTransform_float_3_3
Parameters: 1 -0.000171984 -4.60611e-05 0.000172016 1 0.000354992 4.59389e-05 -0.000355008 1 0.0206486 -0.0506057 0.0354566
FixedParameters: 0 0 0

#Transform 102
Transform: AffineTransform_float_3_3
Parameters: 1 -0.000421971 -4.62679e-05 0.000422029 0.999999 0.00063498 4.5732e-05 -0.000635019 1 -0.0128491 0.0958924 0.0246937
FixedParameters: 0 0 0

#Transform 103
Transform: AffineTransform_float_3_3
Parameters: 1 -0.000421965 -4.63173e-05 0.000422034 0.999999 0.00075198 4.56826e-05 -0.000752019 0.999999 -0.00888723 -0.102305 0.0631555
FixedParameters: 0 0 0

#Transform 104
Transform: AffineTransform_float_3_3
Parameters: 1 -0.000331232 0.000162527 0.000330767 0.999999 0.00142805 -0.000163472 -0.00142795 0.999999 -0.00889439 -0.145664 0.102299
FixedParameters: 0 0 0

#Transform 105
Transform: AffineTransform_float_3_3
Parameters: 1 -0.000421949 -4.64633e-05 0.00042205 1 0.00109798 4.55366e-05 -0.00109802 1 -0.00892212 -0.0916071 0.0277626
FixedParameters: 0 0 0

#Transform 106
Transform: AffineTransform_float_3_3
Parameters: 1 -0.000172249 0.000266839 0.000171751 0.999999 0.000933045 -0.00026716 -0.000932953 0.999999 0.0239138 -0.0313278 -0.0102012
FixedParameters: 0 0 0

#Transform 107
Transform: AffineTransform_float_3_3
Parameters: 1 0.00061887 0.000146551 -0.00061913 1 0.000889909 -0.000145449 -0.00089009 0.999999 0.012704 0.0746527 -0.0294704
FixedParameters: 0 0 0

#Transform 108
Transform: AffineTransform_float_3_3
Parameters: 1 0.000668932 0.000146312 -0.000669068 0.999999 0.000465902 -0.000145688 -0.000466097 1 8.11182e-05 -0.0569243 -0.0182081
FixedParameters: 0 0 0

#Transform 109
Transform: AffineTransform_float_3_3
Parameters: 1 0.000418987 3.21655e-05 -0.000419013 1 0.000394986 -3.18345e-05 -0.000395013 1 0.0116631 -0.156802 -0.00646908
FixedParameters: 0 0 0

#Transform 110
Transform: AffineTransform_float_3_3
Parameters: 0.999999 0.000669021 0.000320956 -0.000668978 1 -6.62147e-05 -0.000321044 6.57852e-05 1 0.0295495 -0.135074 -0.00599008
FixedParameters: 0 0 0

#Transform 111
Transform: AffineTransform_float_3_3
Parameters: 1 -9.41618e-05 0.00016991 9.38381e-05 0.999999 0.000952015 -0.000170089 -0.000951983 0.999999 -0.0144062 -0.0433023 -0.017435
FixedParameters: 0 0 0

#Transform 112
Transform: AffineTransform_float_3_3
Parameters: 1 0.000349121 0.000461908 -0.000348878 1 -0.000263161 -0.000462092 0.000262839 1 0.0286391 0.0869708 -0.0579005
FixedParameters: 0 0 0

#Transform 113
Transform: AffineTransform_float_3_3
Parameters: 0.999999 0.00174799 8.03548e-05 -0.00174802 0.999999 0.00020286 -8.06451e-05 -0.000203141 1 -0.0281217 -0.0415062 0.0485569
FixedParameters: 0 0 0

#Transform 114
Transform: AffineTransform_float_3_3
Parameters: 0.999999 0.00174776 -0.000536788 -0.00174724 0.999999 -0.000450063 0.000536213 0.000450938 1 -0.0935659 -0.111093 0.0978717
FixedParameters: 0 0 0

#Transform 115
Transform: AffineTransform_float_3_3
Parameters: 0.999999 0.0018249 -0.00039947 -0.0018251 0.999999 -0.000257271 0.00039853 0.000257728 1 -0.0536576 -0.0678578 0.0612214
FixedParameters: 0 0 0

#Transform 116
Transform: AffineTransform_float_3_3
Parameters: 0.999999 0.00144335 -0.00053506 -0.00144265 0.999998 0.000651772 0.00053594 -0.000651227 0.999999 -0.0654474 -0.0480177 0.0562999
FixedParameters: 0 0 0

#Transform 117
Transform: AffineTransform_float_3_3
Parameters: 0.999999 0.00174491 0.000246654 -0.00174509 0.999999 0.00037457 -0.000246345 -0.000375431 1 -0.0176081 0.0591817 0.0539327
FixedParameters: 0 0 0

#Transform 118
Transform: AffineTransform_float_3_3
Parameters: 0.999998 0.00162733 -0.000377572 -0.00162667 0.999999 0.000877615 0.000378428 -0.000877385 0.999999 -0.0349509 0.0774344 0.0160612
FixedParameters: 0 0 0

#Transform 119
Transform: AffineTransform_float_3_3
Parameters: 1 0.00109899 4.33528e-05 -0.00109901 1 0.000320953 -4.36472e-05 -0.000321048 1 -0.0368161 -0.114794 0.0285612
FixedParameters: 0 0 0

#Transform 120
Transform: AffineTransform_float_3_3
Parameters: 0.999999 0.001226 0.000347991 -0.001226 0.999999 -7.42664e-06 -0.000348008 6.57335e-06 1 -0.019193 -0.151845 0.053645
FixedParameters: 0 0 0

#Transform 121
Transform: AffineTransform_float_3_3
Parameters: 0.999999 0.00129333 0.000280484 -0.00129267 0.999999 -0.00117236 -0.000282516 0.00117264 1 -0.0114537 -0.138261 0.0471627
FixedParameters: 0 0 0

#Transform 122
Transform: AffineTransform_float_3_3
Parameters: 0.999999 -0.00106452 0.000769658 0.00106548 0.999999 -0.00061818 -0.000769341 0.000618819 0.999999 0.181184 -0.166718 0.0760592
FixedParameters: 0 0 0

#Transform 123
Transform: AffineTransform_float_3_3
Parameters: 0.999852 0.0172037 -0.00117169 -0.0171894 0.999785 0.0115418 0.00136932 -0.0115201 0.999932 0.523247 -0.173416 0.629974
FixedParameters: 0 0 0

#Transform 124
Transform: AffineTransform_float_3_3
Parameters: 0.998431 0.0542487 -0.0138627 -0.0538823 0.998219 0.0255851 0.0152253 -0.0247979 0.999576 0.0171468 -0.245213 2.13497
FixedParameters: 0 0 0

#Transform 125
Transform: AffineTransform_float_3_3
Parameters: 0.998969 0.043102 -0.0142421 -0.0427651 0.998817 0.023173 0.0152239 -0.0225401 0.99963 0.134676 -0.666744 1.96356
FixedParameters: 0 0 0

#Transform 126
Transform: AffineTransform_float_3_3
Parameters: 0.999346 0.0338296 -0.0127788 -0.0336824 0.999366 0.011596 0.0131632 -0.011158 0.999851 0.175197 -1.0869 1.937
FixedParameters: 0 0 0

#Transform 127
Transform: AffineTransform_float_3_3
Parameters: 0.999313 0.0337195 -0.0153844 -0.0335234 0.999356 0.0127965 0.0158066 -0.0122714 0.9998 0.00624567 -1.05869 1.79681
FixedParameters: 0 0 0

#Transform 128
Transform: AffineTransform_float_3_3
Parameters: 0.999003 0.0446234 -0.00112081 -0.0446036 0.998903 0.0142172 0.00175419 -0.0141528 0.999899 0.720759 -1.04612 1.38488
FixedParameters: 0 0 0

#Transform 129
Transform: AffineTransform_float_3_3
Parameters: 0.999002 0.0420611 0.0150134 -0.0420479 0.999115 -0.00118646 -0.0150496 0.000554549 0.999886 1.53636 -1.88211 0.944772
FixedParameters: 0 0 0

#Transform 130
Transform: AffineTransform_float_3_3
Parameters: 0.999122 0.0378193 0.0180504 -0.0377747 0.999282 -0.00284435 -0.0181446 0.00215968 0.999833 1.82891 -1.96751 0.440121
FixedParameters: 0 0 0

#Transform 131
Transform: AffineTransform_float_3_3
Parameters: 0.999233 0.0343871 0.0186933 -0.0343659 0.999408 -0.00150457 -0.0187337 0.000860463 0.999824 1.71002 -1.91096 0.444064
FixedParameters: 0 0 0

#Transform 132
Transform: AffineTransform_float_3_3
Parameters: 0.999744 0.020794 0.00890405 -0.020823 0.999778 0.00317741 -0.00883595 -0.0033626 0.999956 0.776825 -1.061 0.804164
FixedParameters: 0 0 0

#Transform 133
Transform: AffineTransform_float_3_3
Parameters: 0.999993 -0.00118971 -0.00354685 0.00115929 0.999962 -0.00864817 0.00355716 0.00864383 0.999957 0.436844 -1.19089 0.208997
FixedParameters: 0 0 0

#Transform 134
Transform: AffineTransform_float_3_3
Parameters: 0.999914 -0.0110791 -0.00701633 0.0109069 0.99965 -0.0241106 0.00728066 0.0240314 0.999684 0.492332 -2.41838 0.222582
FixedParameters: 0 0 0

#Transform 135
Transform: AffineTransform_float_3_3
Parameters: 0.999881 -0.0154492 -0.000560681 0.0154348 0.999684 -0.019839 0.000867316 0.019828 0.999803 0.756249 -1.86611 0.292916
FixedParameters: 0 0 0

#Transform 136
Transform: AffineTransform_float_3_3
Parameters: 0.999934 -0.0110465 -0.00309288 0.0109835 0.999748 -0.0195443 0.00330811 0.0195087 0.999804 0.580274 -1.72588 0.128096
FixedParameters: 0 0 0

#Transform 137
Transform: AffineTransform_float_3_3
Parameters: 0.999975 -0.00638375 -0.00327238 0.00630124 0.999675 -0.0247012 0.00342963 0.0246797 0.999689 0.412837 -1.81667 0.254827
FixedParameters: 0 0 0

#Transform 138
Transform: AffineTransform_float_3_3
Parameters: 0.999992 -0.000817097 -0.00377442 0.000725913 0.99971 -0.0240739 0.00379257 0.0240711 0.999703 0.332903 -1.71922 0.805918
FixedParameters: 0 0 0

#Transform 139
Transform: AffineTransform_float_3_3
Parameters: 0.999994 -0.000848153 -0.00354752 0.000775859 0.999794 -0.0202909 0.00356348 0.0202881 0.999788 0.266317 -1.12221 0.546773
FixedParameters: 0 0 0

#Transform 140
Transform: AffineTransform_float_3_3
Parameters: 0.999995 -0.000717175 -0.00302466 0.000662837 0.99984 -0.0178741 0.00303633 0.0178719 0.999835 0.275632 -0.899604 0.308595
FixedParameters: 0 0 0

#Transform 141
Transform: AffineTransform_float_3_3
Parameters: 0.999998 -0.0009139 -0.00183489 0.000885096 0.999876 -0.0156907 0.00184911 0.0156883 0.999875 0.276638 -0.938059 0.257587
FixedParameters: 0 0 0

#Transform 142
Transform: AffineTransform_float_3_3
Parameters: 0.999998 -0.000498902 -0.00191019 0.000468101 0.999869 -0.0161439 0.00191781 0.0161431 0.999868 0.229124 -0.929908 0.273908
FixedParameters: 0 0 0

#Transform 143
Transform: AffineTransform_float_3_3
Parameters: 0.999998 8.66017e-05 -0.00191967 -0.000117405 0.999866 -0.0163628 0.00191834 0.0163622 0.999865 0.173999 -0.992357 0.407459
FixedParameters: 0 0 0

#Transform 144
Transform: AffineTransform_float_3_3
Parameters: 0.999998 5.15369e-05 -0.00174394 -7.64638e-05 0.999894 -0.0146039 0.00174307 0.0146041 0.999892 0.202427 -0.887393 0.377957
FixedParameters: 0 0 0

#Transform 145
Transform: AffineTransform_float_3_3
Parameters: 0.999999 -0.000554917 -0.0014499 0.000536082 0.999915 -0.0130148 0.0014571 0.0130142 0.999915 0.2115 -0.763125 0.349743
FixedParameters: 0 0 0

#Transform 146
Transform: AffineTransform_float_3_3
Parameters: 0.999998 -0.000616117 -0.00157302 0.000597883 0.999934 -0.011492 0.00157997 0.011491 0.999932 0.218478 -0.639034 0.319759
FixedParameters: 0 0 0

#Transform 147
Transform: AffineTransform_float_3_3
Parameters: 0.999999 -0.000628164 -0.00170277 0.000610834 0.999949 -0.0100621 0.00170923 0.0100609 0.999948 0.218612 -0.558291 0.273086
FixedParameters: 0 0 0

#Transform 148
Transform: AffineTransform_float_3_3
Parameters: 0.999999 -0.00079959 -0.00156413 0.000784414 0.999951 -0.00994125 0.00157188 0.00994076 0.99995 0.222567 -0.508028 0.261936
FixedParameters: 0 0 0

#Transform 149
Transform: AffineTransform_float_3_3
Parameters: 0.999999 -0.000514666 -0.00166895 0.000498334 0.99995 -0.00997085 0.00167405 0.00997015 0.999949 0.217888 -0.470982 0.261884
FixedParameters: 0 0 0

#Transform 150
Transform: AffineTransform_float_3_3
Parameters: 0.999998 -0.000628973 -0.00156607 0.000614028 0.999955 -0.00954298 0.00157193 0.00954203 0.999953 0.221344 -0.455322 0.267864
FixedParameters: 0 0 0

#Transform 151
Transform: AffineTransform_float_3_3
Parameters: 0.999999 -0.000422249 -0.00147199 0.000408751 0.999953 -0.00966662 0.00147602 0.00966639 0.999952 0.221693 -0.439094 0.227067
FixedParameters: 0 0 0

#Transform 152
Transform: AffineTransform_float_3_3
Parameters: 0.999998 -0.000268749 -0.00163965 0.000254247 0.999959 -0.00898943 0.00164235 0.00898857 0.999959 0.214282 -0.47643 0.194013
FixedParameters: 0 0 0

#Transform 153
Transform: AffineTransform_float_3_3
Parameters: 0.999998 -0.000310784 -0.00156933 0.000296218 0.999962 -0.00877648 0.00157166 0.00877553 0.999961 0.208617 -0.488742 0.195183
FixedParameters: 0 0 0

#Transform 154
Transform: AffineTransform_float_3_3
Parameters: 0.999999 -0.000302057 -0.00126464 0.000291941 0.999969 -0.00794438 0.00126736 0.00794462 0.999967 0.216888 -0.485377 0.169107
FixedParameters: 0 0 0

#Transform 155
Transform: AffineTransform_float_3_3
Parameters: 0.999999 -0.000134375 -0.00157091 0.000120634 0.999964 -0.00851019 0.00157108 0.00851079 0.999962 0.206027 -0.508993 0.178345
FixedParameters: 0 0 0

#Transform 156
Transform: AffineTransform_float_3_3
Parameters: 0.999999 -0.000134623 -0.00157089 0.000120384 0.999963 -0.00866921 0.0015711 0.0086688 0.999961 0.193059 -0.505373 0.14714
FixedParameters: 0 0 0

#Transform 157
Transform: AffineTransform_float_3_3
Parameters: 0.999998 -0.000335143 -0.00156925 0.000321858 0.999965 -0.00836851 0.00157175 0.00836748 0.999964 0.197251 -0.504525 0.130301
FixedParameters: 0 0 0

#Transform 158
Transform: AffineTransform_float_3_3
Parameters: 1 -0.000123365 -0.00103604 0.000115635 0.999968 -0.00807013 0.00103697 0.00806988 0.999967 0.218821 -0.474415 0.12491
FixedParameters: 0 0 0

#Transform 159
Transform: AffineTransform_float_3_3
Parameters: 0.999998 -0.000198827 -0.00162025 0.000183167 0.999958 -0.00914531 0.00162274 0.00914569 0.999957 0.204643 -0.479161 0.114009
FixedParameters: 0 0 0

#Transform 160
Transform: AffineTransform_float_3_3
Parameters: 0.999999 -0.000623124 -0.00113604 0.000613877 0.999967 -0.0080137 0.00114096 0.0080133 0.999967 0.230769 -0.504755 0.119136
FixedParameters: 0 0 0

#Transform 161
Transform: AffineTransform_float_3_3
Parameters: 0.999999 -0.000841468 -0.00161305 0.000828532 0.999965 -0.00833235 0.00161996 0.00833065 0.999964 0.242494 -0.539889 0.0983969
FixedParameters: 0 0 0

#Transform 162
Transform: AffineTransform_float_3_3
Parameters: 0.999999 -0.000623977 -0.00116571 0.000614029 0.999964 -0.00853973 0.00117029 0.00853828 0.999963 0.257486 -0.418077 0.0679063
FixedParameters: 0 0 0

#Transform 163
Transform: AffineTransform_float_3_3
Parameters: 0.999999 -0.000723635 -0.00132625 0.000712367 0.999967 -0.00800195 0.00133174 0.00800104 0.999967 0.241884 -0.348531 0.023483
FixedParameters: 0 0 0

#Transform 164
Transform: AffineTransform_float_3_3
Parameters: 0.999998 -0.000624772 -0.00147849 0.000613232 0.999974 -0.00727492 0.0014825 0.00727409 0.999973 0.230767 -0.474077 0.022352
FixedParameters: 0 0 0

#Transform 165
Transform: AffineTransform_float_3_3
Parameters: 0.999999 -0.00104152 -0.000750398 0.00103648 0.999972 -0.00731878 0.000758606 0.00731821 0.999973 0.264441 -0.630879 0.0567253
FixedParameters: 0 0 0

#Transform 166
Transform: AffineTransform_float_3_3
Parameters: 0.999999 -0.00104291 -0.000932334 0.00103609 0.999973 -0.00737598 0.000940668 0.00737503 0.999973 0.274867 -0.609338 0.065804
FixedParameters: 0 0 0

#Transform 167
Transform: AffineTransform_float_3_3
Parameters: 0.999998 -0.00104613 -0.00127576 0.00103687 0.999968 -0.00791233 0.00128424 0.00791067 0.999968 0.264343 -0.55404 0.0737052
FixedParameters: 0 0 0

#Transform 168
Transform: AffineTransform_float_3_3
Parameters: 0.999999 -0.0010489 -0.00152924 0.00103611 0.999964 -0.0084096 0.00153777 0.00840841 0.999964 0.256841 -0.338333 0.0193256
FixedParameters: 0 0 0

#Transform 169
Transform: AffineTransform_float_3_3
Parameters: 0.999998 -0.00104884 -0.00167905 0.00103616 0.999971 -0.00763076 0.00168696 0.00762925 0.99997 0.249574 -0.398666 0.0114388
FixedParameters: 0 0 0

#Transform 170
Transform: AffineTransform_float_3_3
Parameters: 0.999997 -0.00143924 -0.0015919 0.00142875 0.999974 -0.00704229 0.0016021 0.00703971 0.999974 0.251443 -0.498319 -0.000174931
FixedParameters: 0 0 0

#Transform 171
Transform: AffineTransform_float_3_3
Parameters: 0.999997 -0.00151063 -0.00155071 0.00149937 0.999975 -0.00683634 0.00156029 0.00683466 0.999976 0.267904 -0.508045 -0.0109093
FixedParameters: 0 0 0

#Transform 172
Transform: AffineTransform_float_3_3
Parameters: 0.999998 -0.0014758 -0.00133525 0.00146621 0.999972 -0.00730698 0.00134575 0.00730503 0.999973 0.281711 -0.525144 0.0123781
FixedParameters: 0 0 0

#Transform 173
Transform: AffineTransform_float_3_3
Parameters: 0.999998 -0.00162686 -0.00128965 0.00161713 0.999969 -0.0076141 0.00130235 0.0076119 0.99997 0.288115 -0.413075 -0.00538719
FixedParameters: 0 0 0

#Transform 174
Transform: AffineTransform_float_3_3
Parameters: 0.999997 -0.00187579 -0.00118722 0.00186721 0.999971 -0.00736424 0.00120078 0.00736177 0.999972 0.290581 -0.350912 -0.0320524
FixedParameters: 0 0 0

#Transform 175
Transform: AffineTransform_float_3_3
Parameters: 0.999997 -0.00196286 -0.00143662 0.00195314 0.999974 -0.00683582 0.00144938 0.00683317 0.999975 0.274338 -0.489447 -0.0143223
FixedParameters: 0 0 0

#Transform 176
Transform: AffineTransform_float_3_3
Parameters: 0.999997 -0.00196165 -0.001296 0.00195335 0.999976 -0.00664155 0.001309 0.00663845 0.999977 0.28718 -0.543726 -0.029164
FixedParameters: 0 0 0

#Transform 177
Transform: AffineTransform_float_3_3
Parameters: 0.999998 -0.00180893 -0.00144465 0.00179907 0.999975 -0.00684561 0.00145635 0.00684338 0.999975 0.286314 -0.511668 -0.026304
FixedParameters: 0 0 0

#Transform 178
Transform: AffineTransform_float_3_3
Parameters: 0.999997 -0.00196242 -0.00130191 0.00195358 0.999972 -0.00719657 0.00131609 0.00719344 0.999974 0.290491 -0.433001 -0.0174894
FixedParameters: 0 0 0

#Transform 179
Transform: AffineTransform_float_3_3
Parameters: 0.999997 -0.00195955 -0.000941483 0.00195344 0.999974 -0.00690985 0.000955519 0.00690814 0.999975 0.297813 -0.307573 -0.0688995
FixedParameters: 0 0 0

#Transform 180
Transform: AffineTransform_float_3_3
Parameters: 0.999998 -0.00196094 -0.00128093 0.00195306 0.999979 -0.00616752 0.00129307 0.00616548 0.99998 0.280439 -0.48146 -0.0672324
FixedParameters: 0 0 0

#Transform 181
Transform: AffineTransform_float_3_3
Parameters: 0.999998 -0.00178274 -0.00107289 0.00177626 0.999979 -0.00624692 0.00108412 0.00624508 0.99998 0.297363 -0.516435 -0.0466129
FixedParameters: 0 0 0

#Transform 182
Transform: AffineTransform_float_3_3
Parameters: 0.999998 -0.00173739 -0.0010984 0.00173061 0.999976 -0.00669192 0.0011096 0.00669009 0.999977 0.299195 -0.482529 -0.0257819
FixedParameters: 0 0 0

#Transform 183
Transform: AffineTransform_float_3_3
Parameters: 0.999997 -0.00169887 -0.00130351 0.00169013 0.999975 -0.00677922 0.00131449 0.00677678 0.999976 0.297672 -0.451348 -0.0256176
FixedParameters: 0 0 0

#Transform 184
Transform: AffineTransform_float_3_3
Parameters: 0.999997 -0.00183746 -0.00107737 0.00182954 0.999974 -0.00688998 0.00108963 0.00688801 0.999975 0.298166 -0.315297 -0.0418089
FixedParameters: 0 0 0

#Transform 185
Transform: AffineTransform_float_3_3
Parameters: 0.999997 -0.00195948 -0.000982176 0.00195352 0.999976 -0.00655593 0.000994826 0.00655406 0.999978 0.296693 -0.374503 -0.0386082
FixedParameters: 0 0 0

#Transform 186
Transform: AffineTransform_float_3_3
Parameters: 0.999998 -0.00177652 -0.00104499 0.00177048 0.999979 -0.00620987 0.00105601 0.00620814 0.99998 0.298464 -0.492121 -0.0320479
FixedParameters: 0 0 0

#Transform 187
Transform: AffineTransform_float_3_3
Parameters: 0.999997 -0.00179206 -0.00117732 0.00178494 0.99998 -0.00597512 0.00118768 0.00597289 0.999982 0.298012 -0.488753 -0.0258352
FixedParameters: 0 0 0

#Transform 188
Transform: AffineTransform_float_3_3
Parameters: 0.999998 -0.00201851 -0.00100504 0.0020125 0.999978 -0.00643304 0.00101797 0.00643096 0.999979 0.293925 -0.449687 -0.0125518
FixedParameters: 0 0 0

#Transform 189
Transform: AffineTransform_float_3_3
Parameters: 0.999998 -0.00196067 -0.00108729 0.00195334 0.999974 -0.00700914 0.00110072 0.00700686 0.999975 0.306031 -0.367577 -0.0157867
FixedParameters: 0 0 0

#Transform 190
Transform: AffineTransform_float_3_3
Parameters: 0.999997 -0.00196188 -0.00137139 0.00195312 0.999978 -0.0064437 0.00138461 0.00644131 0.999979 0.282069 -0.340937 -0.0585148
FixedParameters: 0 0 0

#Transform 191
Transform: AffineTransform_float_3_3
Parameters: 0.999997 -0.00196152 -0.00156036 0.00195349 0.999984 -0.00544007 0.00157065 0.00543694 0.999984 0.276861 -0.50904 -0.0399815
FixedParameters: 0 0 0

#Transform 192
Transform: AffineTransform_float_3_3
Parameters: 0.999997 -0.00171099 -0.00127736 0.00170301 0.999979 -0.00623219 0.00128764 0.00622981 0.99998 0.288059 -0.527946 -0.0111571
FixedParameters: 0 0 0

#Transform 193
Transform: AffineTransform_float_3_3
