# transform file /out/sourcedata/freesurfer/sub-v2s11x28723_ses-1/mri/transforms/cc_up.lta
# created by oesteban on Tue Mar 10 23:40:41 2026

type      = 0 # LINEAR_VOX_TO_VOX
nxforms   = 1
mean      = 161.0000 155.0000 142.0000
sigma     = 10000.0000
1 4 4
9.993553161621094e-01 -2.400135248899460e-02 -2.669999934732914e-02 -2.489753913879395e+01 
2.399279177188873e-02 9.997119307518005e-01 -6.410208297893405e-04 -1.273429012298584e+01 
2.670769393444061e-02 5.820766091346741e-11 9.996432662010193e-01 -1.245382428169250e+00 
0.000000000000000e+00 0.000000000000000e+00 0.000000000000000e+00 1.000000000000000e+00 
src volume info
valid = 1  # volume info valid
filename = /out/sourcedata/freesurfer/sub-v2s11x28723_ses-1/mri/norm.mgz
volume = 320 320 320
voxelsize = 7.999999523162842e-01 7.999999523162842e-01 7.999999523162842e-01
xras   = -9.999999403953552e-01 0.000000000000000e+00 0.000000000000000e+00
yras   = 0.000000000000000e+00 0.000000000000000e+00 -9.999999403953552e-01
zras   = 0.000000000000000e+00 9.999999403953552e-01 0.000000000000000e+00
cras   = 4.483596801757812e+00 -8.378829956054688e+00 -2.185284423828125e+01
dst volume info
valid = 1  # volume info valid
filename = /out/sourcedata/freesurfer/sub-v2s11x28723_ses-1/mri/norm.mgz
volume = 320 320 320
voxelsize = 7.999999523162842e-01 7.999999523162842e-01 7.999999523162842e-01
xras   = -9.999999403953552e-01 0.000000000000000e+00 0.000000000000000e+00
yras   = 0.000000000000000e+00 0.000000000000000e+00 -9.999999403953552e-01
zras   = 0.000000000000000e+00 9.999999403953552e-01 0.000000000000000e+00
cras   = 4.483596801757812e+00 -8.378829956054688e+00 -2.185284423828125e+01
