#Insight Transform File V1.0
#Transform 0
Transform: AffineTransform_float_3_3
Parameters: 1 -5.096e-08 0.00052 -5.096e-08 1 9.8e-05 -0.00052 -9.8e-05 1 -0.0338882 0.0949365 0.171614
FixedParameters: 0 0 0

#Transform 1
Transform: AffineTransform_float_3_3
Parameters: 0.999999 0.000524166 0.000506827 -0.000524833 1 -0.000329266 -0.000507172 0.000328734 1 -0.0210886 0.0702721 0.178925
FixedParameters: 0 0 0

#Transform 2
Transform: AffineTransform_float_3_3
Parameters: 1 0.000583795 -0.000189634 -0.000584205 0.999999 -0.00108589 0.000188366 0.00108511 1 -0.00503753 0.144082 0.105523
FixedParameters: 0 0 0

#Transform 3
Transform: AffineTransform_float_3_3
Parameters: 0.999999 0.00050824 -0.00087844 -0.00050876 1 -0.000864554 0.00087856 0.000865448 0.999999 0.0131028 0.186634 0.0545487
FixedParameters: 0 0 0

#Transform 4
Transform: AffineTransform_float_3_3
Parameters: 1 0.00062746 -0.000312088 -0.000628541 0.999999 -0.00173281 0.000311912 0.0017322 0.999999 -0.0280035 0.191695 0.0131447
FixedParameters: 0 0 0

#Transform 5
Transform: AffineTransform_float_3_3
Parameters: 1 0.00107398 -1.93693e-05 -0.00107402 0.999998 -0.00127498 1.86306e-05 0.00127502 0.999999 -0.0710293 0.0810475 -0.0268777
FixedParameters: 0 0 0

#Transform 6
Transform: AffineTransform_float_3_3
Parameters: 1 0.000969981 -1.80612e-05 -0.00097002 0.999999 -0.00109398 1.69388e-05 0.00109402 1 -0.0746009 0.0341022 0.0372404
FixedParameters: 0 0 0

#Transform 7
Transform: AffineTransform_float_3_3
Parameters: 0.999999 0.000936202 0.00020106 -0.000936797 0.999999 -0.00100419 -0.00020194 0.00100381 0.999999 -0.0690319 0.0575651 0.0189663
FixedParameters: 0 0 0

#Transform 8
Transform: AffineTransform_float_3_3
Parameters: 1 0.000936287 0.000540504 -0.000936714 1 -0.000530507 -0.000540496 0.000529494 0.999999 -0.0799119 0.0537989 0.0539833
FixedParameters: 0 0 0

#Transform 9
Transform: AffineTransform_float_3_3
Parameters: 1 0.000625994 1.81828e-05 -0.000626005 1 0.000291989 -1.78172e-05 -0.000292011 1 -0.0592196 0.114991 0.0642507
FixedParameters: 0 0 0

#Transform 10
Transform: AffineTransform_float_3_3
Parameters: 1 0.000936179 0.000267377 -0.000936823 1 -0.000665251 -0.000267623 0.00066475 0.999999 -0.0703115 0.193127 0.0401802
FixedParameters: 0 0 0

#Transform 11
Transform: AffineTransform_float_3_3
Parameters: 0.999999 0.000758882 -6.14731e-05 -0.000759117 0.999998 -0.00194095 5.95266e-05 0.00194105 0.999998 -0.0429773 0.254943 -0.00753132
FixedParameters: 0 0 0

#Transform 12
Transform: AffineTransform_float_3_3
Parameters: 1 0.000464108 -0.000233786 -0.000463892 1 0.000461108 0.000233214 -0.000460892 1 -0.0504586 0.0893842 0.0188437
FixedParameters: 0 0 0

#Transform 13
Transform: AffineTransform_float_3_3
Parameters: 1 0.000464006 -7.59619e-05 -0.000463994 1 8.20352e-05 7.6038e-05 -8.19647e-05 1 -0.0195982 -0.0725751 0.020937
FixedParameters: 0 0 0

#Transform 14
Transform: AffineTransform_float_3_3
Parameters: 1 0.000311001 1.79876e-05 -0.000310999 1 -4.00056e-05 -1.80124e-05 3.99944e-05 1 -0.0192538 -0.0323857 -0.0039242
FixedParameters: 0 0 0

#Transform 15
Transform: AffineTransform_float_3_3
Parameters: 1 0.000118027 -6.89543e-05 -0.000117973 1 0.000387008 6.90457e-05 -0.000386992 1 -0.0139405 -0.0413547 0.0169206
FixedParameters: 0 0 0

#Transform 16
Transform: AffineTransform_float_3_3
Parameters: 1 9.18567e-05 0.000352037 -9.21432e-05 1 0.000406967 -0.000351962 -0.000407032 1 -0.0337689 0.0129782 0.00476749
FixedParameters: 0 0 0

#Transform 17
Transform: AffineTransform_float_3_3
Parameters: 1 0.000332218 0.000305763 -0.000331782 0.999999 -0.000713101 -0.000306236 0.000712898 0.999999 -0.0266306 0.108304 -0.0303081
FixedParameters: 0 0 0

#Transform 18
Transform: AffineTransform_float_3_3
Parameters: 1 0.000174027 0.000104956 -0.000173973 1 -0.000254018 -0.000105044 0.000253982 1 -0.01899 0.0809447 -0.0281562
FixedParameters: 0 0 0

#Transform 19
Transform: AffineTransform_float_3_3
Parameters: 0.999999 0.000464436 0.000611668 -0.000464563 0.999999 -0.000713284 -0.000612331 0.000712715 0.999999 -0.0362522 0.0453473 -0.0277754
FixedParameters: 0 0 0

#Transform 20
Transform: AffineTransform_float_3_3
Parameters: 1 0.000281981 4.11275e-05 -0.000282018 1 0.000451988 -4.08725e-05 -0.000452011 1 -0.019179 -0.0127952 0.00602573
FixedParameters: 0 0 0

#Transform 21
Transform: AffineTransform_float_3_3
Parameters: 1 4.91685e-05 0.000371978 -4.88315e-05 1 -0.000453018 -0.000372022 0.000452982 1 -0.0233932 0.0560337 -0.0291964
FixedParameters: 0 0 0

#Transform 22
Transform: AffineTransform_float_3_3
Parameters: 1 -0.00010103 -9.69687e-05 0.00010097 1 -0.00031001 9.70313e-05 0.00030999 1 0.00932055 0.0550301 -0.025014
FixedParameters: 0 0 0

#Transform 23
Transform: AffineTransform_float_3_3
Parameters: 1 0.000398495 0.00045757 -0.000398506 1 -0.00108018 -0.000457431 0.00108082 1 -0.0312236 0.140262 -0.0398711
FixedParameters: 0 0 0

#Transform 24
Transform: AffineTransform_float_3_3
Parameters: 1 8.8309e-06 -0.000252006 -9.16909e-06 1 -0.000670997 0.000251994 0.000671002 0.999999 0.0204333 0.153585 -0.03312
FixedParameters: 0 0 0

#Transform 25
Transform: AffineTransform_float_3_3
Parameters: 1 -0.000124542 -0.000368817 0.000123457 0.999999 -0.00147005 0.000369182 0.00146995 0.999999 0.0255116 0.0558075 -0.0434702
FixedParameters: 0 0 0

#Transform 26
Transform: AffineTransform_float_3_3
Parameters: 1 7.16848e-05 -0.00028508 -7.13152e-05 1 -0.00110598 0.000284921 0.00110602 1 0.0201764 0.0175183 -0.0334872
FixedParameters: 0 0 0

#Transform 27
Transform: AffineTransform_float_3_3
Parameters: 1 -0.000186015 -2.08631e-05 0.000185984 0.999999 -0.000736003 2.11369e-05 0.000735996 0.999999 0.0180275 0.00942966 -0.0290681
FixedParameters: 0 0 0

#Transform 28
Transform: AffineTransform_float_3_3
Parameters: 1 0.000429229 0.000465789 -0.000428771 1 -0.0004912 -0.00046621 0.0004908 1 -0.0222469 0.0546622 -0.0286889
FixedParameters: 0 0 0

#Transform 29
Transform: AffineTransform_float_3_3
Parameters: 0.999999 0.000429551 0.000582594 -0.000428448 1 -0.000946251 -0.000583406 0.00094575 1 -0.0287997 0.133817 -0.050905
FixedParameters: 0 0 0

#Transform 30
Transform: AffineTransform_float_3_3
Parameters: 1 0.000428935 -5.94702e-05 -0.000429064 1 -0.00109598 5.85298e-05 0.00109603 1 -0.0137008 0.161396 -0.0620434
FixedParameters: 0 0 0

#Transform 31
Transform: AffineTransform_float_3_3
Parameters: 1 -6.12612e-05 -0.000223929 6.07388e-05 1 -0.00116601 0.000224071 0.00116599 1 0.0201246 0.0808365 -0.0516065
FixedParameters: 0 0 0

#Transform 32
Transform: AffineTransform_float_3_3
Parameters: 1 -2.33104e-05 -0.000223968 2.26895e-05 0.999999 -0.00138601 0.000224032 0.00138599 0.999999 0.0195128 0.0458569 -0.0626191
FixedParameters: 0 0 0

#Transform 33
Transform: AffineTransform_float_3_3
Parameters: 1 -2.31113e-05 -0.000223989 2.28887e-05 1 -0.000497005 0.000224011 0.000496995 1 0.0194961 0.0686552 -0.0353278
FixedParameters: 0 0 0

#Transform 34
Transform: AffineTransform_float_3_3
Parameters: 1 -2.32206e-05 -0.000223977 2.27793e-05 0.999999 -0.000985004 0.000224022 0.000984994 0.999999 0.0152848 0.101571 -0.0506452
FixedParameters: 0 0 0

#Transform 35
Transform: AffineTransform_float_3_3
Parameters: 1 -2.32549e-05 -0.000223974 2.27451e-05 1 -0.00113801 0.000224026 0.001138 1 0.0194994 0.159343 -0.0593811
FixedParameters: 0 0 0

#Transform 36
Transform: AffineTransform_float_3_3
Parameters: 1 -2.38157e-05 -0.00047396 2.31842e-05 0.999998 -0.00172101 0.000474041 0.00172099 0.999999 0.0255957 0.187805 -0.0774285
FixedParameters: 0 0 0

#Transform 37
Transform: AffineTransform_float_3_3
Parameters: 1 -2.32361e-05 -0.000223976 2.27639e-05 1 -0.00105401 0.000224024 0.001054 1 0.0295122 0.0740791 -0.0806289
FixedParameters: 0 0 0

#Transform 38
Transform: AffineTransform_float_3_3
Parameters: 1 -0.000172476 -0.000407799 0.000171524 1 -0.00116607 0.0004082 0.00116593 0.999999 0.0364762 0.0553657 -0.0782365
FixedParameters: 0 0 0

#Transform 39
Transform: AffineTransform_float_3_3
Parameters: 1 -2.31899e-05 -0.00022398 2.281e-05 0.999999 -0.000848004 0.000224019 0.000847994 0.999999 0.0195058 0.0856091 -0.0803888
FixedParameters: 0 0 0

#Transform 40
Transform: AffineTransform_float_3_3
Parameters: 1 -2.33584e-05 -0.000223963 2.26416e-05 0.999998 -0.0016 0.000224036 0.00159999 0.999998 0.0195098 0.130854 -0.10288
FixedParameters: 0 0 0

#Transform 41
Transform: AffineTransform_float_3_3
Parameters: 1 -2.35811e-05 -0.000473971 2.24189e-05 0.999999 -0.00122601 0.000474028 0.00122599 0.999999 0.0418356 0.166586 -0.122617
FixedParameters: 0 0 0

#Transform 42
Transform: AffineTransform_float_3_3
Parameters: 1 -0.000219307 -0.000223699 0.000219692 0.999999 -0.00137205 0.000224302 0.00137195 0.999999 0.0389098 0.126011 -0.128337
FixedParameters: 0 0 0

#Transform 43
Transform: AffineTransform_float_3_3
Parameters: 1 -0.000135321 -0.000285849 0.000134679 1 -0.00112104 0.000286151 0.00112096 1 0.0524992 0.0685796 -0.117885
FixedParameters: 0 0 0

#Transform 44
Transform: AffineTransform_float_3_3
Parameters: 1 -0.000337251 -0.000223622 0.000336749 1 -0.00112108 0.000224378 0.00112093 1 0.0451398 0.0993712 -0.101645
FixedParameters: 0 0 0

#Transform 45
Transform: AffineTransform_float_3_3
Parameters: 1 -0.000247341 -0.000223623 0.000247658 0.999999 -0.00152305 0.000224377 0.00152294 0.999999 0.0393805 0.129938 -0.109601
FixedParameters: 0 0 0

#Transform 46
Transform: AffineTransform_float_3_3
Parameters: 1 -0.00042434 -0.000223354 0.000424658 0.999999 -0.00152309 0.000224647 0.0015229 0.999999 0.0423113 0.188897 -0.105034
FixedParameters: 0 0 0

#Transform 47
Transform: AffineTransform_float_3_3
Parameters: 1 -0.000233606 -0.000299528 0.000232395 0.999998 -0.00202107 0.00029947 0.00202093 0.999998 0.0410615 0.15514 -0.137241
FixedParameters: 0 0 0

#Transform 48
Transform: AffineTransform_float_3_3
Parameters: 1 -0.00042412 -8.54071e-05 0.000424879 0.999999 -0.00139804 8.65941e-05 0.00139796 0.999999 0.0389786 0.062632 -0.107103
FixedParameters: 0 0 0

#Transform 49
Transform: AffineTransform_float_3_3
Parameters: 0.999999 -0.000375158 -0.000680362 0.00037484 0.999998 -0.00170226 0.000681639 0.00170174 0.999999 0.0526497 0.117169 -0.109044
FixedParameters: 0 0 0

#Transform 50
Transform: AffineTransform_float_3_3
Parameters: 1 -0.000424497 -0.000319341 0.000424504 0.999998 -0.00155313 0.00031966 0.00155386 0.999998 0.0445811 0.113521 -0.0854629
FixedParameters: 0 0 0

#Transform 51
Transform: AffineTransform_float_3_3
Parameters: 0.999999 -0.000241204 -0.000680575 0.000239796 0.999999 -0.00176816 0.000681425 0.00176784 0.999998 0.0298157 0.187757 -0.10466
FixedParameters: 0 0 0

#Transform 52
Transform: AffineTransform_float_3_3
Parameters: 1 -6.08583e-05 -0.000466889 6.01416e-05 0.999999 -0.00183803 0.000467111 0.00183797 0.999998 0.0421634 0.188867 -0.106527
FixedParameters: 0 0 0

#Transform 53
Transform: AffineTransform_float_3_3
Parameters: 1 -4.19204e-05 -0.000462917 4.10795e-05 0.999998 -0.00198802 0.000463082 0.00198798 0.999998 0.0418615 0.118578 -0.106098
FixedParameters: 0 0 0

#Transform 54
Transform: AffineTransform_float_3_3
Parameters: 1 -0.000209729 -0.000447659 0.000209272 0.999998 -0.00162809 0.000447341 0.00162791 0.999998 0.0441386 0.0826838 -0.0862648
FixedParameters: 0 0 0

#Transform 55
Transform: AffineTransform_float_3_3
Parameters: 1 -0.00022649 -0.000309642 0.00022551 0.999998 -0.00158107 0.000310357 0.00158193 0.999998 0.0411124 0.0971098 -0.102546
FixedParameters: 0 0 0

#Transform 56
Transform: AffineTransform_float_3_3
Parameters: 1 -0.000345788 -0.00046842 0.000345213 0.999998 -0.00168116 0.000468581 0.00168084 0.999999 0.0382402 0.142367 -0.0960326
FixedParameters: 0 0 0

#Transform 57
Transform: AffineTransform_float_3_3
Parameters: 0.999999 -0.000176451 -0.000726649 0.000174548 0.999998 -0.00199713 0.00072735 0.00199687 0.999997 0.0417031 0.197759 -0.109724
FixedParameters: 0 0 0

#Transform 58
Transform: AffineTransform_float_3_3
Parameters: 1 1.09326e-05 -0.000509024 -1.20673e-05 0.999998 -0.00209699 0.000508976 0.002097 0.999997 0.0419642 0.222923 -0.114749
FixedParameters: 0 0 0

#Transform 59
Transform: AffineTransform_float_3_3
Parameters: 1 1.95707e-06 -0.000476006 -3.04291e-06 0.999997 -0.002191 0.000475995 0.002191 0.999998 0.0312224 0.1501 -0.113217
FixedParameters: 0 0 0

#Transform 60
Transform: AffineTransform_float_3_3
Parameters: 1 -3.23523e-05 -0.00022595 3.26476e-05 0.999999 -0.00155901 0.000226051 0.00155899 0.999999 0.0356866 0.104282 -0.0906565
FixedParameters: 0 0 0

#Transform 61
Transform: AffineTransform_float_3_3
Parameters: 1 -0.000232108 -0.000661612 0.000231891 0.999998 -0.00167515 0.000662389 0.00167485 0.999999 0.044212 0.15436 -0.102259
FixedParameters: 0 0 0

#Transform 62
Transform: AffineTransform_float_3_3
Parameters: 0.999999 -0.000254161 -0.000661555 0.000253838 0.999999 -0.00175417 0.000662446 0.00175383 0.999998 0.0499748 0.21902 -0.0983191
FixedParameters: 0 0 0

#Transform 63
Transform: AffineTransform_float_3_3
Parameters: 1 -4.76925e-07 -0.000662001 -4.76925e-07 0.999998 -0.002231 0.000662001 0.002231 0.999998 0.0380227 0.262936 -0.112944
FixedParameters: 0 0 0

#Transform 64
Transform: AffineTransform_float_3_3
Parameters: 1 9.47817e-05 -0.000662175 -9.62197e-05 0.999999 -0.00183994 0.000662824 0.00184006 0.999998 0.0347509 0.158794 -0.0925475
FixedParameters: 0 0 0

#Transform 65
Transform: AffineTransform_float_3_3
Parameters: 1 -0.000107015 -0.000554805 0.000105984 0.999999 -0.00183006 0.000555195 0.00182994 0.999998 0.0449203 0.137717 -0.0940643
FixedParameters: 0 0 0

#Transform 66
Transform: AffineTransform_float_3_3
Parameters: 1 -1.77272e-05 -0.000399969 1.72728e-05 0.999999 -0.00181801 0.000400032 0.00181799 0.999999 0.0229382 0.14528 -0.107224
FixedParameters: 0 0 0

#Transform 67
Transform: AffineTransform_float_3_3
Parameters: 0.999999 -0.000312286 -0.000661394 0.000311713 0.999998 -0.00194321 0.000662607 0.00194379 0.999998 0.0340611 0.188467 -0.105797
FixedParameters: 0 0 0

#Transform 68
Transform: AffineTransform_float_3_3
Parameters: 1 0.00032767 -0.000127849 -0.00032833 0.999996 -0.00259096 0.00012715 0.00259104 0.999996 -0.00586012 0.269477 -0.120762
FixedParameters: 0 0 0

#Transform 69
Transform: AffineTransform_float_3_3
Parameters: 1 0.000142379 -0.000561413 -0.00014362 0.999996 -0.00288792 0.000560587 0.00288808 0.999995 0.0162497 0.277419 -0.114199
FixedParameters: 0 0 0

#Transform 70
Transform: AffineTransform_float_3_3
Parameters: 1 0.000500318 -0.000283208 -0.000500681 0.999997 -0.00241186 0.000281793 0.00241214 0.999997 -0.0139655 0.166717 -0.118351
FixedParameters: 0 0 0

#Transform 71
Transform: AffineTransform_float_3_3
Parameters: 1 0.000464806 -8.40814e-05 -0.000465194 0.999997 -0.00232596 8.29182e-05 0.00232604 0.999998 -0.0244081 0.164589 -0.113859
FixedParameters: 0 0 0

#Transform 72
Transform: AffineTransform_float_3_3
Parameters: 1 0.000512242 -0.000309259 -0.000513757 0.999997 -0.00245584 0.000307739 0.00245616 0.999997 -0.0296196 0.1871 -0.116648
FixedParameters: 0 0 0

#Transform 73
Transform: AffineTransform_float_3_3
Parameters: 1 9.62539e-05 -0.000662256 -9.77479e-05 0.999996 -0.00263694 0.000662745 0.00263706 0.999997 -0.00836523 0.228123 -0.123552
FixedParameters: 0 0 0

#Transform 74
Transform: AffineTransform_float_3_3
Parameters: 0.999999 9.56448e-05 -0.00091225 -9.73569e-05 0.999996 -0.00258191 0.000912752 0.00258209 0.999997 0.019807 0.250416 -0.145068
FixedParameters: 0 0 0

#Transform 75
Transform: AffineTransform_float_3_3
Parameters: 0.999999 0.000439701 -0.000663529 -0.000442301 0.999994 -0.00346971 0.000662469 0.00346929 0.999994 -0.0152646 0.227552 -0.136064
FixedParameters: 0 0 0

#Transform 76
Transform: AffineTransform_float_3_3
Parameters: 0.999999 0.000528016 -0.000663584 -0.000529986 0.999996 -0.00299365 0.000662417 0.00299335 0.999996 0.012056 0.197657 -0.145428
FixedParameters: 0 0 0

#Transform 77
Transform: AffineTransform_float_3_3
Parameters: 1 0.000468375 -0.000514484 -0.000469626 0.999995 -0.00316276 0.000513517 0.00316324 0.999995 0.00938532 0.239971 -0.13256
FixedParameters: 0 0 0

#Transform 78
Transform: AffineTransform_float_3_3
Parameters: 1 0.000593426 -0.000166062 -0.000593573 0.999994 -0.0034739 0.000163939 0.0034741 0.999994 -0.00724314 0.277774 -0.143096
FixedParameters: 0 0 0

#Transform 79
Transform: AffineTransform_float_3_3
Parameters: 0.999999 0.000643511 -0.000479007 -0.000644489 0.999995 -0.00311569 0.000476994 0.00311531 0.999995 0.00551659 0.215766 -0.131977
FixedParameters: 0 0 0

#Transform 80
Transform: AffineTransform_float_3_3
Parameters: 1 0.000255688 -0.000435773 -0.000256313 0.999996 -0.00301389 0.00043523 0.00301411 0.999996 0.0109871 0.118709 -0.123718
FixedParameters: 0 0 0

#Transform 81
Transform: AffineTransform_float_3_3
Parameters: 1 0.000605998 -1.60408e-06 -0.000606003 0.999997 -0.002647 3.9591e-07 0.002647 0.999997 -0.0181893 0.130379 -0.126222
FixedParameters: 0 0 0

#Transform 82
Transform: AffineTransform_float_3_3
Parameters: 0.999999 0.000522633 0.000559478 -0.000521365 0.999995 -0.00291529 -0.000561522 0.00291571 0.999995 -0.0439892 0.164447 -0.115629
FixedParameters: 0 0 0

#Transform 83
Transform: AffineTransform_float_3_3
Parameters: 1 0.000516702 -0.000110404 -0.0005173 0.999996 -0.00271594 0.000109595 0.00271606 0.999997 -0.0283099 0.188152 -0.118369
FixedParameters: 0 0 0

#Transform 84
Transform: AffineTransform_float_3_3
Parameters: 1 0.000516853 -4.76211e-05 -0.000517145 0.999995 -0.00313598 4.53784e-05 0.00313602 0.999995 -0.0201914 0.27233 -0.138122
FixedParameters: 0 0 0

#Transform 85
Transform: AffineTransform_float_3_3
Parameters: 1 0.000292006 -0.000364798 -0.000292995 0.999996 -0.00272889 0.000364202 0.00272911 0.999996 -0.00874226 0.207457 -0.130179
FixedParameters: 0 0 0

#Transform 86
Transform: AffineTransform_float_3_3
Parameters: 1 0.000237189 7.54072e-05 -0.000236812 0.999997 -0.00250002 -7.55923e-05 0.00249998 0.999997 -0.0225498 0.191766 -0.111808
FixedParameters: 0 0 0

#Transform 87
Transform: AffineTransform_float_3_3
Parameters: 1 2.19697e-05 -0.000408057 -2.30301e-05 0.999997 -0.00252499 0.000407943 0.00252501 0.999996 0.00189839 0.193191 -0.126621
FixedParameters: 0 0 0

#Transform 88
Transform: AffineTransform_float_3_3
Parameters: 1 2.18057e-05 -0.000451059 -2.31942e-05 0.999997 -0.00264799 0.00045094 0.00264801 0.999997 -0.00444992 0.202537 -0.128587
FixedParameters: 0 0 0

#Transform 89
Transform: AffineTransform_float_3_3
Parameters: 1 0.000372508 -0.000479164 -0.000373492 0.999995 -0.00311782 0.000477838 0.00311818 0.999995 0.0101401 0.228904 -0.136237
FixedParameters: 0 0 0

#Transform 90
Transform: AffineTransform_float_3_3
Parameters: 1 0.000328937 -0.000401873 -0.000330063 0.999997 -0.00264787 0.000401128 0.00264713 0.999997 -0.00627786 0.186586 -0.128686
FixedParameters: 0 0 0

#Transform 91
Transform: AffineTransform_float_3_3
Parameters: 1 -0.000133703 -0.000622637 0.000131296 0.999997 -0.00273508 0.000623361 0.00273492 0.999996 0.0289181 0.138329 -0.129452
FixedParameters: 0 0 0

#Transform 92
Transform: AffineTransform_float_3_3
Parameters: 1 0.000186539 -0.000155554 -0.000186459 0.999995 -0.00296597 0.000154448 0.00296603 0.999995 0.00524381 0.166248 -0.132198
FixedParameters: 0 0 0

#Transform 93
Transform: AffineTransform_float_3_3
Parameters: 1 -7.28861e-05 -0.000622782 7.11132e-05 0.999996 -0.00302805 0.000623218 0.00302796 0.999995 0.0211049 0.212591 -0.130019
FixedParameters: 0 0 0

#Transform 94
Transform: AffineTransform_float_3_3
Parameters: 1 -7.18339e-05 -0.000240753 7.11652e-05 0.999994 -0.00346202 0.000241248 0.00346198 0.999994 0.0277825 0.278707 -0.16954
FixedParameters: 0 0 0

#Transform 95
Transform: AffineTransform_float_3_3
Parameters: 1 0.000121676 -0.000409396 -0.000122326 0.999995 -0.00323495 0.000409606 0.00323505 0.999994 0.034924 0.204927 -0.160235
FixedParameters: 0 0 0

#Transform 96
Transform: AffineTransform_float_3_3
Parameters: 1 0.000200268 -0.000268548 -0.000201731 0.999997 -0.00272995 0.00026745 0.00273006 0.999996 0.0247758 0.175188 -0.13331
FixedParameters: 0 0 0

#Transform 97
Transform: AffineTransform_float_3_3
Parameters: 1 7.22354e-05 -0.000289192 -7.37642e-05 0.999997 -0.00264498 0.000288806 0.00264502 0.999997 0.0191615 0.198089 -0.131792
FixedParameters: 0 0 0

#Transform 98
Transform: AffineTransform_float_3_3
Parameters: 1 0.000345721 -0.000446992 -0.000347279 0.999996 -0.00286384 0.000446007 0.00286415 0.999996 0.0138663 0.237333 -0.154295
FixedParameters: 0 0 0

#Transform 99
Transform: AffineTransform_float_3_3
Parameters: 1 0.000173013 -0.000623554 -0.000174988 0.999995 -0.00318789 0.000623445 0.00318811 0.999994 0.0416388 0.280609 -0.147943
FixedParameters: 0 0 0

#Transform 100
Transform: AffineTransform_float_3_3
Parameters: 1 0.00017318 -0.000623508 -0.000174821 0.999995 -0.00291989 0.000623492 0.00292011 0.999995 0.0288405 0.190425 -0.156817
FixedParameters: 0 0 0

#Transform 101
Transform: AffineTransform_float_3_3
Parameters: 1 0.000173771 -0.00045647 -0.000175227 0.999997 -0.00269292 0.00045553 0.00269308 0.999997 0.025335 0.155073 -0.127405
FixedParameters: 0 0 0

#Transform 102
Transform: AffineTransform_float_3_3
Parameters: 1 0.000173868 -0.000408484 -0.000175133 0.999996 -0.00277193 0.000408516 0.00277207 0.999996 0.0242709 0.166745 -0.122331
FixedParameters: 0 0 0

#Transform 103
Transform: AffineTransform_float_3_3
Parameters: 1 0.000174085 -0.000304525 -0.000174913 0.999996 -0.00300695 0.000303476 0.00300706 0.999996 0.0186261 0.214372 -0.135387
FixedParameters: 0 0 0

#Transform 104
Transform: AffineTransform_float_3_3
Parameters: 1 0.000173014 -0.000571605 -0.000174987 0.999994 -0.0034759 0.000571395 0.0034761 0.999994 0.0403862 0.269473 -0.156135
FixedParameters: 0 0 0

#Transform 105
Transform: AffineTransform_float_3_3
Parameters: 1 0.000174 -0.000304573 -0.000174998 0.999994 -0.00328594 0.000303426 0.00328605 0.999994 0.0337957 0.241835 -0.157667
FixedParameters: 0 0 0

#Transform 106
Transform: AffineTransform_float_3_3
Parameters: 1 9.53178e-05 -0.000235277 -9.66813e-05 0.999996 -0.00290098 0.00023472 0.00290102 0.999996 0.0334854 0.154484 -0.136946
FixedParameters: 0 0 0

#Transform 107
Transform: AffineTransform_float_3_3
Parameters: 1 0.000146638 -0.000484414 -0.000148364 0.999996 -0.00281293 0.000484584 0.00281307 0.999996 0.0230229 0.201082 -0.131571
FixedParameters: 0 0 0

#Transform 108
Transform: AffineTransform_float_3_3
Parameters: 1 0.000107962 -0.000623357 -0.00011004 0.999994 -0.00326993 0.000623644 0.00327007 0.999995 0.042677 0.257201 -0.141369
FixedParameters: 0 0 0

#Transform 109
Transform: AffineTransform_float_3_3
Parameters: 1 0.000297133 -0.000536039 -0.000298867 0.999994 -0.00348684 0.000534961 0.00348716 0.999994 0.0374391 0.299383 -0.181003
FixedParameters: 0 0 0

#Transform 110
Transform: AffineTransform_float_3_3
Parameters: 1 0.000135059 -0.000288443 -0.00013594 0.999994 -0.00326596 0.000287557 0.00326604 0.999994 0.0266889 0.204922 -0.144689
FixedParameters: 0 0 0

#Transform 111
Transform: AffineTransform_float_3_3
Parameters: 1 0.000156089 -0.000321444 -0.000156912 0.999996 -0.00283495 0.000321556 0.00283505 0.999996 0.0345546 0.170984 -0.145686
FixedParameters: 0 0 0

#Transform 112
Transform: AffineTransform_float_3_3
Parameters: 1 7.46845e-05 -0.000444223 -7.53177e-05 0.999995 -0.00296197 0.000444779 0.00296203 0.999996 0.0121052 0.196763 -0.118621
FixedParameters: 0 0 0

#Transform 113
Transform: AffineTransform_float_3_3
Parameters: 1 7.47836e-05 -0.000380241 -7.52188e-05 0.999995 -0.00319997 0.000380761 0.00320003 0.999995 0.0253284 0.230852 -0.141855
FixedParameters: 0 0 0

#Transform 114
Transform: AffineTransform_float_3_3
Parameters: 1 7.47326e-05 -0.000365262 -7.52665e-05 0.999994 -0.00347097 0.000364741 0.00347103 0.999994 0.0318018 0.299356 -0.166183
FixedParameters: 0 0 0

#Transform 115
Transform: AffineTransform_float_3_3
Parameters: 1 0.000204102 -0.000302607 -0.000204896 0.999995 -0.00296894 0.000301393 0.00296906 0.999995 0.0202992 0.187461 -0.128452
FixedParameters: 0 0 0

#Transform 116
Transform: AffineTransform_float_3_3
Parameters: 1 0.000159066 -0.000342436 -0.000159933 0.999997 -0.00272995 0.000341565 0.00273006 0.999996 0.0111461 0.174583 -0.12508
FixedParameters: 0 0 0

#Transform 117
Transform: AffineTransform_float_3_3
Parameters: 1 7.62068e-05 5.7728e-05 -7.57922e-05 0.999993 -0.003574 -5.82712e-05 0.00357399 0.999993 -0.0117702 0.223489 -0.125984
FixedParameters: 0 0 0

#Transform 118
Transform: AffineTransform_float_3_3
Parameters: 1 0.000307178 -0.0006239 -0.000308822 0.999995 -0.00292181 0.0006231 0.00292219 0.999995 0.00106858 0.260689 -0.132178
FixedParameters: 0 0 0

#Transform 119
Transform: AffineTransform_float_3_3
Parameters: 1 0.00030438 -0.000440125 -0.00030662 0.999993 -0.00368587 0.000438873 0.00368614 0.999993 0.0160214 0.302881 -0.137944
FixedParameters: 0 0 0

#Transform 120
Transform: AffineTransform_float_3_3
Parameters: 1 0.000511861 -0.000409428 -0.00051314 0.999996 -0.00278579 0.000408572 0.00278621 0.999996 0.00437408 0.192661 -0.120497
FixedParameters: 0 0 0

#Transform 121
Transform: AffineTransform_float_3_3
Parameters: 1 0.000512151 -0.000341278 -0.000513849 0.999997 -0.00249382 0.00033972 0.00249317 0.999997 0.00367106 0.199678 -0.0877962
FixedParameters: 0 0 0

#Transform 122
Transform: AffineTransform_float_3_3
Parameters: 1 0.000512096 -0.000350325 -0.000512903 0.999996 -0.00258482 0.000348675 0.00258518 0.999996 -0.00647441 0.211682 -0.0995069
FixedParameters: 0 0 0

#Transform 123
Transform: AffineTransform_float_3_3
Parameters: 1 0.000511966 -0.000403315 -0.000513032 0.999996 -0.00256679 0.000401684 0.0025672 0.999996 -0.00563434 0.244829 -0.106918
FixedParameters: 0 0 0

#Transform 124
Transform: AffineTransform_float_3_3
Parameters: 1 0.000324886 -0.000566218 -0.000327113 0.999993 -0.00373781 0.000564781 0.00373818 0.999993 0.023674 0.298398 -0.138155
FixedParameters: 0 0 0

#Transform 125
Transform: AffineTransform_float_3_3
Parameters: 1 0.000436284 8.55646e-05 -0.000435718 0.999995 -0.00329104 -8.64344e-05 0.00329096 0.999994 -0.0159497 0.200046 -0.141311
FixedParameters: 0 0 0

#Transform 126
Transform: AffineTransform_float_3_3
Parameters: 1 0.000534497 0.00014923 -0.000533504 0.999995 -0.00331208 -0.000150768 0.00331192 0.999994 -0.0226098 0.188843 -0.132318
FixedParameters: 0 0 0

#Transform 127
Transform: AffineTransform_float_3_3
Parameters: 1 0.000318847 -0.000393936 -0.000319153 0.999995 -0.00293087 0.000393066 0.00293012 0.999995 -0.000902979 0.205637 -0.129431
FixedParameters: 0 0 0

#Transform 128
Transform: AffineTransform_float_3_3
Parameters: 1 0.000321806 -0.000385001 -0.000323194 0.999995 -0.00310488 0.000383998 0.00310512 0.999995 -0.00749747 0.270455 -0.133955
FixedParameters: 0 0 0

#Transform 129
Transform: AffineTransform_float_3_3
Parameters: 0.999999 0.000643891 -0.000369937 -0.000645109 0.999996 -0.00300476 0.000368063 0.00300524 0.999996 -0.0263282 0.29976 -0.147123
FixedParameters: 0 0 0

#Transform 130
Transform: AffineTransform_float_3_3
Parameters: 1 0.00045376 -8.82427e-05 -0.000454239 0.999996 -0.00273796 8.67571e-05 0.00273704 0.999996 -0.0119779 0.221805 -0.123489
FixedParameters: 0 0 0

#Transform 131
Transform: AffineTransform_float_3_3
Parameters: 1 0.000201188 -0.000270606 -0.000201814 0.999996 -0.00300495 0.000270395 0.00300506 0.999996 -0.0276499 0.242752 -0.115849
FixedParameters: 0 0 0

#Transform 132
Transform: AffineTransform_float_3_3
Parameters: 1 0.00033815 -0.000270067 -0.000338853 0.999995 -0.00315291 0.000269933 0.00315309 0.999995 -0.0299993 0.273282 -0.109354
FixedParameters: 0 0 0

#Transform 133
Transform: AffineTransform_float_3_3
Parameters: 0.999999 -9.65321e-05 -0.000814589 9.24703e-05 0.99999 -0.00433508 0.000814408 0.00433492 0.999991 0.0356445 0.317661 -0.131208
FixedParameters: 0 0 0

#Transform 134
Transform: AffineTransform_float_3_3
Parameters: 1 -0.000215699 -0.000574994 0.000213301 0.999989 -0.00469012 0.000576006 0.00468988 0.999989 0.0571485 0.346712 -0.167291
FixedParameters: 0 0 0

#Transform 135
Transform: AffineTransform_float_3_3
Parameters: 1 -0.000215604 -0.000502891 0.000213395 0.999986 -0.0051721 0.00050411 0.00517189 0.999986 0.0589116 0.338816 -0.16816
FixedParameters: 0 0 0

#Transform 136
Transform: AffineTransform_float_3_3
Parameters: 0.999999 -0.000217145 -0.000752816 0.000213859 0.999985 -0.00550216 0.000753187 0.00550183 0.999984 0.0615293 0.323015 -0.166456
FixedParameters: 0 0 0

#Transform 137
Transform: AffineTransform_float_3_3
Parameters: 1 -6.16671e-05 -0.00062765 5.73366e-05 0.999983 -0.00584104 0.000627345 0.00584096 0.999982 0.0725883 0.402521 -0.190536
FixedParameters: 0 0 0

#Transform 138
Transform: AffineTransform_float_3_3
Parameters: 0.999999 -0.00021848 -0.000979793 0.000213518 0.999985 -0.00559021 0.000981208 0.00558979 0.999984 0.0800074 0.352243 -0.210134
FixedParameters: 0 0 0

#Transform 139
Transform: AffineTransform_float_3_3
Parameters: 0.999999 -0.0002184 -0.000979812 0.0002136 0.999985 -0.00550721 0.000981191 0.00550779 0.999985 0.0671225 0.345035 -0.172998
FixedParameters: 0 0 0

#Transform 140
Transform: AffineTransform_float_3_3
Parameters: 0.999999 -0.000218905 -0.000979699 0.000213093 0.999982 -0.00602321 0.000981301 0.00602379 0.999982 0.0891127 0.380803 -0.189086
FixedParameters: 0 0 0

#Transform 141
Transform: AffineTransform_float_3_3
Parameters: 0.999999 -0.000164486 -0.000849956 0.000159514 0.999979 -0.00645014 0.000851046 0.00644986 0.999979 0.0850685 0.42022 -0.204067
FixedParameters: 0 0 0

#Transform 142
Transform: AffineTransform_float_3_3
Parameters: 0.999999 -0.00022089 -0.0012226 0.000213107 0.999979 -0.00645027 0.0012244 0.00644974 0.999979 0.102045 0.428188 -0.229056
FixedParameters: 0 0 0

#Transform 143
Transform: AffineTransform_float_3_3
Parameters: 0.999999 -0.000217775 -0.00073961 0.000213222 0.999979 -0.00645016 0.00074139 0.00644984 0.999979 0.0832343 0.38615 -0.20536
FixedParameters: 0 0 0

#Transform 144
Transform: AffineTransform_float_3_3
Parameters: 0.999999 -4.78831e-05 -0.000846687 4.11147e-05 0.999976 -0.00694703 0.000847305 0.00694696 0.999975 0.0766378 0.425314 -0.228164
FixedParameters: 0 0 0

#Transform 145
Transform: AffineTransform_float_3_3
Parameters: 0.999999 9.05194e-05 -0.000934649 -9.6476e-05 0.999976 -0.00693591 0.000933352 0.00693608 0.999975 0.0751023 0.462334 -0.212278
FixedParameters: 0 0 0

#Transform 146
Transform: AffineTransform_float_3_3
Parameters: 1 0.000312919 -0.00110931 -0.000321086 0.999974 -0.00729165 0.00110769 0.00729235 0.999973 0.0836185 0.460495 -0.229687
FixedParameters: 0 0 0

#Transform 147
Transform: AffineTransform_float_3_3
Parameters: 1 0.000145327 -0.00115 -0.000153673 0.999977 -0.00667483 0.001149 0.00667517 0.999977 0.0770015 0.359186 -0.207779
FixedParameters: 0 0 0

#Transform 148
Transform: AffineTransform_float_3_3
Parameters: 1 9.62892e-05 -0.00105364 -0.000102713 0.999979 -0.00637089 0.00105337 0.0063711 0.999979 0.0712245 0.268825 -0.203552
FixedParameters: 0 0 0

#Transform 149
Transform: AffineTransform_float_3_3
Parameters: 0.999999 0.000306206 -0.000641824 -0.000310796 0.999983 -0.00592081 0.000640171 0.0059202 0.999983 0.0447792 0.348099 -0.197094
FixedParameters: 0 0 0

#Transform 150
Transform: AffineTransform_float_3_3
Parameters: 0.999999 0.000457096 -0.000642794 -0.000460905 0.999982 -0.00608671 0.000640206 0.0060873 0.999982 0.0343992 0.423237 -0.150126
FixedParameters: 0 0 0

#Transform 151
Transform: AffineTransform_float_3_3
Parameters: 0.999999 0.000681034 -0.00113919 -0.000687966 0.999981 -0.00612623 0.00113481 0.00612678 0.999981 0.0365828 0.447138 -0.175023
FixedParameters: 0 0 0

#Transform 152
Transform: AffineTransform_float_3_3
Parameters: 1 0.000540937 -0.000945495 -0.000547066 0.999979 -0.00642349 0.000942505 0.00642451 0.999979 0.0388759 0.381881 -0.17106
FixedParameters: 0 0 0

#Transform 153
Transform: AffineTransform_float_3_3
Parameters: 0.999999 0.000268347 -0.000876437 -0.000272655 0.999986 -0.00531276 0.000875563 0.00531323 0.999985 0.0540683 0.253039 -0.120277
FixedParameters: 0 0 0

#Transform 154
Transform: AffineTransform_float_3_3
Parameters: 1 0.0002685 -0.000955277 -0.000272499 0.999989 -0.00471374 0.000953727 0.00471426 0.999989 0.0560678 0.213018 -0.114108
FixedParameters: 0 0 0

#Transform 155
Transform: AffineTransform_float_3_3
Parameters: 0.999999 0.000269234 -0.000788296 -0.000272764 0.999989 -0.00478079 0.000786705 0.00478122 0.999989 0.0518526 0.1714 -0.122633
FixedParameters: 0 0 0

#Transform 156
Transform: AffineTransform_float_3_3
Parameters: 0.999999 0.000269732 -0.00067731 -0.000273266 0.999989 -0.00482882 0.000675688 0.00482919 0.999988 0.0491829 0.242462 -0.144711
FixedParameters: 0 0 0

#Transform 157
Transform: AffineTransform_float_3_3
Parameters: 1 0.000267955 -0.00101535 -0.000273043 0.999987 -0.00497172 0.00101366 0.00497227 0.999987 0.0575782 0.320332 -0.147927
FixedParameters: 0 0 0

#Transform 158
Transform: AffineTransform_float_3_3
Parameters: 1 0.000266779 -0.00113648 -0.000273219 0.999985 -0.00547769 0.00113452 0.00547731 0.999985 0.0606065 0.447535 -0.173108
FixedParameters: 0 0 0

#Transform 159
Transform: AffineTransform_float_3_3
Parameters: 0.999999 0.000250199 -0.000843439 -0.000254804 0.999983 -0.00569679 0.000842562 0.00569721 0.999984 0.0536977 0.409276 -0.166482
FixedParameters: 0 0 0

#Transform 160
Transform: AffineTransform_float_3_3
Parameters: 1 8.46826e-05 -0.00113541 -9.03154e-05 0.999989 -0.0046839 0.00113459 0.0046841 0.999989 0.0702325 0.286187 -0.142571
FixedParameters: 0 0 0

#Transform 161
Transform: AffineTransform_float_3_3
Parameters: 0.999999 1.43886e-06 -0.000794014 -5.56107e-06 0.99999 -0.004485 0.000793982 0.004485 0.999989 0.0728529 0.23669 -0.132979
FixedParameters: 0 0 0

#Transform 162
Transform: AffineTransform_float_3_3
Parameters: 1 0.000139453 -0.00105261 -0.000144544 0.99999 -0.00432085 0.00105139 0.00432115 0.99999 0.0750457 0.224881 -0.137092
FixedParameters: 0 0 0

#Transform 163
Transform: AffineTransform_float_3_3
Parameters: 0.999999 -0.000154368 -0.000773335 0.000151633 0.99999 -0.00435312 0.000773667 0.00435288 0.99999 0.0780868 0.263981 -0.135384
FixedParameters: 0 0 0

#Transform 164
Transform: AffineTransform_float_3_3
Parameters: 0.999999 0.000181311 -0.00090695 -0.000186689 0.999986 -0.00517283 0.000906046 0.00517217 0.999986 0.0629089 0.332393 -0.161767
FixedParameters: 0 0 0

#Transform 165
Transform: AffineTransform_float_3_3
Parameters: 1 -4.16635e-05 -0.00102282 3.73357e-05 0.999989 -0.00455904 0.00102318 0.00455896 0.999989 0.0691682 0.281627 -0.147643
FixedParameters: 0 0 0

#Transform 166
Transform: AffineTransform_float_3_3
Parameters: 0.999999 0.000215611 -0.000961994 -0.000220388 0.999989 -0.00456379 0.000961004 0.00456421 0.999989 0.0824457 0.225321 -0.152075
FixedParameters: 0 0 0

#Transform 167
Transform: AffineTransform_float_3_3
Parameters: 0.999999 3.85106e-05 -0.000815172 -4.24886e-05 0.999991 -0.00428097 0.000814826 0.00428103 0.999991 0.0671817 0.245009 -0.147886
FixedParameters: 0 0 0

#Transform 168
Transform: AffineTransform_float_3_3
Parameters: 1 7.35732e-05 -0.00103133 -7.84254e-05 0.999991 -0.00429292 0.00103067 0.00429308 0.999991 0.0865568 0.288829 -0.160156
FixedParameters: 0 0 0

#Transform 169
Transform: AffineTransform_float_3_3
Parameters: 0.999999 1.32275e-05 -0.00105007 -1.77721e-05 0.999989 -0.00454498 0.00104993 0.00454502 0.999989 0.0852814 0.361524 -0.156218
FixedParameters: 0 0 0

#Transform 170
Transform: AffineTransform_float_3_3
Parameters: 1 0.000521243 -0.000998499 -0.000525755 0.999988 -0.00477048 0.000995504 0.00477052 0.999988 0.07021 0.365251 -0.167888
FixedParameters: 0 0 0

#Transform 171
Transform: AffineTransform_float_3_3
Parameters: 0.999999 0.000255351 -0.000858094 -0.000258648 0.999991 -0.00425478 0.000856906 0.00425522 0.99999 0.0709963 0.242366 -0.159101
FixedParameters: 0 0 0

#Transform 172
Transform: AffineTransform_float_3_3
Parameters: 1 0.000108277 -0.0010505 -0.000112725 0.99999 -0.00449689 0.0010505 0.00449712 0.99999 0.0863305 0.258449 -0.156218
FixedParameters: 0 0 0

#Transform 173
Transform: AffineTransform_float_3_3
Parameters: 1 0.000131365 -0.000593589 -0.000134637 0.99999 -0.00444192 0.000593408 0.00444208 0.99999 0.0747596 0.281862 -0.156888
FixedParameters: 0 0 0

#Transform 174
Transform: AffineTransform_float_3_3
Parameters: 0.999999 -0.000140921 -0.00105836 0.000136081 0.999989 -0.00464815 0.00105864 0.00464785 0.999988 0.107053 0.315451 -0.15853
FixedParameters: 0 0 0

#Transform 175
Transform: AffineTransform_float_3_3
Parameters: 1 0.000265018 -0.00103229 -0.000269985 0.999989 -0.00482872 0.00103171 0.00482928 0.999988 0.0833198 0.332264 -0.182694
FixedParameters: 0 0 0

#Transform 176
Transform: AffineTransform_float_3_3
Parameters: 0.999999 0.000106596 -0.000790467 -0.000110401 0.99999 -0.00430691 0.000789532 0.00430709 0.999991 0.0898905 0.273991 -0.160669
FixedParameters: 0 0 0

#Transform 177
Transform: AffineTransform_float_3_3
Parameters: 0.999999 0.000106216 -0.000836489 -0.000109782 0.99999 -0.00452491 0.000835512 0.00452509 0.99999 0.0855852 0.307464 -0.166667
FixedParameters: 0 0 0

#Transform 178
Transform: AffineTransform_float_3_3
Parameters: 0.999999 0.000105926 -0.000894492 -0.000110076 0.999989 -0.0045559 0.000894508 0.0045561 0.999989 0.0907228 0.333342 -0.160456
FixedParameters: 0 0 0

#Transform 179
Transform: AffineTransform_float_3_3
Parameters: 1 0.000216221 -0.00108517 -0.000221778 0.999986 -0.00532776 0.00108383 0.00532824 0.999985 0.0853885 0.396609 -0.198368
FixedParameters: 0 0 0

#Transform 180
Transform: AffineTransform_float_3_3
Parameters: 0.999999 0.000139242 -0.000824817 -0.000143759 0.999984 -0.00577089 0.000824184 0.00577112 0.999983 0.102254 0.356174 -0.199217
FixedParameters: 0 0 0

#Transform 181
Transform: AffineTransform_float_3_3
Parameters: 1 0.000369749 -0.00104787 -0.000375253 0.999988 -0.00501661 0.00104613 0.00501639 0.999987 0.0937673 0.241025 -0.189991
FixedParameters: 0 0 0

#Transform 182
Transform: AffineTransform_float_3_3
Parameters: 0.999999 0.000325946 -0.000630588 -0.000329051 0.999988 -0.00484879 0.000628412 0.00484921 0.999988 0.0820966 0.238756 -0.171434
FixedParameters: 0 0 0

#Transform 183
Transform: AffineTransform_float_3_3
Parameters: 1 0.000408499 -0.000531929 -0.000411496 0.999989 -0.00470878 0.000529068 0.00470922 0.999989 0.0812502 0.253422 -0.184479
FixedParameters: 0 0 0

#Transform 184
Transform: AffineTransform_float_3_3
Parameters: 0.999999 0.000324056 -0.000796616 -0.000327941 0.999987 -0.00495674 0.000794384 0.00495626 0.999988 0.0882945 0.309735 -0.184522
FixedParameters: 0 0 0

#Transform 185
Transform: AffineTransform_float_3_3
Parameters: 0.999999 0.000390301 -0.000889077 -0.000395698 0.999986 -0.00529065 0.000886918 0.00529135 0.999985 0.08685 0.386706 -0.209256
FixedParameters: 0 0 0

#Transform 186
Transform: AffineTransform_float_3_3
Parameters: 0.999999 0.000176335 -0.00104697 -0.000181665 0.999986 -0.00541281 0.00104603 0.00541319 0.999985 0.0996559 0.357575 -0.196585
FixedParameters: 0 0 0

#Transform 187
Transform: AffineTransform_float_3_3
Parameters: 0.999999 0.0001773 -0.000903934 -0.000181696 0.999987 -0.00520284 0.000902067 0.00520216 0.999986 0.100041 0.264339 -0.18849
FixedParameters: 0 0 0

#Transform 188
Transform: AffineTransform_float_3_3
Parameters: 0.999999 0.000177688 -0.000891869 -0.000182308 0.999989 -0.00483684 0.000890128 0.00483716 0.999988 0.0908952 0.258867 -0.182567
FixedParameters: 0 0 0

#Transform 189
Transform: AffineTransform_float_3_3
Parameters: 0.999999 0.000177113 -0.000970904 -0.000181888 0.999988 -0.00503583 0.000970096 0.00503618 0.999987 0.105222 0.27436 -0.185336
FixedParameters: 0 0 0

#Transform 190
Transform: AffineTransform_float_3_3
Parameters: 0.999999 0.000178774 -0.00069284 -0.000182227 0.999989 -0.00465988 0.000692158 0.00465913 0.999989 0.086883 0.291179 -0.180078
FixedParameters: 0 0 0

#Transform 191
