# transform file /out/sourcedata/freesurfer/sub-v2s11x28720_ses-1/mri/transforms/cc_up.lta
# created by oesteban on Tue Mar 10 23:35:11 2026

type      = 0 # LINEAR_VOX_TO_VOX
nxforms   = 1
mean      = 160.0000 155.0000 160.0000
sigma     = 10000.0000
1 4 4
9.989112019538879e-01 3.557273745536804e-02 -3.018356673419476e-02 -3.194183349609375e+01 
-3.555650636553764e-02 9.993671178817749e-01 1.074391882866621e-03 5.612115383148193e+00 
3.020268306136131e-02 0.000000000000000e+00 9.995439052581787e-01 -3.477038192749023e+01 
0.000000000000000e+00 0.000000000000000e+00 0.000000000000000e+00 1.000000000000000e+00 
src volume info
valid = 1  # volume info valid
filename = /out/sourcedata/freesurfer/sub-v2s11x28720_ses-1/mri/norm.mgz
volume = 320 320 320
voxelsize = 7.999999523162842e-01 7.999999523162842e-01 7.999999523162842e-01
xras   = -9.999999403953552e-01 0.000000000000000e+00 0.000000000000000e+00
yras   = 0.000000000000000e+00 0.000000000000000e+00 -9.999999403953552e-01
zras   = 0.000000000000000e+00 9.999999403953552e-01 0.000000000000000e+00
cras   = -9.204101562500000e-01 6.301208496093750e+00 1.405072784423828e+01
dst volume info
valid = 1  # volume info valid
filename = /out/sourcedata/freesurfer/sub-v2s11x28720_ses-1/mri/norm.mgz
volume = 320 320 320
voxelsize = 7.999999523162842e-01 7.999999523162842e-01 7.999999523162842e-01
xras   = -9.999999403953552e-01 0.000000000000000e+00 0.000000000000000e+00
yras   = 0.000000000000000e+00 0.000000000000000e+00 -9.999999403953552e-01
zras   = 0.000000000000000e+00 9.999999403953552e-01 0.000000000000000e+00
cras   = -9.204101562500000e-01 6.301208496093750e+00 1.405072784423828e+01
