# transform file /out/sourcedata/freesurfer/sub-v2s11x28695_ses-1/mri/transforms/cc_up.lta
# created by oesteban on Tue Mar 10 20:41:09 2026

type      = 0 # LINEAR_VOX_TO_VOX
nxforms   = 1
mean      = 158.0000 157.0000 159.0000
sigma     = 10000.0000
1 4 4
9.969659447669983e-01 7.482298463582993e-02 2.145872078835964e-02 -4.122672653198242e+01 
-7.480566203594208e-02 9.971968531608582e-01 -1.610119012184441e-03 1.040723896026611e+01 
-2.151904255151749e-02 1.164153218269348e-10 9.997684955596924e-01 -1.957065773010254e+01 
0.000000000000000e+00 0.000000000000000e+00 0.000000000000000e+00 1.000000000000000e+00 
src volume info
valid = 1  # volume info valid
filename = /out/sourcedata/freesurfer/sub-v2s11x28695_ses-1/mri/norm.mgz
volume = 320 320 320
voxelsize = 7.999999523162842e-01 7.999999523162842e-01 7.999999523162842e-01
xras   = -9.999999403953552e-01 0.000000000000000e+00 0.000000000000000e+00
yras   = 0.000000000000000e+00 0.000000000000000e+00 -9.999999403953552e-01
zras   = 0.000000000000000e+00 9.999999403953552e-01 0.000000000000000e+00
cras   = -9.204101562500000e-01 -1.452587127685547e+01 -3.680004119873047e+01
dst volume info
valid = 1  # volume info valid
filename = /out/sourcedata/freesurfer/sub-v2s11x28695_ses-1/mri/norm.mgz
volume = 320 320 320
voxelsize = 7.999999523162842e-01 7.999999523162842e-01 7.999999523162842e-01
xras   = -9.999999403953552e-01 0.000000000000000e+00 0.000000000000000e+00
yras   = 0.000000000000000e+00 0.000000000000000e+00 -9.999999403953552e-01
zras   = 0.000000000000000e+00 9.999999403953552e-01 0.000000000000000e+00
cras   = -9.204101562500000e-01 -1.452587127685547e+01 -3.680004119873047e+01
