# transform file /out/sourcedata/freesurfer/sub-v2s11x28692_ses-1/mri/transforms/cc_up.lta
# created by oesteban on Tue Mar 10 20:41:57 2026

type      = 0 # LINEAR_VOX_TO_VOX
nxforms   = 1
mean      = 162.0000 165.0000 151.0000
sigma     = 10000.0000
1 4 4
9.991421699523926e-01 -3.537225350737572e-02 -2.153768949210644e-02 -2.312438201904297e+01 
3.536403924226761e-02 9.993742108345032e-01 -7.623137207701802e-04 -1.743662452697754e+01 
2.155117690563202e-02 5.820766785236131e-11 9.997678399085999e-01 -1.839974594116211e+01 
0.000000000000000e+00 0.000000000000000e+00 0.000000000000000e+00 1.000000000000000e+00 
src volume info
valid = 1  # volume info valid
filename = /out/sourcedata/freesurfer/sub-v2s11x28692_ses-1/mri/norm.mgz
volume = 320 320 320
voxelsize = 7.999999523162842e-01 7.999999523162842e-01 7.999999523162842e-01
xras   = -9.999999403953552e-01 0.000000000000000e+00 0.000000000000000e+00
yras   = 0.000000000000000e+00 0.000000000000000e+00 -9.999999403953552e-01
zras   = 0.000000000000000e+00 9.999999403953552e-01 0.000000000000000e+00
cras   = 3.922180175781250e+00 -4.351066589355469e+00 -4.864677429199219e+00
dst volume info
valid = 1  # volume info valid
filename = /out/sourcedata/freesurfer/sub-v2s11x28692_ses-1/mri/norm.mgz
volume = 320 320 320
voxelsize = 7.999999523162842e-01 7.999999523162842e-01 7.999999523162842e-01
xras   = -9.999999403953552e-01 0.000000000000000e+00 0.000000000000000e+00
yras   = 0.000000000000000e+00 0.000000000000000e+00 -9.999999403953552e-01
zras   = 0.000000000000000e+00 9.999999403953552e-01 0.000000000000000e+00
cras   = 3.922180175781250e+00 -4.351066589355469e+00 -4.864677429199219e+00
