# transform file transforms/talairach.lta
# created by oesteban on Tue Mar 10 18:42:20 2026

type      = 0 # LINEAR_VOX_TO_VOX
nxforms   = 1
mean      = 162.0000 166.0000 151.0000
sigma     = 10000.0000
1 4 4
7.982510328292847e-01 -5.022387206554413e-02 -2.655723877251148e-02 1.153006267547607e+01 
4.441643133759499e-02 8.708146214485168e-01 1.698552444577217e-02 -2.972659301757812e+01 
2.610342577099800e-02 -2.148583531379700e-02 7.527110576629639e-01 -4.781361579895020e+00 
0.000000000000000e+00 0.000000000000000e+00 0.000000000000000e+00 1.000000000000000e+00 
src volume info
valid = 1  # volume info valid
filename = nu.mgz
volume = 320 320 320
voxelsize = 7.999999523162842e-01 7.999999523162842e-01 7.999999523162842e-01
xras   = -9.999999403953552e-01 0.000000000000000e+00 0.000000000000000e+00
yras   = 0.000000000000000e+00 0.000000000000000e+00 -9.999999403953552e-01
zras   = 0.000000000000000e+00 9.999999403953552e-01 0.000000000000000e+00
cras   = 3.922180175781250e+00 -4.351066589355469e+00 -4.864677429199219e+00
dst volume info
valid = 1  # volume info valid
filename = /opt/freesurfer/average/RB_all_2020-01-02.gca
volume = 256 256 256
voxelsize = 1.000000000000000e+00 1.000000000000000e+00 1.000000000000000e+00
xras   = -1.000000000000000e+00 0.000000000000000e+00 0.000000000000000e+00
yras   = 0.000000000000000e+00 0.000000000000000e+00 -1.000000000000000e+00
zras   = 0.000000000000000e+00 1.000000000000000e+00 0.000000000000000e+00
cras   = 0.000000000000000e+00 0.000000000000000e+00 0.000000000000000e+00
