# transform file /out/sourcedata/freesurfer/sub-v2s11x28730_ses-1/mri/transforms/cc_up.lta
# created by oesteban on Wed Mar 11 00:32:47 2026

type      = 0 # LINEAR_VOX_TO_VOX
nxforms   = 1
mean      = 164.0000 159.0000 156.0000
sigma     = 10000.0000
1 4 4
9.982470273971558e-01 4.226883873343468e-02 -4.142726957798004e-02 -3.727876663208008e+01 
-4.223248735070229e-02 9.991062283515930e-01 1.752648851834238e-03 -1.118050861358643e+01 
4.146432504057884e-02 1.164153218269348e-10 9.991399645805359e-01 -1.668612289428711e+01 
0.000000000000000e+00 0.000000000000000e+00 0.000000000000000e+00 1.000000000000000e+00 
src volume info
valid = 1  # volume info valid
filename = /out/sourcedata/freesurfer/sub-v2s11x28730_ses-1/mri/norm.mgz
volume = 320 320 320
voxelsize = 7.999999523162842e-01 7.999999523162842e-01 7.999999523162842e-01
xras   = -9.999999403953552e-01 0.000000000000000e+00 0.000000000000000e+00
yras   = 0.000000000000000e+00 0.000000000000000e+00 -9.999999403953552e-01
zras   = 0.000000000000000e+00 9.999999403953552e-01 0.000000000000000e+00
cras   = 2.193603515625000e+00 3.028625488281250e+00 4.228592681884766e+01
dst volume info
valid = 1  # volume info valid
filename = /out/sourcedata/freesurfer/sub-v2s11x28730_ses-1/mri/norm.mgz
volume = 320 320 320
voxelsize = 7.999999523162842e-01 7.999999523162842e-01 7.999999523162842e-01
xras   = -9.999999403953552e-01 0.000000000000000e+00 0.000000000000000e+00
yras   = 0.000000000000000e+00 0.000000000000000e+00 -9.999999403953552e-01
zras   = 0.000000000000000e+00 9.999999403953552e-01 0.000000000000000e+00
cras   = 2.193603515625000e+00 3.028625488281250e+00 4.228592681884766e+01
