# transform file transforms/talairach.lta
# created by oesteban on Tue Mar 10 22:23:37 2026

type      = 0 # LINEAR_VOX_TO_VOX
nxforms   = 1
mean      = 164.0000 160.0000 156.0000
sigma     = 10000.0000
1 4 4
7.969455718994141e-01 -3.636804467532784e-04 -1.884565316140652e-02 -2.138279676437378e+00 
-2.861797838704661e-05 9.732423424720764e-01 -1.869491674005985e-02 -3.802243041992188e+01 
1.966977491974831e-02 2.369094640016556e-02 7.634131312370300e-01 -1.613919067382812e+01 
0.000000000000000e+00 0.000000000000000e+00 0.000000000000000e+00 1.000000000000000e+00 
src volume info
valid = 1  # volume info valid
filename = nu.mgz
volume = 320 320 320
voxelsize = 7.999999523162842e-01 7.999999523162842e-01 7.999999523162842e-01
xras   = -9.999999403953552e-01 0.000000000000000e+00 0.000000000000000e+00
yras   = 0.000000000000000e+00 0.000000000000000e+00 -9.999999403953552e-01
zras   = 0.000000000000000e+00 9.999999403953552e-01 0.000000000000000e+00
cras   = 2.193603515625000e+00 3.028625488281250e+00 4.228592681884766e+01
dst volume info
valid = 1  # volume info valid
filename = /opt/freesurfer/average/RB_all_2020-01-02.gca
volume = 256 256 256
voxelsize = 1.000000000000000e+00 1.000000000000000e+00 1.000000000000000e+00
xras   = -1.000000000000000e+00 0.000000000000000e+00 0.000000000000000e+00
yras   = 0.000000000000000e+00 0.000000000000000e+00 -1.000000000000000e+00
zras   = 0.000000000000000e+00 1.000000000000000e+00 0.000000000000000e+00
cras   = 0.000000000000000e+00 0.000000000000000e+00 0.000000000000000e+00
