#Insight Transform File V1.0
#Transform 0
Transform: AffineTransform_float_3_3
Parameters: 0.999999 0.000563417 0.000531682 -0.000564581 0.999996 0.0029817 -0.000529318 -0.0029823 0.999995 -0.0380431 -0.124183 -0.0390271
FixedParameters: 0 0 0

#Transform 1
Transform: AffineTransform_float_3_3
Parameters: 1 0.000546526 0.000185401 -0.000546474 0.999996 0.0025619 -0.0001846 -0.0025621 0.999996 -0.0526501 -0.168788 0.0110787
FixedParameters: 0 0 0

#Transform 2
Transform: AffineTransform_float_3_3
Parameters: 1 0.000546363 0.000234491 -0.000546639 0.999996 0.00272687 -0.000233511 -0.00272613 0.999997 -0.0529602 -0.143159 0.0719281
FixedParameters: 0 0 0

#Transform 3
Transform: AffineTransform_float_3_3
Parameters: 1 0.000174482 0.000158572 -0.000175516 0.999994 0.00327497 -0.000157426 -0.00327503 0.999994 -0.0369897 -0.146109 0.100727
FixedParameters: 0 0 0

#Transform 4
Transform: AffineTransform_float_3_3
Parameters: 1 0.000505045 0.000340421 -0.000505956 0.999996 0.00281083 -0.000339579 -0.00281117 0.999996 -0.0311334 -0.00750431 0.0330656
FixedParameters: 0 0 0

#Transform 5
Transform: AffineTransform_float_3_3
Parameters: 1 0.000574792 7.46223e-05 -0.000575206 0.999996 0.00282196 -7.2377e-05 -0.00282204 0.999996 -0.011786 0.00628468 -0.0557444
FixedParameters: 0 0 0

#Transform 6
Transform: AffineTransform_float_3_3
Parameters: 0.999999 0.000573034 0.00076348 -0.000574968 0.999997 0.00257756 -0.00076252 -0.00257844 0.999997 -0.0339386 -0.128362 0.00597386
FixedParameters: 0 0 0

#Transform 7
Transform: AffineTransform_float_3_3
Parameters: 1 0.000304917 0.00040382 -0.000306083 0.999997 0.00268388 -0.00040318 -0.00268413 0.999997 -0.030226 -0.161936 0.0721504
FixedParameters: 0 0 0

#Transform 8
Transform: AffineTransform_float_3_3
Parameters: 1 -1.96114e-05 0.000206943 1.93884e-05 0.999995 0.002954 -0.000207058 -0.00295399 0.999995 -0.00835965 -0.199282 0.111027
FixedParameters: 0 0 0

#Transform 9
Transform: AffineTransform_float_3_3
Parameters: 1 0.000313851 7.36395e-05 -0.000314148 0.999998 0.00203698 -7.23602e-05 -0.00203702 0.999998 -0.0126067 -0.0743006 0.0224796
FixedParameters: 0 0 0

#Transform 10
Transform: AffineTransform_float_3_3
Parameters: 1 0.000553881 7.38984e-05 -0.000554119 0.999998 0.00162196 -7.31013e-05 -0.00162204 0.999998 -0.011708 -0.0691795 -0.0707344
FixedParameters: 0 0 0

#Transform 11
Transform: AffineTransform_float_3_3
Parameters: 0.999999 0.000670513 0.00024434 -0.000670486 0.999998 0.00199784 -0.000242661 -0.00199816 0.999998 -0.0264704 -0.133651 -0.0183664
FixedParameters: 0 0 0

#Transform 12
Transform: AffineTransform_float_3_3
Parameters: 1 0.000388312 0.000309864 -0.000388688 0.999998 0.00222288 -0.000309137 -0.00222312 0.999998 -0.0335539 -0.172928 0.0497371
FixedParameters: 0 0 0

#Transform 13
Transform: AffineTransform_float_3_3
Parameters: 1 0.00012583 6.23443e-05 -0.000126172 0.999997 0.00273399 -6.26553e-05 -0.00273401 0.999997 -0.00853774 -0.178332 0.0971983
FixedParameters: 0 0 0

#Transform 14
Transform: AffineTransform_float_3_3
Parameters: 1 -0.000183127 6.16223e-05 0.000182872 0.999998 0.00206301 -6.23774e-05 -0.00206299 0.999998 0.0124465 -0.0719761 0.0579145
FixedParameters: 0 0 0

#Transform 15
Transform: AffineTransform_float_3_3
Parameters: 1 0.000388875 6.27775e-05 -0.000388125 0.999998 0.00199898 -6.22243e-05 -0.00199902 0.999998 0.00222706 0.0024993 -0.00975784
FixedParameters: 0 0 0

#Transform 16
Transform: AffineTransform_float_3_3
Parameters: 1 0.000334051 -2.94295e-05 -0.00033395 0.999998 0.00170801 2.95704e-05 -0.00170799 0.999998 -0.0154238 0.00692552 -0.0708105
FixedParameters: 0 0 0

#Transform 17
Transform: AffineTransform_float_3_3
Parameters: 1 0.000388796 0.000152521 -0.000388203 0.999999 0.00133994 -0.00015148 -0.00134006 0.999999 -0.0221281 -0.162143 0.0496015
FixedParameters: 0 0 0

#Transform 18
Transform: AffineTransform_float_3_3
Parameters: 1 -0.000129949 -4.41492e-05 0.00013005 1 0.001148 4.38507e-05 -0.00114801 1 -0.0205713 -0.131586 0.0774082
FixedParameters: 0 0 0

#Transform 19
Transform: AffineTransform_float_3_3
Parameters: 1 -0.000499947 -4.36075e-05 0.000500053 0.999999 0.00121498 4.33925e-05 -0.00121502 1 0.00324244 -0.114611 0.0864295
FixedParameters: 0 0 0

#Transform 20
Transform: AffineTransform_float_3_3
Parameters: 1 -0.000436973 -8.51389e-05 0.000437027 1 0.000317963 8.48614e-05 -0.000317037 1 -0.00201079 -0.0344127 0.0218971
FixedParameters: 0 0 0

#Transform 21
Transform: AffineTransform_float_3_3
Parameters: 1 -0.000100002 3.49932e-05 9.99976e-05 1 6.80035e-05 -3.50068e-05 -6.79965e-05 1 0.0120701 0.0313252 -0.0558768
FixedParameters: 0 0 0

#Transform 22
Transform: AffineTransform_float_3_3
Parameters: 1 0.000237859 0.000293115 -0.000237141 1 0.00048193 -0.000292886 -0.00048207 1 -0.0181911 -0.102214 -0.00576972
FixedParameters: 0 0 0

#Transform 23
Transform: AffineTransform_float_3_3
Parameters: 1 -0.000435098 9.25401e-05 0.000434903 1 0.00105704 -9.24597e-05 -0.00105696 0.999999 0.0140834 -0.146061 0.0677388
FixedParameters: 0 0 0

#Transform 24
Transform: AffineTransform_float_3_3
Parameters: 1 -0.000477144 0.000227697 0.000476855 0.999999 0.000634108 -0.000228303 -0.000634891 1 0.0134424 -0.134782 0.0721229
FixedParameters: 0 0 0

#Transform 25
Transform: AffineTransform_float_3_3
Parameters: 1 -0.000445979 -0.000109086 0.000446021 1 0.000193951 0.000108913 -0.000194049 1 0.0213735 -0.0446572 0.0240983
FixedParameters: 0 0 0

#Transform 26
Transform: AffineTransform_float_3_3
Parameters: 1 -0.000398234 -0.000354737 0.000397766 0.999999 -0.000659141 0.000355262 0.000659858 0.999999 0.0271092 -0.0103297 -0.0576845
FixedParameters: 0 0 0

#Transform 27
Transform: AffineTransform_float_3_3
Parameters: 1 -6.59329e-05 6.70659e-05 6.60669e-05 0.999999 -0.000999995 -6.69339e-05 0.001 0.999999 0.01148 -0.0356078 -0.0752101
FixedParameters: 0 0 0

#Transform 28
Transform: AffineTransform_float_3_3
Parameters: 1 -0.00016507 0.000237951 0.00016493 1 0.000294039 -0.000238048 -0.000293961 1 0.0109293 -0.150958 0.0518863
FixedParameters: 0 0 0

#Transform 29
Transform: AffineTransform_float_3_3
Parameters: 1 -0.00048098 -0.000431022 0.00048102 1 4.57927e-05 0.000430978 -4.62073e-05 1 0.0181728 -0.141817 0.0721224
FixedParameters: 0 0 0

#Transform 30
Transform: AffineTransform_float_3_3
Parameters: 0.999999 -0.000703574 -0.000431695 0.000704426 1 0.000987697 0.000431304 -0.000988304 1 0.0346151 -0.10128 0.0957821
FixedParameters: 0 0 0

#Transform 31
Transform: AffineTransform_float_3_3
Parameters: 0.999999 -0.000630319 -0.000430533 0.000629681 0.999999 -0.000741271 0.000430466 0.000740728 0.999999 0.0335779 -0.00470551 0.00802545
FixedParameters: 0 0 0

#Transform 32
Transform: AffineTransform_float_3_3
Parameters: 0.999999 -0.000687149 -0.000181439 0.000686851 1 -0.000817125 0.000182561 0.000816875 0.999999 0.0307374 -0.00277452 -0.0699854
FixedParameters: 0 0 0

#Transform 33
Transform: AffineTransform_float_3_3
Parameters: 1 -0.000416882 0.000130377 0.000417117 0.999999 -0.000903945 -0.000129623 0.000904053 0.999999 0.0137178 -0.138283 0.0089555
FixedParameters: 0 0 0

#Transform 34
Transform: AffineTransform_float_3_3
Parameters: 1 -0.000365301 -0.000560456 0.000365699 0.999999 0.0012468 0.000560544 -0.00124721 0.999999 0.0184065 -0.102257 0.0753941
FixedParameters: 0 0 0

#Transform 35
Transform: AffineTransform_float_3_3
Parameters: 1 -0.000514062 -0.000165808 0.000513938 1 -0.000373085 0.000166192 0.000372915 1 0.0167048 -0.109617 0.0793772
FixedParameters: 0 0 0

#Transform 36
Transform: AffineTransform_float_3_3
Parameters: 1 -0.000481738 -0.000513308 0.000481261 0.999999 -0.00143625 0.000514692 0.00143675 0.999999 0.0338104 -0.0438173 0.00606675
FixedParameters: 0 0 0

#Transform 37
Transform: AffineTransform_float_3_3
Parameters: 0.999999 0.000737509 0.000339898 -0.00073749 0.999998 -0.00149525 -0.000341103 0.00149575 0.999999 0.0167287 0.0102386 -0.0474812
FixedParameters: 0 0 0

#Transform 38
Transform: AffineTransform_float_3_3
Parameters: 0.999999 0.000737393 0.000242809 -0.000737608 0.999999 -0.00161518 -0.000243191 0.00161482 0.999998 0.00445963 -0.0550668 -0.0283857
FixedParameters: 0 0 0

#Transform 39
Transform: AffineTransform_float_3_3
Parameters: 1 -0.000231977 7.30738e-05 0.000232023 1 -0.000317983 -7.29262e-05 0.000318017 1 0.0169147 -0.13535 0.0487803
FixedParameters: 0 0 0

#Transform 40
Transform: AffineTransform_float_3_3
Parameters: 1 -0.00053207 -3.08215e-05 0.00053193 0.999998 -0.00221502 3.21783e-05 0.00221498 0.999997 0.0331548 -0.131576 0.0325189
FixedParameters: 0 0 0

#Transform 41
Transform: AffineTransform_float_3_3
Parameters: 1 -0.000537015 -5.73427e-06 0.000536984 0.999997 -0.002357 7.26569e-06 0.002357 0.999997 0.0504855 -0.0526407 0.000330248
FixedParameters: 0 0 0

#Transform 42
Transform: AffineTransform_float_3_3
Parameters: 1 -0.000342745 -0.000470457 0.000342255 0.999998 -0.00158416 0.000470542 0.00158384 0.999998 0.0348375 0.00180153 -0.0299494
FixedParameters: 0 0 0

#Transform 43
Transform: AffineTransform_float_3_3
Parameters: 1 4.44362e-05 -0.000471054 -4.45638e-05 1 -0.00119698 0.000470947 0.00119702 0.999999 0.022826 -0.049297 -0.0273972
FixedParameters: 0 0 0

#Transform 44
Transform: AffineTransform_float_3_3
Parameters: 1 -0.000536998 7.50118e-05 0.000537001 1 -2.19597e-05 -7.49887e-05 2.10403e-05 1 0.0137911 -0.156392 0.0784754
FixedParameters: 0 0 0

#Transform 45
Transform: AffineTransform_float_3_3
Parameters: 1 -0.000680017 -5.07742e-05 0.000679983 0.999999 -0.000332034 5.12257e-05 0.000331965 1 0.019482 -0.129589 0.0866163
FixedParameters: 0 0 0

#Transform 46
Transform: AffineTransform_float_3_3
Parameters: 1 -0.00053689 -0.00036716 0.000537109 1 0.000298803 0.000366839 -0.000299197 1 0.0356626 -0.0894993 0.0922125
FixedParameters: 0 0 0

#Transform 47
Transform: AffineTransform_float_3_3
Parameters: 1 -0.000537826 -0.000365788 0.000537173 0.999998 -0.0022552 0.000367212 0.0022548 0.999998 0.0356496 0.00971214 -0.0175388
FixedParameters: 0 0 0

#Transform 48
Transform: AffineTransform_float_3_3
Parameters: 1 -0.000361335 -0.000164265 0.000361666 0.999998 -0.00203406 0.000164736 0.00203394 0.999998 0.024271 -0.00671254 -0.068836
FixedParameters: 0 0 0

#Transform 49
Transform: AffineTransform_float_3_3
Parameters: 1 -0.000537204 -0.000131164 0.000536795 0.999998 -0.00155607 0.000131835 0.00155593 0.999999 0.00869329 -0.121634 0.0322175
FixedParameters: 0 0 0

#Transform 50
Transform: AffineTransform_float_3_3
Parameters: 1 -0.000626283 -0.000187053 0.000625716 0.999998 -0.00151312 0.000187947 0.00151288 0.999999 0.0148379 -0.113104 0.0415925
FixedParameters: 0 0 0

#Transform 51
Transform: AffineTransform_float_3_3
Parameters: 0.999999 -0.000869179 -0.00030349 0.000869821 1 -0.000587264 0.000304511 0.000587736 1 0.0417397 -0.0929231 0.0924471
FixedParameters: 0 0 0

#Transform 52
Transform: AffineTransform_float_3_3
Parameters: 0.999999 -0.000699313 -0.000112064 0.000699687 0.999996 -0.00276908 0.000113938 0.00276892 0.999996 0.0349941 -0.00192511 -0.0084692
FixedParameters: 0 0 0

#Transform 53
Transform: AffineTransform_float_3_3
Parameters: 1 -0.000537306 -0.000120643 0.000536692 0.999996 -0.00252706 0.000122357 0.00252793 0.999997 0.0439183 0.0479364 -0.0881918
FixedParameters: 0 0 0

#Transform 54
Transform: AffineTransform_float_3_3
Parameters: 1 -0.000271824 -0.00038542 0.000271174 0.999997 -0.0021371 0.00038658 0.00213689 0.999997 0.0284291 -0.0700925 -0.0346611
FixedParameters: 0 0 0

#Transform 55
Transform: AffineTransform_float_3_3
Parameters: 1 -0.000537716 -0.000391018 0.000537285 0.999998 -0.00182721 0.000391983 0.00182779 0.999999 0.0241294 -0.111761 0.009737
FixedParameters: 0 0 0

#Transform 56
Transform: AffineTransform_float_3_3
Parameters: 1 -0.000783961 -0.000564669 0.000783039 0.999998 -0.00169944 0.000566332 0.00169856 0.999999 0.0391116 -0.123339 0.0512052
FixedParameters: 0 0 0

#Transform 57
Transform: AffineTransform_float_3_3
Parameters: 0.999999 -0.000630217 -0.000631788 0.000628782 0.999998 -0.0019254 0.000633211 0.0019246 0.999998 0.0383404 -0.0452997 0.0256816
FixedParameters: 0 0 0

#Transform 58
Transform: AffineTransform_float_3_3
Parameters: 0.999999 -0.000701541 -0.00063129 0.000699456 0.999997 -0.00243944 0.000633707 0.00243856 0.999997 0.0389207 0.0169096 -0.0354427
FixedParameters: 0 0 0

#Transform 59
Transform: AffineTransform_float_3_3
Parameters: 1 -0.000389859 -0.00039816 0.000389139 0.999997 -0.00215615 0.00039984 0.00215584 0.999997 0.026116 -0.0101721 -0.0370972
FixedParameters: 0 0 0

#Transform 60
Transform: AffineTransform_float_3_3
Parameters: 1 -0.000537635 -0.000326958 0.000536364 0.999998 -0.00194018 0.000328042 0.00194082 0.999998 0.0273003 -0.0931388 0.0218219
FixedParameters: 0 0 0

#Transform 61
Transform: AffineTransform_float_3_3
Parameters: 0.999999 -0.000936828 -0.000474367 0.00093617 0.999998 -0.00174445 0.000476633 0.00174356 0.999999 0.0394812 -0.112175 0.0801296
FixedParameters: 0 0 0

#Transform 62
Transform: AffineTransform_float_3_3
Parameters: 0.999999 -0.00125002 -0.000378664 0.00124898 0.999995 -0.00267048 0.000382336 0.00266952 0.999997 0.0585913 -0.0923078 0.0730974
FixedParameters: 0 0 0

#Transform 63
Transform: AffineTransform_float_3_3
Parameters: 0.999999 -0.000731251 -8.38394e-05 0.000730752 0.999996 -0.00295506 8.51597e-05 0.00295494 0.999995 0.062426 -0.00561305 0.0159779
FixedParameters: 0 0 0

#Transform 64
Transform: AffineTransform_float_3_3
Parameters: 1 -0.000536658 0.000105747 0.000536339 0.999994 -0.00325394 -0.000103255 0.00325405 0.999994 0.0496856 0.0144622 -0.0566247
FixedParameters: 0 0 0

#Transform 65
Transform: AffineTransform_float_3_3
Parameters: 1 -0.000536847 6.52666e-05 0.000537152 0.999997 -0.00235897 -6.3733e-05 0.00235904 0.999997 0.0300982 -0.0865058 -0.00362866
FixedParameters: 0 0 0

#Transform 66
Transform: AffineTransform_float_3_3
Parameters: 1 -0.000602835 7.43536e-05 0.000603165 0.999998 -0.00224496 -7.26461e-05 0.00224505 0.999998 0.030216 -0.14372 0.0503638
FixedParameters: 0 0 0

#Transform 67
Transform: AffineTransform_float_3_3
Parameters: 0.999999 -0.000716059 -2.21691e-05 0.000715942 0.999997 -0.00255702 2.38307e-05 0.00255698 0.999996 0.0239405 -0.108403 0.0688299
FixedParameters: 0 0 0

#Transform 68
Transform: AffineTransform_float_3_3
Parameters: 0.999999 -0.000891102 -4.81403e-05 0.000890898 0.999998 -0.00208704 4.98594e-05 0.00208696 0.999998 0.035168 -0.125533 0.118036
FixedParameters: 0 0 0

#Transform 69
Transform: AffineTransform_float_3_3
Parameters: 0.999999 -0.000791669 0.000116275 0.000792332 0.999995 -0.00287291 -0.000114724 0.00287309 0.999996 0.0515144 0.00858831 0.0418944
FixedParameters: 0 0 0

#Transform 70
Transform: AffineTransform_float_3_3
Parameters: 1 -0.000587536 0.000151807 0.000587465 0.999995 -0.00307491 -0.000150194 0.00307509 0.999996 0.0497545 0.0231812 -0.00604948
FixedParameters: 0 0 0

#Transform 71
Transform: AffineTransform_float_3_3
Parameters: 1 0.000155753 0.000549506 -0.000153246 0.999995 -0.00318808 -0.000550491 0.00318791 0.999995 0.0105098 -0.0443257 0.00581318
FixedParameters: 0 0 0

#Transform 72
Transform: AffineTransform_float_3_3
Parameters: 1 0.000438154 5.06866e-05 -0.000437848 0.999996 -0.00299802 -5.13129e-05 0.00299798 0.999995 -0.0102102 -0.145368 0.0875618
FixedParameters: 0 0 0

#Transform 73
Transform: AffineTransform_float_3_3
Parameters: 1 0.000157537 0.00030172 -0.000157463 0.999999 -0.00177805 -0.000302281 0.00177795 0.999999 -0.00984995 -0.173524 0.162704
FixedParameters: 0 0 0

#Transform 74
Transform: AffineTransform_float_3_3
Parameters: 0.999999 -0.000783128 -4.58653e-05 0.000782871 0.999996 -0.00272604 4.81343e-05 0.00272596 0.999997 0.00313896 -0.125767 0.190397
FixedParameters: 0 0 0

#Transform 75
Transform: AffineTransform_float_3_3
Parameters: 0.999999 -0.000686494 0.000281239 0.000686506 0.999998 -0.00180381 -0.000279762 0.00180419 0.999999 -0.00332843 -0.0967297 0.226165
FixedParameters: 0 0 0

#Transform 76
Transform: AffineTransform_float_3_3
Parameters: 0.999999 -0.000927911 4.10517e-05 0.000928088 0.999997 -0.00221096 -3.8948e-05 0.00221104 0.999997 0.0234346 -0.0821476 0.229749
FixedParameters: 0 0 0

#Transform 77
Transform: AffineTransform_float_3_3
Parameters: 1 -0.0006618 5.16258e-05 0.000662197 0.999992 -0.00396697 -4.83734e-05 0.00396703 0.999992 0.038487 0.0218418 0.115754
FixedParameters: 0 0 0

#Transform 78
Transform: AffineTransform_float_3_3
Parameters: 1 -0.000554577 0.000111133 0.000555423 0.999993 -0.00384494 -0.000108865 0.00384506 0.999992 0.0397308 -0.0258444 0.044522
FixedParameters: 0 0 0

#Transform 79
Transform: AffineTransform_float_3_3
Parameters: 0.999999 0.000574916 0.000501813 -0.000573083 0.999992 -0.00381029 -0.000504187 0.00380971 0.999992 -0.0087741 -0.103884 0.0673635
FixedParameters: 0 0 0

#Transform 80
Transform: AffineTransform_float_3_3
Parameters: 1 0.000533105 0.000322178 -0.000531891 0.999994 -0.00342217 -0.000324822 0.00342183 0.999994 -0.0186467 -0.177938 0.114477
FixedParameters: 0 0 0

#Transform 81
Transform: AffineTransform_float_3_3
Parameters: 1 -0.000263689 0.000365948 0.000264311 0.999993 -0.0035879 -0.000365054 0.00358809 0.999993 0.00236376 -0.163262 0.131902
FixedParameters: 0 0 0

#Transform 82
Transform: AffineTransform_float_3_3
Parameters: 1 0.000366199 0.000329673 -0.0003648 0.999994 -0.00363012 -0.000331326 0.00362988 0.999994 -0.0226383 -0.12191 0.132451
FixedParameters: 0 0 0

#Transform 83
Transform: AffineTransform_float_3_3
Parameters: 0.999999 0.00067781 0.000424119 -0.000676189 0.99999 -0.00425529 -0.000426881 0.00425471 0.999991 -0.0143538 -0.0238777 0.0645286
FixedParameters: 0 0 0

#Transform 84
Transform: AffineTransform_float_3_3
Parameters: 0.999999 0.000765549 0.000322346 -0.000764453 0.999989 -0.00477725 -0.000325655 0.00477675 0.999988 -0.0115313 0.0639911 -0.0120952
FixedParameters: 0 0 0

#Transform 85
Transform: AffineTransform_float_3_3
Parameters: 0.999999 0.000924637 0.000131596 -0.000924365 0.999988 -0.00476412 -0.000135405 0.00476388 0.999988 -0.0313902 -0.0112113 -0.0275098
FixedParameters: 0 0 0

#Transform 86
Transform: AffineTransform_float_3_3
Parameters: 1 0.00116649 0.000369318 -0.00116551 0.999992 -0.00401643 -0.000373685 0.00401657 0.999992 -0.0430555 -0.0910804 0.0375515
FixedParameters: 0 0 0

#Transform 87
Transform: AffineTransform_float_3_3
Parameters: 0.999999 0.000685802 0.000197229 -0.000684194 0.999991 -0.00404213 -0.000200767 0.00404186 0.999992 -0.0383604 -0.0737944 0.083333
FixedParameters: 0 0 0

#Transform 88
Transform: AffineTransform_float_3_3
Parameters: 0.999999 0.000880663 0.000162449 -0.000880339 0.999992 -0.00403415 -0.000165552 0.00403386 0.999992 -0.0332557 -0.0898358 0.0885492
FixedParameters: 0 0 0

#Transform 89
Transform: AffineTransform_float_3_3
Parameters: 1 0.00102092 0.000394074 -0.00101809 0.999988 -0.0048304 -0.000398923 0.0048306 0.999989 -0.0316197 0.00800979 0.0360412
FixedParameters: 0 0 0

#Transform 90
Transform: AffineTransform_float_3_3
Parameters: 0.999999 0.0010362 3.68049e-05 -0.0010358 0.999987 -0.00501404 -4.2194e-05 0.00501396 0.999988 -0.0316909 0.0396053 -0.0347439
FixedParameters: 0 0 0

#Transform 91
Transform: AffineTransform_float_3_3
Parameters: 0.999999 0.0012144 0.000496176 -0.0012116 0.999987 -0.00480061 -0.000501823 0.0048004 0.999989 -0.0360409 -0.0296156 -0.0277895
FixedParameters: 0 0 0

#Transform 92
Transform: AffineTransform_float_3_3
Parameters: 0.999999 0.00125762 0.000362416 -0.00125638 0.99999 -0.00444346 -0.000367587 0.00444354 0.99999 -0.0438042 -0.0926148 0.0178159
FixedParameters: 0 0 0

#Transform 93
Transform: AffineTransform_float_3_3
Parameters: 1 0.00109947 0.000338257 -0.00109853 0.99999 -0.00431737 -0.000342745 0.00431662 0.99999 -0.03478 -0.10692 0.0675638
FixedParameters: 0 0 0

#Transform 94
Transform: AffineTransform_float_3_3
Parameters: 0.999999 0.000833125 0.000447062 -0.000830875 0.999989 -0.00473237 -0.000450936 0.00473163 0.999988 -0.0412351 -0.0685562 0.064814
FixedParameters: 0 0 0

#Transform 95
Transform: AffineTransform_float_3_3
Parameters: 0.999999 0.00124679 0.000362899 -0.00124521 0.999987 -0.00489746 -0.000369103 0.00489754 0.999988 -0.043551 0.0206599 0.00782116
FixedParameters: 0 0 0

#Transform 96
Transform: AffineTransform_float_3_3
Parameters: 0.999999 0.00140066 0.000523954 -0.00139834 0.999987 -0.00503574 -0.000531048 0.00503526 0.999987 -0.0459541 0.0767865 -0.0486193
FixedParameters: 0 0 0

#Transform 97
Transform: AffineTransform_float_3_3
Parameters: 0.999999 0.0012956 0.000541825 -0.0012934 0.999988 -0.00477171 -0.000548178 0.0047713 0.999989 -0.0528997 -0.00790486 -0.0539524
FixedParameters: 0 0 0

#Transform 98
Transform: AffineTransform_float_3_3
Parameters: 0.999999 0.00128206 0.000658071 -0.00127894 0.999989 -0.00463085 -0.000663929 0.00463016 0.999989 -0.0462197 -0.0916227 0.0329815
FixedParameters: 0 0 0

#Transform 99
Transform: AffineTransform_float_3_3
Parameters: 0.999999 0.00100554 0.000323238 -0.00100446 0.999989 -0.00473933 -0.000327764 0.00473967 0.999988 -0.0563169 -0.0743426 0.0521277
FixedParameters: 0 0 0

#Transform 100
Transform: AffineTransform_float_3_3
Parameters: 0.999999 0.000867148 0.000248018 -0.000865851 0.999989 -0.00459522 -0.000251981 0.00459479 0.99999 -0.0504914 -0.0632373 0.0810702
FixedParameters: 0 0 0

#Transform 101
Transform: AffineTransform_float_3_3
Parameters: 0.999999 0.00110512 0.000615422 -0.00110187 0.999986 -0.00505468 -0.000621578 0.00505432 0.999987 -0.0563453 0.0227487 0.0332737
FixedParameters: 0 0 0

#Transform 102
Transform: AffineTransform_float_3_3
Parameters: 0.999999 0.00118838 0.000635722 -0.00118462 0.999986 -0.00529076 -0.000641276 0.00529024 0.999986 -0.0517927 0.0595409 -0.0183405
FixedParameters: 0 0 0

#Transform 103
Transform: AffineTransform_float_3_3
Parameters: 0.999999 0.00145444 0.000447145 -0.00145256 0.999985 -0.00540566 -0.000454859 0.00540535 0.999986 -0.0599863 0.00774353 -0.0246431
FixedParameters: 0 0 0

#Transform 104
Transform: AffineTransform_float_3_3
Parameters: 0.999999 0.00114828 0.000471489 -0.00114572 0.999988 -0.00480454 -0.00047751 0.00480346 0.999989 -0.0624986 -0.0976627 0.0435287
FixedParameters: 0 0 0

#Transform 105
Transform: AffineTransform_float_3_3
Parameters: 1 0.000972651 0.00054429 -0.000970351 0.999988 -0.00484953 -0.000548713 0.00484947 0.999988 -0.0551509 -0.103872 0.0931879
FixedParameters: 0 0 0

#Transform 106
Transform: AffineTransform_float_3_3
Parameters: 1 0.000866922 0.000730371 -0.000863081 0.999986 -0.00535264 -0.000734631 0.00535237 0.999986 -0.0521229 -0.0359597 0.0587041
FixedParameters: 0 0 0

#Transform 107
Transform: AffineTransform_float_3_3
Parameters: 0.999998 0.00150804 0.000719586 -0.00150395 0.999984 -0.00558709 -0.000728413 0.00558591 0.999984 -0.0614257 0.0450312 -0.0101404
FixedParameters: 0 0 0

#Transform 108
Transform: AffineTransform_float_3_3
Parameters: 0.999999 0.0014213 0.000577948 -0.0014177 0.999983 -0.00567182 -0.00058605 0.00567117 0.999983 -0.0659367 0.0522396 -0.0610146
FixedParameters: 0 0 0

#Transform 109
Transform: AffineTransform_float_3_3
Parameters: 0.999999 0.00150862 0.000884158 -0.00150438 0.999986 -0.00520734 -0.000891845 0.00520566 0.999986 -0.0749684 -0.0492507 -0.0148355
FixedParameters: 0 0 0

#Transform 110
Transform: AffineTransform_float_3_3
Parameters: 0.999999 0.00135473 0.000521954 -0.00135126 0.999985 -0.00520671 -0.000529042 0.00520529 0.999987 -0.079084 -0.0809017 0.0367107
FixedParameters: 0 0 0

#Transform 111
Transform: AffineTransform_float_3_3
Parameters: 1 0.000930169 0.000606166 -0.000926828 0.999986 -0.00520657 -0.000611833 0.00520544 0.999987 -0.0676081 -0.0828291 0.0636154
FixedParameters: 0 0 0

#Transform 112
Transform: AffineTransform_float_3_3
Parameters: 0.999999 0.001207 0.00057374 -0.001204 0.999986 -0.0051937 -0.000580261 0.0051933 0.999987 -0.0705738 -0.0342284 0.0661778
FixedParameters: 0 0 0

#Transform 113
Transform: AffineTransform_float_3_3
Parameters: 1 0.000749502 0.000755561 -0.000744502 0.999982 -0.00594057 -0.000759437 0.00594044 0.999982 -0.0637721 -0.00479788 0.123797
FixedParameters: 0 0 0

#Transform 114
Transform: AffineTransform_float_3_3
Parameters: 0.999999 0.000829579 0.0011345 -0.000822426 0.999978 -0.00666394 -0.00113951 0.00666307 0.999977 -0.0815853 -0.0247761 0.154467
FixedParameters: 0 0 0

#Transform 115
Transform: AffineTransform_float_3_3
Parameters: 0.999998 -0.00165967 0.000403581 0.00166433 0.999907 -0.0135833 -0.000381428 0.0135837 0.999907 0.138143 0.208251 -0.732512
FixedParameters: 0 0 0

#Transform 116
Transform: AffineTransform_float_3_3
Parameters: 0.999996 -0.00260412 0.0015121 0.00263688 0.999751 -0.0221651 -0.00145391 0.0221689 0.999753 0.168644 0.179108 -1.43141
FixedParameters: 0 0 0

#Transform 117
Transform: AffineTransform_float_3_3
Parameters: 0.999995 -0.00242332 0.0019153 0.00246267 0.999776 -0.0209944 -0.0018637 0.0209986 0.999778 0.0685429 -0.146922 -0.679156
FixedParameters: 0 0 0

#Transform 118
Transform: AffineTransform_float_3_3
Parameters: 0.999994 -0.00240166 0.00221194 0.00245134 0.999732 -0.0230447 -0.00215607 0.0230503 0.999732 0.0569073 -0.0204804 -0.530094
FixedParameters: 0 0 0

#Transform 119
Transform: AffineTransform_float_3_3
Parameters: 0.999994 -0.00176136 0.00276033 0.00182565 0.99972 -0.0235921 -0.00271868 0.0235969 0.999718 0.0268594 0.155421 -0.720187
FixedParameters: 0 0 0

#Transform 120
Transform: AffineTransform_float_3_3
Parameters: 0.999994 -0.00173799 0.00293449 0.00180301 0.999749 -0.0223008 -0.00289451 0.0223052 0.999747 0.0276308 0.101678 -0.696653
FixedParameters: 0 0 0

#Transform 121
Transform: AffineTransform_float_3_3
Parameters: 0.999995 -0.00179407 0.00286476 0.00185294 0.999784 -0.0207028 -0.00282724 0.0207072 0.999781 0.0438728 0.0877365 -0.596218
FixedParameters: 0 0 0

#Transform 122
Transform: AffineTransform_float_3_3
Parameters: 0.999997 -0.00191678 0.00163251 0.00195321 0.999746 -0.0224839 -0.00158848 0.0224871 0.999746 0.0301869 0.113824 -0.572755
FixedParameters: 0 0 0

#Transform 123
Transform: AffineTransform_float_3_3
Parameters: 0.999997 -0.00173012 0.00200426 0.00177887 0.999694 -0.0246485 -0.00196075 0.0246525 0.999694 -0.00916783 0.240922 -0.61758
FixedParameters: 0 0 0

#Transform 124
Transform: AffineTransform_float_3_3
Parameters: 0.999996 -0.000767618 0.0026445 0.000835395 0.999672 -0.0255739 -0.00262449 0.0255761 0.99967 -0.0397046 0.286456 -0.709136
FixedParameters: 0 0 0

#Transform 125
Transform: AffineTransform_float_3_3
Parameters: 0.999997 -0.000788549 0.00259381 0.000854455 0.999679 -0.0253299 -0.00257318 0.0253321 0.999676 -0.047855 0.166745 -0.669205
FixedParameters: 0 0 0

#Transform 126
Transform: AffineTransform_float_3_3
Parameters: 0.999996 -0.00100422 0.00238264 0.00106379 0.999692 -0.0247985 -0.00235734 0.0248004 0.999689 -0.055622 0.0934159 -0.603377
FixedParameters: 0 0 0

#Transform 127
Transform: AffineTransform_float_3_3
Parameters: 0.999997 -0.00108032 0.0022165 0.00113469 0.999692 -0.0248186 -0.00218951 0.0248204 0.999689 -0.0461163 0.0620339 -0.574554
FixedParameters: 0 0 0

#Transform 128
Transform: AffineTransform_float_3_3
Parameters: 0.999997 -0.00111855 0.00224206 0.00117545 0.999679 -0.0253375 -0.00221293 0.0253396 0.999677 -0.0461761 0.148112 -0.600769
FixedParameters: 0 0 0

#Transform 129
Transform: AffineTransform_float_3_3
Parameters: 0.999997 -0.00146918 0.00220956 0.00152684 0.999651 -0.0263997 -0.00217045 0.0264023 0.999649 -0.0266262 0.180278 -0.684198
FixedParameters: 0 0 0

#Transform 130
Transform: AffineTransform_float_3_3
Parameters: 0.999997 -0.0010923 0.00213694 0.0011487 0.999643 -0.0267126 -0.00210707 0.0267154 0.999641 -0.0354906 0.194144 -0.737856
FixedParameters: 0 0 0

#Transform 131
Transform: AffineTransform_float_3_3
Parameters: 0.999997 -0.00123308 0.00209567 0.0012869 0.999663 -0.0259264 -0.00206233 0.0259296 0.999661 -0.0458266 0.0876791 -0.66979
FixedParameters: 0 0 0

#Transform 132
Transform: AffineTransform_float_3_3
Parameters: 0.999997 -0.00179944 0.00173047 0.00184258 0.999673 -0.0255109 -0.00168454 0.0255141 0.999673 -0.0316527 0.096837 -0.5931
FixedParameters: 0 0 0

#Transform 133
Transform: AffineTransform_float_3_3
Parameters: 0.999998 -0.0017153 0.00159298 0.0017567 0.999662 -0.0259113 -0.001548 0.0259137 0.999663 -0.0390485 0.156716 -0.568299
FixedParameters: 0 0 0

#Transform 134
Transform: AffineTransform_float_3_3
Parameters: 0.999997 -0.00193149 0.00144263 0.00196852 0.999648 -0.0264662 -0.00139139 0.0264687 0.999648 -0.0256989 0.222319 -0.631195
FixedParameters: 0 0 0

#Transform 135
Transform: AffineTransform_float_3_3
Parameters: 0.999998 -0.00154575 0.00129308 0.00158025 0.999637 -0.026919 -0.00125091 0.026921 0.999637 -0.0196001 0.285695 -0.724443
FixedParameters: 0 0 0

#Transform 136
Transform: AffineTransform_float_3_3
Parameters: 0.999998 -0.00171716 0.00146189 0.00175585 0.999634 -0.0269965 -0.00141511 0.0269995 0.999634 -0.0194229 0.219459 -0.751462
FixedParameters: 0 0 0

#Transform 137
Transform: AffineTransform_float_3_3
Parameters: 0.999997 -0.00170601 0.00170123 0.00174898 0.999671 -0.0255971 -0.00165677 0.0255999 0.999671 -0.0208205 0.101803 -0.603438
FixedParameters: 0 0 0

#Transform 138
Transform: AffineTransform_float_3_3
Parameters: 0.999996 -0.00199262 0.00166313 0.00203538 0.999663 -0.0258817 -0.00161086 0.0258853 0.999663 -0.0146429 0.0871628 -0.580955
FixedParameters: 0 0 0

#Transform 139
Transform: AffineTransform_float_3_3
Parameters: 0.999996 -0.00216357 0.0017591 0.00220843 0.999669 -0.0256602 -0.00170289 0.0256638 0.999669 0.00144631 0.113773 -0.570479
FixedParameters: 0 0 0

#Transform 140
Transform: AffineTransform_float_3_3
Parameters: 0.999996 -0.00189924 0.00170732 0.00194477 0.999628 -0.0272108 -0.00165569 0.0272142 0.999629 -0.00852936 0.206721 -0.660602
FixedParameters: 0 0 0

#Transform 141
Transform: AffineTransform_float_3_3
Parameters: 0.999997 -0.00180215 0.00168042 0.00184684 0.999631 -0.02708 -0.00163058 0.027083 0.999632 0.000728836 0.210606 -0.733137
FixedParameters: 0 0 0

#Transform 142
Transform: AffineTransform_float_3_3
Parameters: 0.999997 -0.00189776 0.00154672 0.00193822 0.999649 -0.0264421 -0.00149527 0.0264449 0.999649 0.000575242 0.143507 -0.671093
FixedParameters: 0 0 0

#Transform 143
Transform: AffineTransform_float_3_3
Parameters: 0.999996 -0.00248497 0.00124036 0.00251702 0.999645 -0.026527 -0.00117364 0.02653 0.999648 0.0320938 0.0973054 -0.618875
FixedParameters: 0 0 0

#Transform 144
Transform: AffineTransform_float_3_3
Parameters: 0.999996 -0.00252546 0.00122452 0.00255855 0.999623 -0.027343 -0.00115547 0.027346 0.999626 0.0186821 0.146239 -0.559202
FixedParameters: 0 0 0

#Transform 145
Transform: AffineTransform_float_3_3
Parameters: 0.999997 -0.0024144 0.00124061 0.00244661 0.999633 -0.0269861 -0.0011754 0.0269889 0.999635 0.034087 0.178182 -0.577613
FixedParameters: 0 0 0

#Transform 146
Transform: AffineTransform_float_3_3
Parameters: 0.999997 -0.00222862 0.00102384 0.00225639 0.999617 -0.0275738 -0.000962148 0.0275752 0.99962 0.0260456 0.261367 -0.698916
FixedParameters: 0 0 0

#Transform 147
Transform: AffineTransform_float_3_3
Parameters: 0.999998 -0.00213088 0.00083296 0.00215312 0.999619 -0.0275203 -0.000774038 0.0275217 0.999621 0.0343434 0.239493 -0.782777
FixedParameters: 0 0 0

#Transform 148
Transform: AffineTransform_float_3_3
Parameters: 0.999997 -0.00211693 0.00115583 0.00214808 0.999618 -0.0275806 -0.00109717 0.0275834 0.999619 0.0318856 0.115665 -0.713489
FixedParameters: 0 0 0

#Transform 149
Transform: AffineTransform_float_3_3
Parameters: 0.999997 -0.00227699 0.000867948 0.00230001 0.999619 -0.0275001 -0.000805051 0.0275019 0.999621 0.0380488 0.0931523 -0.641574
FixedParameters: 0 0 0

#Transform 150
Transform: AffineTransform_float_3_3
Parameters: 0.999996 -0.00243378 0.00089857 0.00245722 0.999637 -0.0268079 -0.000833423 0.0268101 0.99964 0.0365692 0.0706481 -0.587205
FixedParameters: 0 0 0

#Transform 151
Transform: AffineTransform_float_3_3
Parameters: 0.999997 -0.00237637 0.000857507 0.00239961 0.999621 -0.027429 -0.000791477 0.027431 0.999624 0.0364261 0.160203 -0.602411
FixedParameters: 0 0 0

#Transform 152
Transform: AffineTransform_float_3_3
Parameters: 0.999997 -0.00225089 0.000861033 0.00227411 0.99961 -0.0278541 -0.000797964 0.0278559 0.999611 0.0306972 0.222255 -0.683171
FixedParameters: 0 0 0

#Transform 153
Transform: AffineTransform_float_3_3
Parameters: 0.999998 -0.00177134 0.000761001 0.00179265 0.999604 -0.0280577 -0.000710981 0.0280593 0.999606 0.0153853 0.275355 -0.760103
FixedParameters: 0 0 0

#Transform 154
Transform: AffineTransform_float_3_3
Parameters: 0.999998 -0.00187203 0.00131332 0.00190697 0.99963 -0.0271546 -0.00126168 0.0271575 0.999631 0.0178311 0.139564 -0.656139
FixedParameters: 0 0 0

#Transform 155
Transform: AffineTransform_float_3_3
Parameters: 0.999998 -0.00201436 0.0010897 0.00204365 0.999635 -0.0269569 -0.00103529 0.0269582 0.999636 0.0320032 0.136298 -0.607779
FixedParameters: 0 0 0

#Transform 156
Transform: AffineTransform_float_3_3
Parameters: 0.999996 -0.00234746 0.00105645 0.00237452 0.999636 -0.0268656 -0.000992562 0.0268684 0.999639 0.0404744 0.124254 -0.539821
FixedParameters: 0 0 0

#Transform 157
Transform: AffineTransform_float_3_3
Parameters: 0.999997 -0.00230079 0.000733243 0.0023202 0.999622 -0.0273674 -0.00066975 0.0273696 0.999625 0.0391533 0.182722 -0.594039
FixedParameters: 0 0 0

#Transform 158
Transform: AffineTransform_float_3_3
Parameters: 0.999998 -0.00204904 0.00103909 0.00207696 0.999615 -0.0276649 -0.000981915 0.0276671 0.999616 0.046297 0.246192 -0.693089
FixedParameters: 0 0 0

#Transform 159
Transform: AffineTransform_float_3_3
Parameters: 0.999997 -0.00197713 0.000842814 0.00200085 0.999604 -0.0280614 -0.00078616 0.0280636 0.999606 0.0329896 0.231785 -0.75815
FixedParameters: 0 0 0

#Transform 160
Transform: AffineTransform_float_3_3
Parameters: 0.999998 -0.00175069 0.000902793 0.00177432 0.999616 -0.0276725 -0.000854226 0.0276736 0.999616 0.0499304 0.111483 -0.678718
FixedParameters: 0 0 0

#Transform 161
Transform: AffineTransform_float_3_3
Parameters: 0.999997 -0.00203357 0.0006658 0.00205143 0.999624 -0.0273167 -0.000610187 0.0273183 0.999626 0.0469165 0.11961 -0.599104
FixedParameters: 0 0 0

#Transform 162
Transform: AffineTransform_float_3_3
Parameters: 0.999998 -0.00223666 0.000367296 0.00224534 0.999612 -0.0277882 -0.000304723 0.0277888 0.999614 0.0580174 0.122772 -0.575693
FixedParameters: 0 0 0

#Transform 163
Transform: AffineTransform_float_3_3
Parameters: 0.999998 -0.00189798 0.000414182 0.00190901 0.999593 -0.0284583 -0.000359816 0.0284597 0.999595 0.0547518 0.232151 -0.639876
FixedParameters: 0 0 0

#Transform 164
Transform: AffineTransform_float_3_3
Parameters: 0.999999 -0.00183347 -5.91711e-05 0.00183154 0.999582 -0.0288272 0.000111844 0.0288268 0.999585 0.0576036 0.263176 -0.740659
FixedParameters: 0 0 0

#Transform 165
Transform: AffineTransform_float_3_3
Parameters: 0.999998 -0.00162875 0.000308312 0.00163724 0.999579 -0.0289685 -0.00026068 0.0289695 0.999581 0.0493476 0.283911 -0.786122
FixedParameters: 0 0 0

#Transform 166
Transform: AffineTransform_float_3_3
Parameters: 0.999998 -0.00194429 0.00012254 0.00194672 0.999591 -0.0285398 -6.74679e-05 0.0285402 0.999592 0.057276 0.155044 -0.68243
FixedParameters: 0 0 0

#Transform 167
Transform: AffineTransform_float_3_3
Parameters: 0.999998 -0.00188886 0.000413648 0.00190015 0.999582 -0.0288403 -0.000359348 0.0288407 0.999584 0.0459753 0.17101 -0.648396
FixedParameters: 0 0 0

#Transform 168
Transform: AffineTransform_float_3_3
Parameters: 0.999997 -0.00237037 0.000157453 0.00237362 0.999557 -0.0296927 -8.65579e-05 0.0296933 0.999559 0.0604735 0.176506 -0.627674
FixedParameters: 0 0 0

#Transform 169
Transform: AffineTransform_float_3_3
Parameters: 0.999998 -0.00210257 0.000111483 0.00210441 0.999528 -0.0306438 -4.65339e-05 0.0306442 0.999531 0.048128 0.238655 -0.657356
FixedParameters: 0 0 0

#Transform 170
Transform: AffineTransform_float_3_3
Parameters: 0.999998 -0.00186831 0.000370659 0.00187967 0.999509 -0.0312994 -0.00031132 0.0312996 0.99951 0.0546962 0.322515 -0.756189
FixedParameters: 0 0 0

#Transform 171
Transform: AffineTransform_float_3_3
Parameters: 0.999998 -0.00168937 0.000139587 0.00169364 0.999478 -0.0322688 -8.53923e-05 0.0322692 0.999479 0.0569347 0.313721 -0.841533
FixedParameters: 0 0 0

#Transform 172
Transform: AffineTransform_float_3_3
Parameters: 0.999999 -0.00176549 -0.0001451 0.00176052 0.999495 -0.0317043 0.000200918 0.0317047 0.999498 0.0718415 0.23559 -0.756759
FixedParameters: 0 0 0

#Transform 173
Transform: AffineTransform_float_3_3
Parameters: 0.999999 -0.00181892 -6.1457e-05 0.00181606 0.999479 -0.0322032 0.000120545 0.0322028 0.999482 0.0638967 0.216454 -0.712307
FixedParameters: 0 0 0

#Transform 174
Transform: AffineTransform_float_3_3
Parameters: 0.999997 -0.0021789 -0.000147874 0.0021731 0.999479 -0.0322194 0.00021813 0.0322196 0.999481 0.0612533 0.207717 -0.602079
FixedParameters: 0 0 0

#Transform 175
Transform: AffineTransform_float_3_3
Parameters: 0.999999 -0.00183928 0.000143525 0.00184274 0.999458 -0.0328648 -8.34832e-05 0.0328652 0.99946 0.0563311 0.277095 -0.665121
FixedParameters: 0 0 0

#Transform 176
Transform: AffineTransform_float_3_3
Parameters: 0.999998 -0.00190458 0.000282273 0.00191341 0.999432 -0.0336625 -0.000217712 0.0336635 0.999433 0.0461681 0.312482 -0.751938
FixedParameters: 0 0 0

#Transform 177
Transform: AffineTransform_float_3_3
Parameters: 0.999999 -0.00152955 -0.000280609 0.00151844 0.999409 -0.0343615 0.000333373 0.0343616 0.99941 0.0569359 0.336233 -0.825286
FixedParameters: 0 0 0

#Transform 178
Transform: AffineTransform_float_3_3
Parameters: 0.999999 -0.00178649 0.00013598 0.00179048 0.999454 -0.0329728 -7.60037e-05 0.0329732 0.999456 0.074055 0.197607 -0.718368
FixedParameters: 0 0 0

#Transform 179
Transform: AffineTransform_float_3_3
Parameters: 0.999998 -0.00196173 -0.000205199 0.00195428 0.999468 -0.0325785 0.000268809 0.0325776 0.999469 0.0776383 0.194225 -0.629699
FixedParameters: 0 0 0

#Transform 180
Transform: AffineTransform_float_3_3
Parameters: 0.999998 -0.00229184 -0.000144169 0.00228617 0.999478 -0.0322474 0.000217837 0.0322476 0.99948 0.0917586 0.196416 -0.600372
FixedParameters: 0 0 0

#Transform 181
Transform: AffineTransform_float_3_3
Parameters: 0.999998 -0.00202775 7.12794e-05 0.00202824 0.999448 -0.0331599 -3.74549e-06 0.0331601 0.99945 0.0872248 0.320097 -0.727988
FixedParameters: 0 0 0

#Transform 182
Transform: AffineTransform_float_3_3
Parameters: 0.999999 -0.0017732 0.000262569 0.00178082 0.999437 -0.0335106 -0.000203437 0.0335114 0.999439 0.103025 0.30881 -0.788624
FixedParameters: 0 0 0

#Transform 183
Transform: AffineTransform_float_3_3
Parameters: 0.999998 -0.00164788 -5.73903e-05 0.00164514 0.999429 -0.0337661 0.000112614 0.0337659 0.99943 0.0820858 0.259319 -0.802086
FixedParameters: 0 0 0

#Transform 184
Transform: AffineTransform_float_3_3
Parameters: 0.999999 -0.00167051 0.00052292 0.00168749 0.999444 -0.0333002 -0.000467065 0.0333008 0.999446 0.0970329 0.191798 -0.706739
FixedParameters: 0 0 0

#Transform 185
Transform: AffineTransform_float_3_3
Parameters: 0.999998 -0.00203116 0.000271131 0.00203883 0.999454 -0.0329775 -0.000203876 0.0329775 0.999456 0.0772796 0.186805 -0.635529
FixedParameters: 0 0 0

#Transform 186
Transform: AffineTransform_float_3_3
Parameters: 0.999998 -0.00226652 5.20821e-05 0.00226748 0.999449 -0.033114 2.30981e-05 0.033114 0.999451 0.0917354 0.220859 -0.62547
FixedParameters: 0 0 0

#Transform 187
Transform: AffineTransform_float_3_3
Parameters: 0.999998 -0.00192435 0.000374778 0.00193566 0.999417 -0.0340683 -0.000309235 0.0340687 0.99942 0.0857342 0.325775 -0.722935
FixedParameters: 0 0 0

#Transform 188
Transform: AffineTransform_float_3_3
Parameters: 0.999999 -0.00124055 3.43352e-05 0.00124147 0.999418 -0.03411 7.35092e-06 0.03411 0.999418 0.109316 0.373539 -0.81566
FixedParameters: 0 0 0

#Transform 189
