#Insight Transform File V1.0
#Transform 0
Transform: AffineTransform_float_3_3
Parameters: 0.999999 0.000426068 0.000616339 -0.00042793 0.999995 0.00313674 -0.00061466 -0.00313726 0.999995 -0.0433008 -0.0625211 -0.0558019
FixedParameters: 0 0 0

#Transform 1
Transform: AffineTransform_float_3_3
Parameters: 1 0.000576402 0.000227521 -0.000576597 0.999997 0.00263787 -0.00022548 -0.00263813 0.999996 -0.057461 -0.112954 0.00178496
FixedParameters: 0 0 0

#Transform 2
Transform: AffineTransform_float_3_3
Parameters: 1 0.000467566 0.000484388 -0.000468433 0.999996 0.00296378 -0.000482614 -0.00296423 0.999996 -0.0576075 -0.11406 0.0474544
FixedParameters: 0 0 0

#Transform 3
Transform: AffineTransform_float_3_3
Parameters: 1 0.000400747 8.12575e-05 -0.000401252 0.999995 0.00313697 -7.97417e-05 -0.00313703 0.999995 -0.0499016 -0.0933195 0.0655524
FixedParameters: 0 0 0

#Transform 4
Transform: AffineTransform_float_3_3
Parameters: 1 0.000304076 0.000322873 -0.000304922 0.999996 0.0028659 -0.000321127 -0.0028661 0.999996 -0.022042 0.00115578 0.0241811
FixedParameters: 0 0 0

#Transform 5
Transform: AffineTransform_float_3_3
Parameters: 1 0.000467931 0.000516969 -0.000469068 0.999997 0.00206876 -0.00051603 -0.00206924 0.999997 -0.024434 0.0366249 -0.0756426
FixedParameters: 0 0 0

#Transform 6
Transform: AffineTransform_float_3_3
Parameters: 1 0.000421671 0.000459224 -0.000423329 0.999995 0.0028988 -0.000457775 -0.00289819 0.999995 -0.0359293 -0.0914388 -0.00322389
FixedParameters: 0 0 0

#Transform 7
Transform: AffineTransform_float_3_3
Parameters: 1 0.000154608 0.000516419 -0.000155391 0.999997 0.00269592 -0.000515583 -0.00269608 0.999996 -0.0290429 -0.1188 0.0537638
FixedParameters: 0 0 0

#Transform 8
Transform: AffineTransform_float_3_3
Parameters: 1 -2.46134e-05 0.000192923 2.43863e-05 0.999995 0.003179 -0.000193078 -0.00317899 0.999995 -0.0161914 -0.154049 0.0932168
FixedParameters: 0 0 0

#Transform 9
Transform: AffineTransform_float_3_3
Parameters: 1 0.000163935 3.0354e-05 -0.000164066 0.999997 0.00215899 -3.06458e-05 -0.002159 0.999997 -0.0195718 -0.0374008 0.0122616
FixedParameters: 0 0 0

#Transform 10
Transform: AffineTransform_float_3_3
Parameters: 1 0.000459249 0.000516668 -0.000460751 0.999999 0.00145376 -0.00051633 -0.00145424 0.999999 -0.024393 -0.027587 -0.0781292
FixedParameters: 0 0 0

#Transform 11
Transform: AffineTransform_float_3_3
Parameters: 0.999999 0.000550933 0.000510154 -0.000552066 0.999997 0.00209372 -0.000508845 -0.00209328 0.999997 -0.025266 -0.11307 -0.039557
FixedParameters: 0 0 0

#Transform 12
Transform: AffineTransform_float_3_3
Parameters: 1 0.00026519 -7.93696e-05 -0.000264809 0.999997 0.00237802 8.063e-05 -0.00237798 0.999997 -0.0250721 -0.114888 0.031928
FixedParameters: 0 0 0

#Transform 13
Transform: AffineTransform_float_3_3
Parameters: 1 -8.67613e-05 -8.02588e-05 8.72379e-05 0.999995 0.00297899 7.97404e-05 -0.002979 0.999995 -0.0167965 -0.133478 0.0919305
FixedParameters: 0 0 0

#Transform 14
Transform: AffineTransform_float_3_3
Parameters: 1 -7.88383e-05 -8.01593e-05 7.91614e-05 0.999998 0.00201899 7.98403e-05 -0.00201901 0.999998 0.00708779 -0.0406795 0.0339752
FixedParameters: 0 0 0

#Transform 15
Transform: AffineTransform_float_3_3
Parameters: 0.999999 0.000460064 0.000573752 -0.000460937 0.999999 0.00163274 -0.000573248 -0.00163326 0.999998 -0.000817555 -0.00637542 -0.0301321
FixedParameters: 0 0 0

#Transform 16
Transform: AffineTransform_float_3_3
Parameters: 1 0.00046066 0.000284551 -0.00046134 0.999999 0.00119487 -0.000284449 -0.00119513 0.999999 -0.0191422 0.0170096 -0.0868701
FixedParameters: 0 0 0

#Transform 17
Transform: AffineTransform_float_3_3
Parameters: 1 0.00046107 -4.32554e-05 -0.00046093 0.999998 0.00161502 4.37444e-05 -0.00161498 0.999998 -0.0265354 -0.129433 0.0262378
FixedParameters: 0 0 0

#Transform 18
Transform: AffineTransform_float_3_3
Parameters: 1 1.04708e-06 -4.39989e-05 -9.5292e-07 1 0.00107 4.40011e-05 -0.00107 1 -0.0250213 -0.111458 0.0644995
FixedParameters: 0 0 0

#Transform 19
Transform: AffineTransform_float_3_3
Parameters: 1 -0.000235637 -0.000498172 0.000236364 0.999999 0.000728882 0.000498828 -0.000729117 0.999999 -0.0016281 -0.0933294 0.062571
FixedParameters: 0 0 0

#Transform 20
Transform: AffineTransform_float_3_3
Parameters: 1 1.03366e-06 -0.000255 -9.6634e-07 1 0.000132 0.000255 -0.000132 1 0.00715938 -0.0182694 -0.00642097
FixedParameters: 0 0 0

#Transform 21
Transform: AffineTransform_float_3_3
Parameters: 1 9.88e-07 -2.40005e-05 -1.012e-06 1 -0.0005 2.39995e-05 0.0005 1 0.0100265 0.0512797 -0.0712615
FixedParameters: 0 0 0

#Transform 22
Transform: AffineTransform_float_3_3
Parameters: 1 0.000360688 0.000469239 -0.000361311 0.999999 0.00066383 -0.00046876 -0.000664169 0.999999 -0.0197525 -0.0784075 -0.0130863
FixedParameters: 0 0 0

#Transform 23
Transform: AffineTransform_float_3_3
Parameters: 1 -2.92839e-05 0.000404979 2.87161e-05 1 0.000701011 -0.00040502 -0.000700988 0.999999 0.00440896 -0.0919222 0.044866
FixedParameters: 0 0 0

#Transform 24
Transform: AffineTransform_float_3_3
Parameters: 1 -0.000242011 2.59008e-05 0.000241989 1 0.000410006 -2.60992e-05 -0.000409994 1 0.00812363 -0.113986 0.0637443
FixedParameters: 0 0 0

#Transform 25
Transform: AffineTransform_float_3_3
Parameters: 1 -0.000149004 -6.29914e-05 0.000148996 1 -5.80094e-05 6.30086e-05 5.79906e-05 1 0.0176586 -0.0147081 0.0184264
FixedParameters: 0 0 0

#Transform 26
Transform: AffineTransform_float_3_3
Parameters: 1 -2.90506e-05 -6.29766e-05 2.89493e-05 0.999999 -0.000804001 6.30233e-05 0.000803998 0.999999 0.0208628 0.0397324 -0.0490693
FixedParameters: 0 0 0

#Transform 27
Transform: AffineTransform_float_3_3
Parameters: 1 0.000104949 -6.30844e-05 -0.000105051 0.999999 -0.000803993 6.29155e-05 0.000804006 0.999999 -0.0105283 0.0172544 -0.0809594
FixedParameters: 0 0 0

#Transform 28
Transform: AffineTransform_float_3_3
Parameters: 1 -2.89873e-05 -6.30058e-05 2.90127e-05 1 0.000200998 6.29942e-05 -0.000201002 1 -0.00583689 -0.121346 0.0359892
FixedParameters: 0 0 0

#Transform 29
Transform: AffineTransform_float_3_3
Parameters: 1 -0.000218891 -0.000313076 0.000219109 1 0.000346931 0.000312924 -0.000347068 1 0.00943622 -0.118434 0.0643223
FixedParameters: 0 0 0

#Transform 30
Transform: AffineTransform_float_3_3
Parameters: 1 -0.000450795 -0.000362255 0.000451204 0.999999 0.000564836 0.000361745 -0.000565163 1 0.0280627 -0.066383 0.066405
FixedParameters: 0 0 0

#Transform 31
Transform: AffineTransform_float_3_3
Parameters: 1 -0.000385121 -0.00013666 0.00038488 0.999999 -0.000883052 0.00013634 0.000882947 0.999999 0.0265081 0.01805 -0.00231579
FixedParameters: 0 0 0

#Transform 32
Transform: AffineTransform_float_3_3
Parameters: 1 -7.22074e-05 -0.000234936 7.17924e-05 0.999999 -0.000883016 0.000235063 0.000882982 0.999999 0.0241303 0.0354423 -0.0655657
FixedParameters: 0 0 0

#Transform 33
Transform: AffineTransform_float_3_3
Parameters: 1 5.10249e-05 0.000221994 -5.09751e-05 1 -0.000112011 -0.000222006 0.000111989 1 0.00586725 -0.0763875 0.0190177
FixedParameters: 0 0 0

#Transform 34
Transform: AffineTransform_float_3_3
Parameters: 1 5.09684e-05 -4.90329e-05 -5.10316e-05 1 -0.000644997 4.89671e-05 0.000645002 1 0.0138631 -0.0840911 0.0255097
FixedParameters: 0 0 0

#Transform 35
Transform: AffineTransform_float_3_3
Parameters: 1 -0.000359025 -4.88155e-05 0.000358975 1 -0.000514017 4.91845e-05 0.000513982 1 0.0192276 -0.0941112 0.0606692
FixedParameters: 0 0 0

#Transform 36
Transform: AffineTransform_float_3_3
Parameters: 1 -0.00021407 -4.86939e-05 0.00021393 0.999999 -0.00143001 4.9306e-05 0.00142999 0.999999 0.0246624 0.000749097 0.0106397
FixedParameters: 0 0 0

#Transform 37
Transform: AffineTransform_float_3_3
Parameters: 1 5.11481e-05 0.000110932 -5.08518e-05 0.999999 -0.00133501 -0.000111068 0.00133499 0.999999 0.0288291 0.046653 -0.0553914
FixedParameters: 0 0 0

#Transform 38
Transform: AffineTransform_float_3_3
Parameters: 1 0.000213168 0.000129724 -0.000212831 0.999999 -0.00129503 -0.000130276 0.00129497 0.999999 -0.00309215 -0.0140219 -0.024227
FixedParameters: 0 0 0

#Transform 39
Transform: AffineTransform_float_3_3
Parameters: 1 -0.000131953 0.000138045 0.000132047 1 -0.000340982 -0.000137955 0.000341018 1 0.0183491 -0.0967409 -0.00709048
FixedParameters: 0 0 0

#Transform 40
Transform: AffineTransform_float_3_3
Parameters: 1 -0.000356052 -4.86205e-05 0.000355948 1 -0.00106602 4.93795e-05 0.00106598 1 0.0259275 -0.101054 0.0530772
FixedParameters: 0 0 0

#Transform 41
Transform: AffineTransform_float_3_3
Parameters: 1 -0.000356672 -0.000476498 0.000356327 0.999999 -0.00140917 0.000477502 0.00140883 0.999999 0.0428805 0.0144997 0.000976319
FixedParameters: 0 0 0

#Transform 42
Transform: AffineTransform_float_3_3
Parameters: 1 -0.000219675 -0.000476689 0.000218324 0.999999 -0.0014161 0.000477309 0.0014159 0.999999 0.0266351 0.0468047 -0.0294883
FixedParameters: 0 0 0

#Transform 43
Transform: AffineTransform_float_3_3
Parameters: 1 7.93402e-05 -0.00047711 -7.96596e-05 0.999999 -0.00138296 0.00047689 0.00138304 0.999999 0.0135622 0.00314396 -0.0383386
FixedParameters: 0 0 0

#Transform 44
Transform: AffineTransform_float_3_3
Parameters: 1 -0.000128034 -0.000104958 0.000127966 1 -0.000327013 0.000105042 0.000326987 1 0.0240916 -0.119887 0.0623387
FixedParameters: 0 0 0

#Transform 45
Transform: AffineTransform_float_3_3
Parameters: 1 -0.000217171 -0.000267861 0.000216829 1 -0.000638058 0.000268138 0.000637942 1 0.0143413 -0.104877 0.0698245
FixedParameters: 0 0 0

#Transform 46
Transform: AffineTransform_float_3_3
Parameters: 1 -0.000356327 -0.000400709 0.000355672 0.999999 -0.000817142 0.00040129 0.000816856 0.999999 0.0335568 -0.0699578 0.0449831
FixedParameters: 0 0 0

#Transform 47
Transform: AffineTransform_float_3_3
Parameters: 1 -0.000216196 -0.000121653 0.000216805 0.999998 -0.00160603 0.000121348 0.00160597 0.999998 0.0249974 0.0463669 -0.0248851
FixedParameters: 0 0 0

#Transform 48
Transform: AffineTransform_float_3_3
Parameters: 1 -0.000200553 -0.000297628 0.000200448 0.999999 -0.00185706 0.000297373 0.00185694 0.999998 0.0257275 0.0344346 -0.0719102
FixedParameters: 0 0 0

#Transform 49
Transform: AffineTransform_float_3_3
Parameters: 1 -0.000200369 -0.000297752 0.000200632 0.999999 -0.00124006 0.000297249 0.00123994 0.999999 0.00478485 -0.108317 0.0227971
FixedParameters: 0 0 0

#Transform 50
Transform: AffineTransform_float_3_3
Parameters: 1 -0.000200613 -0.000452729 0.000200387 0.999999 -0.00135309 0.000453271 0.00135291 0.999999 0.0264325 -0.0717186 0.0389334
FixedParameters: 0 0 0

#Transform 51
Transform: AffineTransform_float_3_3
Parameters: 0.999999 -0.000796288 -0.000297228 0.000795712 0.999999 -0.000969238 0.000297771 0.000968764 1 0.0311307 -0.0722034 0.0789493
FixedParameters: 0 0 0

#Transform 52
Transform: AffineTransform_float_3_3
Parameters: 0.999999 -0.000533158 -0.000546873 0.000532841 0.999997 -0.00211629 0.000548128 0.00211571 0.999997 0.0297821 0.0349346 -0.00199139
FixedParameters: 0 0 0

#Transform 53
Transform: AffineTransform_float_3_3
Parameters: 1 -0.000260973 -0.000385343 0.000260026 0.999997 -0.0025221 0.000386657 0.0025219 0.999996 0.0266354 0.0741866 -0.0872452
FixedParameters: 0 0 0

#Transform 54
Transform: AffineTransform_float_3_3
Parameters: 1 -0.000142577 -0.000297725 0.000142425 0.999998 -0.00193604 0.000297276 0.00193596 0.999998 0.0251924 -0.0355578 -0.031109
FixedParameters: 0 0 0

#Transform 55
Transform: AffineTransform_float_3_3
Parameters: 1 -0.000345423 -0.000297509 0.000344578 0.999999 -0.0014211 0.00029749 0.0014209 0.999999 0.0270571 -0.0645978 0.00289186
FixedParameters: 0 0 0

#Transform 56
Transform: AffineTransform_float_3_3
Parameters: 0.999999 -0.000528896 -0.000705328 0.000528104 0.999999 -0.00127037 0.000705671 0.00126963 0.999999 0.030492 -0.0971399 0.0538286
FixedParameters: 0 0 0

#Transform 57
Transform: AffineTransform_float_3_3
Parameters: 1 -0.000500722 -0.000408116 0.000500279 0.999999 -0.00176621 0.000408884 0.0017658 0.999999 0.0389071 0.000395526 0.0207346
FixedParameters: 0 0 0

#Transform 58
Transform: AffineTransform_float_3_3
Parameters: 1 -0.000339459 -0.000570133 0.000338541 0.999996 -0.00255819 0.000570867 0.0025578 0.999996 0.0281381 0.0557756 -0.0553884
FixedParameters: 0 0 0

#Transform 59
Transform: AffineTransform_float_3_3
Parameters: 1 -0.000339095 -0.000497255 0.000337906 0.999998 -0.00220017 0.000497745 0.00220083 0.999998 0.0278031 0.0131452 -0.052357
FixedParameters: 0 0 0

#Transform 60
Transform: AffineTransform_float_3_3
Parameters: 1 -0.000338126 -7.84564e-05 0.000338872 0.999998 -0.00160803 7.9545e-05 0.00160797 0.999998 0.0259398 -0.0529246 0.0083212
FixedParameters: 0 0 0

#Transform 61
Transform: AffineTransform_float_3_3
Parameters: 0.999999 -0.000749593 -0.000342707 0.000749407 0.999998 -0.00172526 0.000344294 0.00172574 0.999999 0.0307998 -0.0793483 0.0802783
FixedParameters: 0 0 0

#Transform 62
Transform: AffineTransform_float_3_3
Parameters: 1 -0.000935824 -0.000703583 0.000934179 0.999996 -0.00258666 0.000705419 0.00258634 0.999997 0.0530335 -0.0491803 0.0814389
FixedParameters: 0 0 0

#Transform 63
Transform: AffineTransform_float_3_3
Parameters: 1 -0.000553885 -0.00031344 0.000553116 0.999996 -0.00281817 0.00031456 0.00281783 0.999996 0.0458898 0.0305707 0.0135474
FixedParameters: 0 0 0

#Transform 64
Transform: AffineTransform_float_3_3
Parameters: 1 -0.000437772 -0.000217453 0.000437226 0.999993 -0.00353709 0.000219548 0.0035369 0.999993 0.0374116 0.0598702 -0.052846
FixedParameters: 0 0 0

#Transform 65
Transform: AffineTransform_float_3_3
Parameters: 1 -0.000113529 -0.000193691 0.00011347 0.999997 -0.00273002 0.000194311 0.00272998 0.999997 0.0290575 -0.0321518 -0.0368193
FixedParameters: 0 0 0

#Transform 66
Transform: AffineTransform_float_3_3
Parameters: 1 -0.000521436 -0.000193832 0.000520564 0.999998 -0.0022411 0.000195167 0.0022409 0.999998 0.0157526 -0.0964569 0.0512489
FixedParameters: 0 0 0

#Transform 67
Transform: AffineTransform_float_3_3
Parameters: 1 -0.000337391 -0.000530118 0.00033561 0.999997 -0.00262118 0.000530882 0.00262082 0.999997 0.0164628 -0.053902 0.0686993
FixedParameters: 0 0 0

#Transform 68
Transform: AffineTransform_float_3_3
Parameters: 1 -0.000812871 -0.000427348 0.000812128 0.999997 -0.00203435 0.000429654 0.00203465 0.999998 0.0383151 -0.0764037 0.119844
FixedParameters: 0 0 0

#Transform 69
Transform: AffineTransform_float_3_3
Parameters: 0.999999 -0.000717479 -0.000159865 0.000717521 0.999996 -0.00297612 0.000162136 0.00297588 0.999995 0.046572 0.0409941 0.0411631
FixedParameters: 0 0 0

#Transform 70
Transform: AffineTransform_float_3_3
Parameters: 1 -0.000336642 -0.000207965 0.000336361 0.999995 -0.00307807 0.000208036 0.00307793 0.999995 0.0433688 0.0621917 -0.0176047
FixedParameters: 0 0 0

#Transform 71
Transform: AffineTransform_float_3_3
Parameters: 1 -0.00015543 0.000190466 0.000156571 0.999995 -0.00299497 -0.000190532 0.00299503 0.999995 0.0122685 -0.00226062 -0.00380498
FixedParameters: 0 0 0

#Transform 72
Transform: AffineTransform_float_3_3
Parameters: 1 0.000355692 0.000239977 -0.000355307 0.999996 -0.00287908 -0.000241024 0.00287891 0.999996 -0.010576 -0.0848302 0.0793478
FixedParameters: 0 0 0

#Transform 73
Transform: AffineTransform_float_3_3
Parameters: 1 -0.000127952 2.32641e-05 0.000128047 0.999998 -0.002064 -2.27358e-05 0.002064 0.999998 -0.00523061 -0.136313 0.15171
FixedParameters: 0 0 0

#Transform 74
Transform: AffineTransform_float_3_3
Parameters: 1 -0.000557151 -5.24196e-05 0.00055685 0.999996 -0.00283703 5.358e-05 0.00283697 0.999996 -0.00592653 -0.0934933 0.163588
FixedParameters: 0 0 0

#Transform 75
Transform: AffineTransform_float_3_3
Parameters: 1 -0.000128491 0.000241272 0.000128509 0.999998 -0.00211197 -0.000240729 0.00211203 0.999997 -0.00619938 -0.0707658 0.192927
FixedParameters: 0 0 0

#Transform 76
Transform: AffineTransform_float_3_3
Parameters: 1 -0.0006225 -0.000166136 0.0006225 0.999996 -0.0029951 0.000167865 0.0029949 0.999995 0.0218981 -0.0439905 0.204476
FixedParameters: 0 0 0

#Transform 77
Transform: AffineTransform_float_3_3
Parameters: 1 -0.000368658 -0.000166551 0.000368344 0.999992 -0.00393506 0.000167451 0.00393494 0.999992 0.0266742 0.0489114 0.113605
FixedParameters: 0 0 0

#Transform 78
Transform: AffineTransform_float_3_3
Parameters: 1 -0.000550987 -0.000234697 0.000550012 0.999991 -0.00418313 0.000237303 0.00418287 0.999991 0.0311101 0.0196348 0.0449274
FixedParameters: 0 0 0

#Transform 79
Transform: AffineTransform_float_3_3
Parameters: 1 0.000390076 0.000277495 -0.000388927 0.999993 -0.00386511 -0.000278505 0.0038649 0.999993 -0.00852231 -0.0707157 0.0695567
FixedParameters: 0 0 0

#Transform 80
Transform: AffineTransform_float_3_3
Parameters: 1 0.000391716 0.000229783 -0.000391283 0.999995 -0.00310909 -0.000231218 0.00310891 0.999995 -0.0202389 -0.115145 0.11146
FixedParameters: 0 0 0

#Transform 81
Transform: AffineTransform_float_3_3
Parameters: 1 5.31684e-05 4.78134e-05 -5.28309e-05 0.999994 -0.003515 -4.8186e-05 0.003515 0.999994 -0.0129605 -0.108532 0.125117
FixedParameters: 0 0 0

#Transform 82
Transform: AffineTransform_float_3_3
Parameters: 1 0.00021483 0.000231232 -0.000214167 0.999993 -0.00358205 -0.000232769 0.00358195 0.999993 -0.0258036 -0.08031 0.140874
FixedParameters: 0 0 0

#Transform 83
Transform: AffineTransform_float_3_3
Parameters: 1 0.000189622 0.000149213 -0.000188379 0.999992 -0.00416003 -0.000149785 0.00415997 0.999992 -0.0147865 0.00510514 0.0576417
FixedParameters: 0 0 0

#Transform 84
Transform: AffineTransform_float_3_3
Parameters: 1 0.00061448 0.000297966 -0.000613519 0.999987 -0.00494318 -0.000301036 0.00494281 0.999987 -0.0135291 0.0781714 -0.00900733
FixedParameters: 0 0 0

#Transform 85
Transform: AffineTransform_float_3_3
Parameters: 1 0.000968806 0.000173563 -0.000968193 0.999989 -0.00458217 -0.000178438 0.00458183 0.999989 -0.0342981 0.022061 -0.053555
FixedParameters: 0 0 0

#Transform 86
Transform: AffineTransform_float_3_3
Parameters: 0.999999 0.000851914 0.000250917 -0.000851085 0.999993 -0.00362122 -0.000254083 0.00362079 0.999994 -0.0424274 -0.0626471 -0.0197395
FixedParameters: 0 0 0

#Transform 87
Transform: AffineTransform_float_3_3
Parameters: 0.999999 0.00081721 0.00029062 -0.000815788 0.999991 -0.00413924 -0.000294379 0.00413876 0.999992 -0.0421996 -0.065053 0.0845863
FixedParameters: 0 0 0

#Transform 88
Transform: AffineTransform_float_3_3
Parameters: 0.999999 0.000886132 0.000290568 -0.000884865 0.999992 -0.00387526 -0.000294431 0.00387474 0.999993 -0.0429184 -0.06642 0.0623571
FixedParameters: 0 0 0

#Transform 89
Transform: AffineTransform_float_3_3
Parameters: 1 0.000886441 0.000289628 -0.000884559 0.999988 -0.00493626 -0.00029437 0.00493574 0.999988 -0.0427291 0.0240484 0.0361097
FixedParameters: 0 0 0

#Transform 90
Transform: AffineTransform_float_3_3
Parameters: 0.999999 0.000885323 6.04396e-05 -0.000884679 0.999987 -0.00515206 -6.45587e-05 0.00515195 0.999986 -0.0364476 0.0674162 -0.0420487
FixedParameters: 0 0 0

#Transform 91
Transform: AffineTransform_float_3_3
Parameters: 0.999999 0.000867337 0.000290032 -0.000865663 0.999989 -0.00457826 -0.000293966 0.00457775 0.99999 -0.0426483 -0.00406301 -0.0252108
FixedParameters: 0 0 0

#Transform 92
Transform: AffineTransform_float_3_3
Parameters: 0.999999 0.000930429 0.000289443 -0.000928567 0.999987 -0.00490127 -0.000294555 0.00490173 0.999988 -0.0432749 -0.0524195 0.00435994
FixedParameters: 0 0 0

#Transform 93
Transform: AffineTransform_float_3_3
Parameters: 0.999999 0.000967091 2.11647e-05 -0.000967908 0.999991 -0.00396602 -2.48389e-05 0.00396598 0.999992 -0.0423582 -0.0768074 0.0611989
FixedParameters: 0 0 0

#Transform 94
Transform: AffineTransform_float_3_3
Parameters: 0.999999 0.000775777 0.000399568 -0.000774225 0.99999 -0.00442931 -0.000402434 0.00442969 0.99999 -0.0423428 -0.0416543 0.0672972
FixedParameters: 0 0 0

#Transform 95
Transform: AffineTransform_float_3_3
Parameters: 0.999999 0.000778821 -3.521e-05 -0.000779178 0.999985 -0.00540498 3.0789e-05 0.00540503 0.999986 -0.0403355 0.043218 0.00190894
FixedParameters: 0 0 0

#Transform 96
Transform: AffineTransform_float_3_3
Parameters: 0.999999 0.00119623 0.000396346 -0.00119478 0.999984 -0.00556848 -0.000402659 0.00556752 0.999985 -0.0494518 0.0798682 -0.0591788
FixedParameters: 0 0 0

#Transform 97
Transform: AffineTransform_float_3_3
Parameters: 0.999999 0.00138214 0.000395594 -0.00137986 0.999984 -0.00536255 -0.000402405 0.00536245 0.999985 -0.0567048 0.0259523 -0.0612217
FixedParameters: 0 0 0

#Transform 98
Transform: AffineTransform_float_3_3
Parameters: 1 0.000968301 0.000491493 -0.000965697 0.999988 -0.00466048 -0.000496506 0.00465952 0.999989 -0.044451 -0.0630041 0.0307724
FixedParameters: 0 0 0

#Transform 99
Transform: AffineTransform_float_3_3
Parameters: 0.999999 0.000795955 0.000392056 -0.000794045 0.999988 -0.00496131 -0.000395944 0.00496069 0.999987 -0.0585658 -0.0570597 0.0466279
FixedParameters: 0 0 0

#Transform 100
Transform: AffineTransform_float_3_3
Parameters: 0.999999 0.000911059 1.07937e-05 -0.000910939 0.999989 -0.00461701 -1.5206e-05 0.00461699 0.99999 -0.0554416 -0.033627 0.0818622
FixedParameters: 0 0 0

#Transform 101
Transform: AffineTransform_float_3_3
Parameters: 0.999999 0.000750083 0.00039204 -0.000747916 0.999985 -0.00528729 -0.000395959 0.0052867 0.999986 -0.057488 0.0486383 0.0291209
FixedParameters: 0 0 0

#Transform 102
Transform: AffineTransform_float_3_3
Parameters: 0.999999 0.000888215 0.000391005 -0.000885784 0.999984 -0.00563035 -0.000395993 0.00562965 0.999984 -0.0504611 0.0782203 -0.0239442
FixedParameters: 0 0 0

#Transform 103
Transform: AffineTransform_float_3_3
Parameters: 1 0.000980515 0.000451582 -0.000977485 0.999984 -0.00553344 -0.000457416 0.00553355 0.999984 -0.0613872 0.0256992 -0.0306436
FixedParameters: 0 0 0

#Transform 104
Transform: AffineTransform_float_3_3
Parameters: 0.999999 0.00092393 0.000391473 -0.000922066 0.999987 -0.00490436 -0.000396527 0.00490463 0.999988 -0.0647565 -0.0568899 0.0240085
FixedParameters: 0 0 0

#Transform 105
Transform: AffineTransform_float_3_3
Parameters: 0.999999 0.000920811 0.000391769 -0.000919187 0.999989 -0.00459936 -0.000396231 0.00459864 0.99999 -0.0638015 -0.0770381 0.0888007
FixedParameters: 0 0 0

#Transform 106
Transform: AffineTransform_float_3_3
Parameters: 0.999999 0.000697091 0.000392306 -0.000694904 0.999985 -0.00530627 -0.000396693 0.00530672 0.999986 -0.0544129 -0.00775047 0.0496939
FixedParameters: 0 0 0

#Transform 107
Transform: AffineTransform_float_3_3
Parameters: 0.999999 0.00108114 0.000967176 -0.00107486 0.99998 -0.00633105 -0.000973824 0.00632996 0.99998 -0.0639546 0.0515224 -0.00593836
FixedParameters: 0 0 0

#Transform 108
Transform: AffineTransform_float_3_3
Parameters: 0.999999 0.00112942 0.000552068 -0.00112559 0.999981 -0.00614763 -0.000558929 0.00614638 0.999981 -0.0702195 0.079326 -0.080866
FixedParameters: 0 0 0

#Transform 109
Transform: AffineTransform_float_3_3
Parameters: 0.999999 0.00137901 0.000544449 -0.001376 0.999984 -0.00548175 -0.000551551 0.00548124 0.999985 -0.0736654 -0.0242954 -0.0198876
FixedParameters: 0 0 0

#Transform 110
Transform: AffineTransform_float_3_3
Parameters: 0.999999 0.00126548 0.000475441 -0.00126252 0.999985 -0.00518861 -0.000481556 0.0051874 0.999987 -0.0799638 -0.0444995 0.0309577
FixedParameters: 0 0 0

#Transform 111
Transform: AffineTransform_float_3_3
Parameters: 1 0.000950392 0.000477267 -0.00094761 0.999987 -0.00498646 -0.000481731 0.00498555 0.999988 -0.0735801 -0.0447577 0.0401108
FixedParameters: 0 0 0

#Transform 112
Transform: AffineTransform_float_3_3
Parameters: 0.999999 0.000891462 0.000477431 -0.00088854 0.999987 -0.00513243 -0.000481567 0.00513257 0.999986 -0.0732342 -0.00766527 0.0652355
FixedParameters: 0 0 0

#Transform 113
Transform: AffineTransform_float_3_3
Parameters: 0.999999 0.000621743 0.000807369 -0.000617252 0.999982 -0.0058625 -0.000811632 0.0058615 0.999983 -0.0694373 0.0192463 0.107392
FixedParameters: 0 0 0

#Transform 114
Transform: AffineTransform_float_3_3
Parameters: 0.999999 0.000425758 0.000834086 -0.000420243 0.999976 -0.00689035 -0.000836915 0.00689065 0.999976 -0.082344 -0.00878006 0.149799
FixedParameters: 0 0 0

#Transform 115
Transform: AffineTransform_float_3_3
Parameters: 0.999999 -0.00165057 0.000733932 0.00166144 0.999894 -0.0144518 -0.000710063 0.0144532 0.999896 0.12843 0.244909 -0.721833
FixedParameters: 0 0 0

#Transform 116
Transform: AffineTransform_float_3_3
Parameters: 0.999996 -0.00243316 0.00151254 0.00246882 0.999722 -0.0234734 -0.00145444 0.0234777 0.999724 0.167391 0.211689 -1.39941
FixedParameters: 0 0 0

#Transform 117
Transform: AffineTransform_float_3_3
Parameters: 0.999996 -0.00251917 0.00134356 0.00254583 0.999789 -0.0203537 -0.00129245 0.0203573 0.999792 0.0745864 -0.141611 -0.616143
FixedParameters: 0 0 0

#Transform 118
Transform: AffineTransform_float_3_3
Parameters: 0.999994 -0.00254712 0.00229785 0.00259888 0.999735 -0.0228642 -0.00223916 0.0228698 0.999736 0.054509 0.00443117 -0.486382
FixedParameters: 0 0 0

#Transform 119
Transform: AffineTransform_float_3_3
Parameters: 0.999995 -0.00119688 0.00295735 0.00126714 0.999716 -0.0238234 -0.00292864 0.0238266 0.999712 -0.00304232 0.160789 -0.656014
FixedParameters: 0 0 0

#Transform 120
Transform: AffineTransform_float_3_3
Parameters: 0.999994 -0.00109194 0.00311631 0.00115908 0.999766 -0.0215995 -0.00309268 0.0216035 0.999762 0.00518976 0.124731 -0.638791
FixedParameters: 0 0 0

#Transform 121
Transform: AffineTransform_float_3_3
Parameters: 0.999996 -0.00160337 0.00239686 0.00164963 0.999807 -0.0195811 -0.00236515 0.0195849 0.999806 0.0334377 0.114363 -0.52588
FixedParameters: 0 0 0

#Transform 122
Transform: AffineTransform_float_3_3
Parameters: 0.999997 -0.00160756 0.00184119 0.00164745 0.999765 -0.021621 -0.0018068 0.021624 0.999764 0.00991619 0.12342 -0.510298
FixedParameters: 0 0 0

#Transform 123
Transform: AffineTransform_float_3_3
Parameters: 0.999997 -0.000895676 0.00217133 0.000948317 0.999707 -0.024218 -0.00214866 0.02422 0.999705 -0.0356707 0.23745 -0.555768
FixedParameters: 0 0 0

#Transform 124
Transform: AffineTransform_float_3_3
Parameters: 0.999997 -0.000291459 0.0024484 0.000355557 0.999662 -0.0259922 -0.00244058 0.0259928 0.999659 -0.0563225 0.29068 -0.651817
FixedParameters: 0 0 0

#Transform 125
Transform: AffineTransform_float_3_3
Parameters: 0.999997 -0.000232838 0.00265464 0.000299147 0.999688 -0.0249503 -0.00264736 0.0249507 0.999685 -0.0748997 0.167726 -0.599821
FixedParameters: 0 0 0

#Transform 126
Transform: AffineTransform_float_3_3
Parameters: 0.999997 -0.000555428 0.00245126 0.000615564 0.999703 -0.0243686 -0.00243672 0.0243704 0.9997 -0.0709604 0.100932 -0.548212
FixedParameters: 0 0 0

#Transform 127
Transform: AffineTransform_float_3_3
Parameters: 0.999997 -0.000546371 0.00217463 0.000598613 0.999717 -0.0238118 -0.00216036 0.0238132 0.999714 -0.0524593 0.0856025 -0.512012
FixedParameters: 0 0 0

#Transform 128
Transform: AffineTransform_float_3_3
Parameters: 0.999998 -0.000666712 0.00217935 0.000721303 0.999687 -0.0250045 -0.00216264 0.0250065 0.999685 -0.0675426 0.14555 -0.545172
FixedParameters: 0 0 0

#Transform 129
Transform: AffineTransform_float_3_3
Parameters: 0.999997 -0.000765079 0.00222675 0.000822929 0.999659 -0.0261283 -0.00220625 0.0261298 0.999656 -0.0508891 0.203792 -0.636884
FixedParameters: 0 0 0

#Transform 130
Transform: AffineTransform_float_3_3
Parameters: 0.999997 -0.000546744 0.00208925 0.000602276 0.999647 -0.0265398 -0.00207475 0.0265402 0.999645 -0.052482 0.195918 -0.681443
FixedParameters: 0 0 0

#Transform 131
Transform: AffineTransform_float_3_3
Parameters: 0.999997 -0.000819935 0.00223675 0.000877072 0.999671 -0.0256321 -0.00221525 0.0256339 0.999669 -0.0557685 0.100218 -0.618965
FixedParameters: 0 0 0

#Transform 132
Transform: AffineTransform_float_3_3
Parameters: 0.999997 -0.00117177 0.0020531 0.00122223 0.999684 -0.0251306 -0.00202292 0.0251335 0.999682 -0.0461599 0.111133 -0.53555
FixedParameters: 0 0 0

#Transform 133
Transform: AffineTransform_float_3_3
Parameters: 0.999998 -0.000952076 0.00214278 0.0010069 0.999679 -0.0253069 -0.0021172 0.0253091 0.999678 -0.0579209 0.153849 -0.509564
FixedParameters: 0 0 0

#Transform 134
Transform: AffineTransform_float_3_3
Parameters: 0.999998 -0.00107115 0.00177709 0.00111787 0.999646 -0.0265751 -0.00174891 0.0265769 0.999645 -0.061639 0.221244 -0.578209
FixedParameters: 0 0 0

#Transform 135
Transform: AffineTransform_float_3_3
Parameters: 0.999999 -0.000709535 0.00157779 0.000751472 0.999633 -0.0270789 -0.00155822 0.0270801 0.999632 -0.054637 0.286582 -0.666517
FixedParameters: 0 0 0

#Transform 136
Transform: AffineTransform_float_3_3
Parameters: 0.999998 -0.000799757 0.00147004 0.000838241 0.999638 -0.0268908 -0.00144798 0.0268922 0.999638 -0.0474302 0.227229 -0.701302
FixedParameters: 0 0 0

#Transform 137
Transform: AffineTransform_float_3_3
Parameters: 0.999998 -0.000989114 0.00186759 0.0010359 0.99968 -0.0252731 -0.00184241 0.0252749 0.999679 -0.0496973 0.100429 -0.556044
FixedParameters: 0 0 0

#Transform 138
Transform: AffineTransform_float_3_3
Parameters: 0.999997 -0.0013525 0.00176991 0.00139748 0.999676 -0.0253896 -0.00173408 0.0253914 0.999676 -0.0408626 0.102149 -0.528053
FixedParameters: 0 0 0

#Transform 139
Transform: AffineTransform_float_3_3
Parameters: 0.999998 -0.00185107 0.00143846 0.00188692 0.999676 -0.0253893 -0.00139054 0.0253916 0.999676 -0.016554 0.111876 -0.519832
FixedParameters: 0 0 0

#Transform 140
Transform: AffineTransform_float_3_3
Parameters: 0.999997 -0.00113984 0.0019 0.00119015 0.999645 -0.0266088 -0.00186899 0.0266112 0.999644 -0.0423587 0.192335 -0.619757
FixedParameters: 0 0 0

#Transform 141
Transform: AffineTransform_float_3_3
Parameters: 0.999997 -0.00110192 0.00186846 0.0011521 0.999635 -0.0270189 -0.00183854 0.0270211 0.999633 -0.0282757 0.209414 -0.676507
FixedParameters: 0 0 0

#Transform 142
Transform: AffineTransform_float_3_3
Parameters: 0.999998 -0.00111396 0.00199595 0.00116604 0.999655 -0.0262648 -0.00196605 0.0262673 0.999653 -0.0357975 0.149574 -0.629227
FixedParameters: 0 0 0

#Transform 143
Transform: AffineTransform_float_3_3
Parameters: 0.999996 -0.00219628 0.00144887 0.00223373 0.999645 -0.0265699 -0.00139014 0.0265732 0.999646 0.0178806 0.125875 -0.572951
FixedParameters: 0 0 0

#Transform 144
Transform: AffineTransform_float_3_3
Parameters: 0.999997 -0.00233234 0.00127558 0.00236568 0.999631 -0.0270581 -0.00121243 0.0270619 0.999633 0.0074452 0.145512 -0.516002
FixedParameters: 0 0 0

#Transform 145
Transform: AffineTransform_float_3_3
Parameters: 0.999996 -0.00263331 0.0011383 0.00266268 0.999634 -0.0269171 -0.00106671 0.0269199 0.999637 0.0279189 0.189467 -0.529056
FixedParameters: 0 0 0

#Transform 146
Transform: AffineTransform_float_3_3
Parameters: 0.999998 -0.00197973 0.00112788 0.00201028 0.999619 -0.0275028 -0.00107312 0.0275052 0.999621 0.00993986 0.260225 -0.640034
FixedParameters: 0 0 0

#Transform 147
Transform: AffineTransform_float_3_3
Parameters: 0.999998 -0.00178679 0.00109585 0.00181721 0.9996 -0.0282161 -0.00104514 0.0282179 0.999601 0.0303763 0.253165 -0.724723
FixedParameters: 0 0 0

#Transform 148
Transform: AffineTransform_float_3_3
Parameters: 0.999998 -0.00197419 0.0010747 0.00200282 0.999619 -0.0275019 -0.0010203 0.0275041 0.999621 0.0194896 0.124591 -0.661618
FixedParameters: 0 0 0

#Transform 149
Transform: AffineTransform_float_3_3
Parameters: 0.999998 -0.00216035 0.000715959 0.00217966 0.999629 -0.0271685 -0.000657024 0.0271695 0.99963 0.0258761 0.102034 -0.595634
FixedParameters: 0 0 0

#Transform 150
Transform: AffineTransform_float_3_3
Parameters: 0.999998 -0.00228021 0.000358272 0.00228878 0.999638 -0.0268143 -0.000296735 0.0268148 0.999641 0.0359812 0.0810766 -0.537022
FixedParameters: 0 0 0

#Transform 151
Transform: AffineTransform_float_3_3
Parameters: 0.999998 -0.0022045 0.000557801 0.0022195 0.99962 -0.0274838 -0.000497186 0.0274852 0.999622 0.0244833 0.152299 -0.560952
FixedParameters: 0 0 0

#Transform 152
Transform: AffineTransform_float_3_3
Parameters: 0.999997 -0.0019689 0.000858087 0.0019921 0.999612 -0.0278094 -0.00080291 0.0278106 0.999613 0.0238096 0.20811 -0.635208
FixedParameters: 0 0 0

#Transform 153
Transform: AffineTransform_float_3_3
Parameters: 0.999998 -0.00170042 0.000780818 0.00172258 0.999591 -0.0285217 -0.000732167 0.0285223 0.999593 0.014941 0.26418 -0.718329
FixedParameters: 0 0 0

#Transform 154
Transform: AffineTransform_float_3_3
Parameters: 0.999998 -0.0017565 0.000747592 0.00177651 0.999636 -0.0269397 -0.000700394 0.0269413 0.999637 0.0196031 0.151739 -0.61352
FixedParameters: 0 0 0

#Transform 155
Transform: AffineTransform_float_3_3
Parameters: 0.999997 -0.00213886 0.00101031 0.00216514 0.999643 -0.0266279 -0.000952682 0.0266301 0.999645 0.0166871 0.131631 -0.560111
FixedParameters: 0 0 0

#Transform 156
Transform: AffineTransform_float_3_3
Parameters: 0.999997 -0.00219164 0.00106902 0.00221936 0.999652 -0.0263037 -0.00101097 0.0263063 0.999654 0.0311726 0.122896 -0.50213
FixedParameters: 0 0 0

#Transform 157
Transform: AffineTransform_float_3_3
Parameters: 0.999997 -0.00217286 0.00116409 0.00220414 0.99962 -0.0274515 -0.00110391 0.0274535 0.999623 0.0371419 0.181928 -0.550508
FixedParameters: 0 0 0

#Transform 158
Transform: AffineTransform_float_3_3
Parameters: 0.999998 -0.0018048 0.000896478 0.00182922 0.999613 -0.0277764 -0.000846516 0.0277776 0.999614 0.0454975 0.224455 -0.643215
FixedParameters: 0 0 0

#Transform 159
Transform: AffineTransform_float_3_3
Parameters: 0.999998 -0.00176172 0.000633309 0.0017793 0.999594 -0.0284109 -0.000583683 0.0284121 0.999596 0.0375856 0.232049 -0.708577
FixedParameters: 0 0 0

#Transform 160
Transform: AffineTransform_float_3_3
Parameters: 0.999999 -0.00162201 0.000787783 0.001643 0.999623 -0.0274258 -0.000743218 0.0274273 0.999624 0.0625353 0.124697 -0.627305
FixedParameters: 0 0 0

#Transform 161
Transform: AffineTransform_float_3_3
Parameters: 0.999998 -0.00180995 0.000535968 0.00182405 0.999621 -0.0274951 -0.000486031 0.0274959 0.999622 0.0386836 0.10322 -0.560155
FixedParameters: 0 0 0

#Transform 162
Transform: AffineTransform_float_3_3
Parameters: 0.999998 -0.00201423 0.000346514 0.00202278 0.99962 -0.0274953 -0.000291491 0.0274966 0.999622 0.0589033 0.124581 -0.529349
FixedParameters: 0 0 0

#Transform 163
Transform: AffineTransform_float_3_3
Parameters: 0.999998 -0.00199856 -2.60236e-05 0.00199745 0.999592 -0.0285141 8.29889e-05 0.0285139 0.999594 0.0419667 0.205506 -0.587472
FixedParameters: 0 0 0

#Transform 164
Transform: AffineTransform_float_3_3
Parameters: 0.999998 -0.00167544 -0.000364956 0.00166456 0.999568 -0.0293666 0.000414061 0.0293663 0.999568 0.0613921 0.250276 -0.697623
FixedParameters: 0 0 0

#Transform 165
Transform: AffineTransform_float_3_3
Parameters: 0.999998 -0.00165827 0.000216627 0.00166471 0.999553 -0.0298687 -0.000166351 0.0298693 0.999554 0.0433137 0.257171 -0.753593
FixedParameters: 0 0 0

#Transform 166
Transform: AffineTransform_float_3_3
Parameters: 0.999998 -0.00165847 0.000215049 0.00166452 0.999581 -0.0289177 -0.000166936 0.0289173 0.999582 0.0604556 0.140376 -0.642271
FixedParameters: 0 0 0

#Transform 167
Transform: AffineTransform_float_3_3
Parameters: 0.999998 -0.00194237 0.000223161 0.00194763 0.999582 -0.0288656 -0.000166851 0.0288654 0.999584 0.0404777 0.161558 -0.611387
FixedParameters: 0 0 0

#Transform 168
Transform: AffineTransform_float_3_3
Parameters: 0.999997 -0.00234367 0.000408419 0.00235432 0.999536 -0.0303921 -0.000336602 0.0303929 0.999538 0.051482 0.171031 -0.598362
FixedParameters: 0 0 0

#Transform 169
Transform: AffineTransform_float_3_3
Parameters: 0.999998 -0.00221983 0.000235186 0.00222616 0.999527 -0.0306665 -0.00016681 0.0306664 0.999529 0.0428099 0.220569 -0.62453
FixedParameters: 0 0 0

#Transform 170
Transform: AffineTransform_float_3_3
Parameters: 0.999998 -0.0017806 -0.000179549 0.00177439 0.999494 -0.0317544 0.000236463 0.0317536 0.999495 0.0405379 0.303242 -0.719523
FixedParameters: 0 0 0

#Transform 171
Transform: AffineTransform_float_3_3
Parameters: 0.999998 -0.00167913 -0.000422895 0.00166386 0.999435 -0.0335547 0.000479098 0.0335532 0.999437 0.0630769 0.308926 -0.811619
FixedParameters: 0 0 0

#Transform 172
Transform: AffineTransform_float_3_3
Parameters: 0.999999 -0.00137626 -4.73803e-05 0.00137375 0.999473 -0.0324391 9.16113e-05 0.0324389 0.999473 0.0747375 0.226657 -0.726227
FixedParameters: 0 0 0

#Transform 173
Transform: AffineTransform_float_3_3
Parameters: 0.999998 -0.0016721 -0.000220455 0.00166388 0.999464 -0.0326914 0.000275543 0.0326916 0.999466 0.0614363 0.198368 -0.675559
FixedParameters: 0 0 0

#Transform 174
Transform: AffineTransform_float_3_3
Parameters: 0.999998 -0.00225464 -0.000200369 0.00224638 0.999477 -0.0322605 0.000272609 0.0322595 0.999479 0.0530732 0.198341 -0.578942
FixedParameters: 0 0 0

#Transform 175
Transform: AffineTransform_float_3_3
Parameters: 0.999998 -0.00198393 -0.000114937 0.00197907 0.999443 -0.0333313 0.000181065 0.0333307 0.999445 0.0456457 0.255692 -0.624616
FixedParameters: 0 0 0

#Transform 176
Transform: AffineTransform_float_3_3
Parameters: 0.999998 -0.00166646 -4.25207e-05 0.00166452 0.999403 -0.0345071 0.000100498 0.0345069 0.999405 0.0389029 0.292647 -0.719733
FixedParameters: 0 0 0

#Transform 177
Transform: AffineTransform_float_3_3
Parameters: 0.999998 -0.00167681 -0.000335306 0.0016642 0.999381 -0.0351266 0.0003937 0.0351264 0.999383 0.0592169 0.32935 -0.792134
FixedParameters: 0 0 0

#Transform 178
Transform: AffineTransform_float_3_3
Parameters: 0.999998 -0.00165528 0.00028691 0.00166473 0.999432 -0.0336786 -0.000231064 0.0336794 0.999432 0.0683879 0.191307 -0.694856
FixedParameters: 0 0 0

#Transform 179
Transform: AffineTransform_float_3_3
Parameters: 0.999998 -0.00166684 -5.74743e-05 0.00166417 0.999443 -0.0333312 0.000112531 0.0333309 0.999445 0.088261 0.187415 -0.6249
FixedParameters: 0 0 0

#Transform 180
Transform: AffineTransform_float_3_3
Parameters: 0.999998 -0.00200966 0.000379067 0.00202034 0.999461 -0.0327733 -0.000312953 0.0327747 0.999462 0.10221 0.166991 -0.57267
FixedParameters: 0 0 0

#Transform 181
Transform: AffineTransform_float_3_3
Parameters: 0.999999 -0.00185663 1.31757e-05 0.00185537 0.99942 -0.034023 5.01543e-05 0.034023 0.999421 0.0982156 0.302265 -0.702178
FixedParameters: 0 0 0

#Transform 182
Transform: AffineTransform_float_3_3
Parameters: 0.999999 -0.00142271 9.05096e-05 0.00142527 0.999394 -0.0347609 -4.04806e-05 0.0347611 0.999395 0.104002 0.300463 -0.771333
FixedParameters: 0 0 0

#Transform 183
Transform: AffineTransform_float_3_3
Parameters: 0.999999 -0.0012912 -0.000271351 0.00128182 0.999396 -0.0347064 0.000315677 0.0347056 0.999397 0.0879868 0.250652 -0.786617
FixedParameters: 0 0 0

#Transform 184
Transform: AffineTransform_float_3_3
Parameters: 0.999999 -0.00128064 3.22798e-05 0.00128135 0.999429 -0.033781 1.12918e-05 0.033781 0.99943 0.100313 0.198142 -0.67562
FixedParameters: 0 0 0

#Transform 185
Transform: AffineTransform_float_3_3
Parameters: 0.999998 -0.00173416 0.000296413 0.00174383 0.999454 -0.0330135 -0.000238559 0.0330145 0.999455 0.0811024 0.171586 -0.606425
FixedParameters: 0 0 0

#Transform 186
Transform: AffineTransform_float_3_3
Parameters: 0.999998 -0.00174309 2.64504e-05 0.00174289 0.999437 -0.033524 3.2447e-05 0.033524 0.999438 0.104598 0.215544 -0.585937
FixedParameters: 0 0 0

#Transform 187
Transform: AffineTransform_float_3_3
Parameters: 0.999999 -0.00181394 0.000235088 0.00182106 0.999396 -0.0347016 -0.00017191 0.0347014 0.999397 0.08108 0.300289 -0.699759
FixedParameters: 0 0 0

#Transform 188
Transform: AffineTransform_float_3_3
Parameters: 0.999999 -0.0013891 0.000220881 0.0013959 0.999383 -0.0350907 -0.000172122 0.0350913 0.999384 0.102952 0.349063 -0.77459
FixedParameters: 0 0 0

#Transform 189
Transform: AffineTransform_float_3_3
