#Insight Transform File V1.0
#Transform 0
Transform: AffineTransform_float_3_3
Parameters: 0.999999 0.000766976 6.13006e-05 -0.000767024 0.999999 0.000391953 -6.16993e-05 -0.000392047 1 -0.0304267 0.0795522 0.138069
FixedParameters: 0 0 0

#Transform 1
Transform: AffineTransform_float_3_3
Parameters: 1 0.000604989 -0.000207033 -0.000605011 1 -5.48747e-05 0.000206967 5.41252e-05 1 -0.0352925 0.127954 0.0851593
FixedParameters: 0 0 0

#Transform 2
Transform: AffineTransform_float_3_3
Parameters: 0.999999 0.000767085 -0.000209686 -0.000766913 0.999999 0.000409161 0.000210314 -0.000408839 1 -0.0421688 0.0147998 0.103459
FixedParameters: 0 0 0

#Transform 3
Transform: AffineTransform_float_3_3
Parameters: 1 0.000362036 -0.000166922 -0.000361964 1 0.00021506 0.000167078 -0.00021494 1 -0.0402704 0.0666461 0.105348
FixedParameters: 0 0 0

#Transform 4
Transform: AffineTransform_float_3_3
Parameters: 0.999999 0.000767016 -8.58527e-05 -0.000766983 0.999999 0.000192066 8.61472e-05 -0.000191934 1 -0.0441121 -0.00147887 0.102545
FixedParameters: 0 0 0

#Transform 5
Transform: AffineTransform_float_3_3
Parameters: 1 0.000315968 -0.000381027 -0.000316033 1 -8.58796e-05 0.000380973 8.51204e-05 1 -0.0366162 0.0551203 0.0787439
FixedParameters: 0 0 0

#Transform 6
Transform: AffineTransform_float_3_3
Parameters: 1 0.000265047 -0.000222944 -0.000264953 1 0.000211059 0.000223056 -0.000210941 1 -0.038806 0.0506748 0.0800978
FixedParameters: 0 0 0

#Transform 7
Transform: AffineTransform_float_3_3
Parameters: 1 0.000213961 -0.000381022 -0.000214038 1 -0.000100918 0.000380978 0.000101082 1 -0.0165282 0.0731653 0.0639087
FixedParameters: 0 0 0

#Transform 8
Transform: AffineTransform_float_3_3
Parameters: 1 1.8903e-05 -0.000622003 -1.9097e-05 1 -0.000155988 0.000621997 0.000156012 1 0.000298984 0.109729 0.0248938
FixedParameters: 0 0 0

#Transform 9
Transform: AffineTransform_float_3_3
Parameters: 1 0.000205889 -0.00038106 -0.000206111 1 -0.000291921 0.00038094 0.000292078 1 -0.0046519 0.0563972 0.000566257
FixedParameters: 0 0 0

#Transform 10
Transform: AffineTransform_float_3_3
Parameters: 1 0.000407039 -8.38091e-05 -0.00040696 1 0.000469034 8.41908e-05 -0.000468966 1 -0.0257008 -0.0132797 0.0596963
FixedParameters: 0 0 0

#Transform 11
Transform: AffineTransform_float_3_3
Parameters: 1 0.000331901 0.000252131 -0.000332099 1 0.000393916 -0.000251869 -0.000394084 1 -0.0368439 -0.0480507 0.0732611
FixedParameters: 0 0 0

#Transform 12
Transform: AffineTransform_float_3_3
Parameters: 1 0.000118005 -3.89842e-05 -0.000117995 1 0.000134005 3.90158e-05 -0.000133995 1 -0.034555 0.0334706 0.0482707
FixedParameters: 0 0 0

#Transform 13
Transform: AffineTransform_float_3_3
Parameters: 1 0.000118051 -0.000380984 -0.000117949 1 0.000134045 0.000381016 -0.000133955 1 -0.00410224 -0.0662397 0.0498029
FixedParameters: 0 0 0

#Transform 14
Transform: AffineTransform_float_3_3
Parameters: 1 -7.20047e-05 1.09693e-05 7.19953e-05 1 0.000426001 -1.10307e-05 -0.000425999 1 -0.00892458 0.0462793 0.0326828
FixedParameters: 0 0 0

#Transform 15
Transform: AffineTransform_float_3_3
Parameters: 1 -8.20645e-05 0.000101948 8.19354e-05 1 0.000633008 -0.000102052 -0.000632991 1 -0.0103688 0.0597079 0.0103149
FixedParameters: 0 0 0

#Transform 16
Transform: AffineTransform_float_3_3
Parameters: 1 0.000117812 -0.000538041 -0.000118188 1 -0.000349936 0.000537958 0.000350063 1 0.0211858 0.109763 -0.0256526
FixedParameters: 0 0 0

#Transform 17
Transform: AffineTransform_float_3_3
Parameters: 1 0.000118051 -0.000380984 -0.000117949 1 0.000135045 0.000381016 -0.000134955 1 0.0132528 -0.0282261 -0.00142636
FixedParameters: 0 0 0

#Transform 18
Transform: AffineTransform_float_3_3
Parameters: 1 0.000118001 6.29978e-05 -0.000117999 1 -1.90074e-05 -6.30022e-05 1.89926e-05 1 -0.0109539 -0.0158671 0.0128969
FixedParameters: 0 0 0

#Transform 19
Transform: AffineTransform_float_3_3
Parameters: 1 0.000117967 0.000156025 -0.000118033 1 0.000212982 -0.000155975 -0.000213018 1 -0.0124087 -0.0194196 0.00171587
FixedParameters: 0 0 0

#Transform 20
Transform: AffineTransform_float_3_3
Parameters: 1 0.000117994 5.40133e-05 -0.000118006 1 0.000112994 -5.39867e-05 -0.000113006 1 -0.0108302 -0.0179086 -0.00392136
FixedParameters: 0 0 0

#Transform 21
Transform: AffineTransform_float_3_3
Parameters: 1 0.000117963 0.000397011 -0.000118037 1 9.29531e-05 -0.000396989 -9.30468e-05 1 -0.0161568 0.0352439 -0.00518049
FixedParameters: 0 0 0

#Transform 22
Transform: AffineTransform_float_3_3
Parameters: 1 -0.000231964 0.000173048 0.000232036 1 -0.00020696 -0.000172952 0.00020704 1 0.0107584 0.0683506 -0.0261582
FixedParameters: 0 0 0

#Transform 23
Transform: AffineTransform_float_3_3
Parameters: 1 0.000117959 -0.000157031 -0.000118041 1 -0.000260981 0.000156969 0.000261018 1 -0.00748307 0.0954962 -0.0491412
FixedParameters: 0 0 0

#Transform 24
Transform: AffineTransform_float_3_3
Parameters: 1 0.000118067 0.000134941 -0.000117933 1 -0.000499016 -0.000135059 0.000498984 1 -0.0149032 0.0110626 -0.0389629
FixedParameters: 0 0 0

#Transform 25
Transform: AffineTransform_float_3_3
Parameters: 1 0.000118167 0.000416953 -0.000118833 1 -0.000400049 -0.000417047 0.000399951 1 -0.0164767 0.00941421 -0.011811
FixedParameters: 0 0 0

#Transform 26
Transform: AffineTransform_float_3_3
Parameters: 1 0.000118005 3.59823e-05 -0.000117995 1 -0.000150004 -3.60177e-05 0.000149996 1 -0.0105441 -0.0307791 -0.020185
FixedParameters: 0 0 0

#Transform 27
Transform: AffineTransform_float_3_3
Parameters: 1 0.000190051 0.000340971 -0.000190949 1 -0.000150065 -0.000341029 0.000149935 1 -0.025742 -0.0402447 -0.0300495
FixedParameters: 0 0 0

#Transform 28
Transform: AffineTransform_float_3_3
Parameters: 1 -0.000188782 0.000403102 0.000189218 1 -0.000539924 -0.000402898 0.000540076 1 -0.0143811 -0.0237104 -0.0428628
FixedParameters: 0 0 0

#Transform 29
Transform: AffineTransform_float_3_3
Parameters: 1 -0.000236968 5.11488e-05 0.000237032 1 -0.000627988 -5.08511e-05 0.000628012 1 0.0110637 0.0875861 -0.0773269
FixedParameters: 0 0 0

#Transform 30
Transform: AffineTransform_float_3_3
Parameters: 1 -0.000146168 -0.000380936 0.000146832 1 -0.000440056 0.000381065 0.000439944 1 0.0180595 0.0499895 -0.0778279
FixedParameters: 0 0 0

#Transform 31
Transform: AffineTransform_float_3_3
Parameters: 1 -0.000146325 -0.000442893 0.000146675 0.999999 -0.000734065 0.000442108 0.000733935 0.999999 0.0149337 0.0337985 -0.0759319
FixedParameters: 0 0 0

#Transform 32
Transform: AffineTransform_float_3_3
Parameters: 1 -0.00014599 1.70883e-05 0.00014601 1 -0.000604997 -1.69117e-05 0.000605002 1 -0.0207669 0.0164994 -0.0466001
FixedParameters: 0 0 0

#Transform 33
Transform: AffineTransform_float_3_3
Parameters: 1 -1.89403e-05 0.000217005 1.90597e-05 1 -0.000274996 -0.000216995 0.000275004 1 -0.0124619 -0.0210893 -0.0451628
FixedParameters: 0 0 0

#Transform 34
Transform: AffineTransform_float_3_3
Parameters: 1 -0.000145743 0.00047008 0.000146257 1 -0.000546931 -0.00046992 0.000547068 0.999999 -0.0156523 0.0118931 -0.0478433
FixedParameters: 0 0 0

#Transform 35
Transform: AffineTransform_float_3_3
Parameters: 1 -0.000145962 8.30664e-05 0.000146038 1 -0.000454988 -8.29336e-05 0.000455012 1 -0.00959009 0.0204584 -0.0458815
FixedParameters: 0 0 0

#Transform 36
Transform: AffineTransform_float_3_3
Parameters: 1 -0.000145963 0.00027402 0.000146037 1 -0.00013496 -0.00027398 0.00013504 1 -0.00377859 0.0503006 -0.0443649
FixedParameters: 0 0 0

#Transform 37
Transform: AffineTransform_float_3_3
Parameters: 1 -0.000146006 -1.99555e-05 0.000145994 1 -0.000305003 2.00445e-05 0.000304997 1 0.0113175 0.0529015 -0.0635442
FixedParameters: 0 0 0

#Transform 38
Transform: AffineTransform_float_3_3
Parameters: 1 -0.000146007 -1.09111e-05 0.000145993 1 -0.000609001 1.10889e-05 0.000608998 1 -0.0081624 0.0638605 -0.0914024
FixedParameters: 0 0 0

#Transform 39
Transform: AffineTransform_float_3_3
Parameters: 1 -0.000145967 0.000279017 0.000146033 1 -0.000116959 -0.000278983 0.000117041 1 -0.0126244 -0.05335 -0.0497007
FixedParameters: 0 0 0

#Transform 40
Transform: AffineTransform_float_3_3
Parameters: 1 -0.000145919 0.000260045 0.000146081 1 -0.000310962 -0.000259955 0.000311038 1 -0.0123774 -0.00747998 -0.0566886
FixedParameters: 0 0 0

#Transform 41
Transform: AffineTransform_float_3_3
Parameters: 1 -0.000395981 0.000260028 0.000396019 1 -7.1897e-05 -0.000259971 7.21029e-05 1 -0.0107697 -0.0103341 -0.0551358
FixedParameters: 0 0 0

#Transform 42
Transform: AffineTransform_float_3_3
Parameters: 1 -0.000138892 0.000328046 0.000139108 1 -0.000328954 -0.000327954 0.000328046 1 -0.0134121 -0.00724376 -0.0570448
FixedParameters: 0 0 0

#Transform 43
Transform: AffineTransform_float_3_3
Parameters: 1 -0.000206904 0.000211095 0.000207096 1 -0.000456956 -0.000210906 0.000456044 1 -0.0111913 0.0576503 -0.076902
FixedParameters: 0 0 0

#Transform 44
Transform: AffineTransform_float_3_3
Parameters: 1 -0.000206856 0.000254117 0.000207144 1 -0.000565947 -0.000253883 0.000566052 1 0.00618969 0.0632808 -0.0972919
FixedParameters: 0 0 0

#Transform 45
Transform: AffineTransform_float_3_3
Parameters: 1 -0.000206836 0.000305111 0.000207164 1 -0.000536937 -0.000304889 0.000537063 1 -0.0126161 0.0588907 -0.0835386
FixedParameters: 0 0 0

#Transform 46
Transform: AffineTransform_float_3_3
Parameters: 1 -0.000124821 0.000412054 0.000125179 1 -0.000433948 -0.000411946 0.000434051 1 -0.0148213 -0.0100005 -0.0732491
FixedParameters: 0 0 0

#Transform 47
Transform: AffineTransform_float_3_3
Parameters: 1 -0.000206574 0.000406217 0.000206426 1 -0.00104892 -0.000405784 0.00104908 1 -0.0112947 0.0128103 -0.0770487
FixedParameters: 0 0 0

#Transform 48
Transform: AffineTransform_float_3_3
Parameters: 0.999999 -0.000456325 0.000561549 0.000456676 0.999999 -0.00120274 -0.000561451 0.00120326 0.999999 -0.0150408 -0.0263397 -0.0905119
FixedParameters: 0 0 0

#Transform 49
Transform: AffineTransform_float_3_3
Parameters: 1 -0.000206191 0.000504331 0.000206808 0.999998 -0.00160389 -0.000503669 0.0016041 0.999998 -0.0157639 0.0433244 -0.119428
FixedParameters: 0 0 0

#Transform 50
Transform: AffineTransform_float_3_3
Parameters: 1 -0.000206522 0.000399248 0.000206478 1 -0.00119792 -0.000398753 0.00119808 0.999999 -0.0140975 0.0195043 -0.129792
FixedParameters: 0 0 0

#Transform 51
Transform: AffineTransform_float_3_3
Parameters: 1 -0.000267211 0.000399529 0.000268788 0.999998 -0.00197589 -0.00039847 0.00197611 0.999998 0.00470642 0.0799546 -0.1908
FixedParameters: 0 0 0

#Transform 52
Transform: AffineTransform_float_3_3
Parameters: 1 -0.00020632 0.000399352 0.000206679 0.999998 -0.00170392 -0.000398648 0.00170408 0.999998 -0.0140992 -0.00437317 -0.154195
FixedParameters: 0 0 0

#Transform 53
Transform: AffineTransform_float_3_3
Parameters: 1 -0.000206337 0.000399343 0.000206662 0.999998 -0.00166092 -0.000398657 0.00166108 0.999998 -0.0308681 0.0112888 -0.13577
FixedParameters: 0 0 0

#Transform 54
Transform: AffineTransform_float_3_3
Parameters: 0.999999 -0.000205876 0.000807287 0.000207124 0.999999 -0.00139283 -0.000806712 0.00139317 0.999998 -0.0311292 0.0326599 -0.118444
FixedParameters: 0 0 0

#Transform 55
Transform: AffineTransform_float_3_3
Parameters: 1 -0.000206444 0.000399288 0.000206556 0.999999 -0.00139292 -0.000398713 0.00139308 0.999999 -0.01409 0.0326011 -0.116755
FixedParameters: 0 0 0

#Transform 56
Transform: AffineTransform_float_3_3
Parameters: 1 -0.000206287 0.000512288 0.000206714 0.999999 -0.00139289 -0.000512712 0.00139311 0.999999 -0.0159314 0.0705166 -0.123805
FixedParameters: 0 0 0

#Transform 57
Transform: AffineTransform_float_3_3
Parameters: 1 -0.000206567 0.000399224 0.000206432 1 -0.00108392 -0.000398777 0.00108408 1 -0.0140814 0.058031 -0.114728
FixedParameters: 0 0 0

#Transform 58
Transform: AffineTransform_float_3_3
Parameters: 1 -0.000206762 0.000160307 0.000207237 0.999999 -0.00148597 -0.000159692 0.00148603 0.999999 -0.0104146 0.114248 -0.116436
FixedParameters: 0 0 0

#Transform 59
Transform: AffineTransform_float_3_3
Parameters: 1 -0.000206656 0.000299238 0.000207344 1 -0.00114994 -0.000298762 0.00115006 1 -0.0284274 0.00147061 -0.0781833
FixedParameters: 0 0 0

#Transform 60
Transform: AffineTransform_float_3_3
Parameters: 1 2.64154e-05 0.000398973 -2.55846e-05 1 -0.00104101 -0.000399027 0.00104099 1 -0.0253799 -0.0209138 -0.0778911
FixedParameters: 0 0 0

#Transform 61
Transform: AffineTransform_float_3_3
Parameters: 1 -0.000206357 0.000649205 0.000206642 0.999999 -0.000989866 -0.000648796 0.000990134 1 -0.0179748 -0.00466066 -0.0783698
FixedParameters: 0 0 0

#Transform 62
Transform: AffineTransform_float_3_3
Parameters: 1 -0.000206772 0.0004701 0.000207228 1 -0.000484902 -0.000469899 0.000485097 1 -0.0152389 0.02126 -0.0745049
FixedParameters: 0 0 0

#Transform 63
Transform: AffineTransform_float_3_3
Parameters: 1 -0.000206648 0.000391186 0.000207351 0.999999 -0.000898918 -0.000390814 0.00089908 0.999999 -0.0140027 0.0456496 -0.102939
FixedParameters: 0 0 0

#Transform 64
Transform: AffineTransform_float_3_3
Parameters: 1 -0.000257726 0.00026127 0.000257275 1 -0.00104793 -0.000261731 0.00104807 1 -0.0116539 0.0771848 -0.120163
FixedParameters: 0 0 0

#Transform 65
Transform: AffineTransform_float_3_3
Parameters: 1 -0.000260234 0.000590338 0.000260766 0.999999 -0.00129785 -0.000589662 0.00129815 0.999999 -0.0292669 0.055031 -0.0840927
FixedParameters: 0 0 0

#Transform 66
Transform: AffineTransform_float_3_3
Parameters: 1 -0.00020644 0.000534217 0.000206561 1 -0.00104789 -0.000534784 0.00104811 1 -0.0162245 0.0336936 -0.0978669
FixedParameters: 0 0 0

#Transform 67
Transform: AffineTransform_float_3_3
Parameters: 1 -0.000206399 0.000573217 0.000206601 1 -0.00104788 -0.000573784 0.00104812 1 -0.0168599 0.00776171 -0.0933455
FixedParameters: 0 0 0

#Transform 68
Transform: AffineTransform_float_3_3
Parameters: 1 -0.000206657 0.000513138 0.000207343 1 -0.000667893 -0.000513861 0.000668106 0.999999 -0.0158831 -0.0128753 -0.0954691
FixedParameters: 0 0 0

#Transform 69
Transform: AffineTransform_float_3_3
Parameters: 1 -0.00030054 0.000439315 0.00030146 1 -0.00104787 -0.000438684 0.00104813 1 -0.0141381 0.0282779 -0.106601
FixedParameters: 0 0 0

#Transform 70
Transform: AffineTransform_float_3_3
Parameters: 1 -0.000206753 0.000294173 0.000207246 0.999999 -0.000838938 -0.000293826 0.00083906 0.999999 -0.0124507 0.0553924 -0.128596
FixedParameters: 0 0 0

#Transform 71
Transform: AffineTransform_float_3_3
Parameters: 1 -0.000310813 0.00012945 0.000310187 0.999999 -0.00144896 -0.000128551 0.00144904 0.999999 -0.0092142 0.0684812 -0.154395
FixedParameters: 0 0 0

#Transform 72
Transform: AffineTransform_float_3_3
Parameters: 1 -0.000206536 0.00036926 0.000206465 0.999999 -0.00125692 -0.000369741 0.00125608 0.999999 -0.0236263 -0.0291905 -0.117111
FixedParameters: 0 0 0

#Transform 73
Transform: AffineTransform_float_3_3
Parameters: 1 -0.000142375 0.000484184 0.000143626 0.999999 -0.00129193 -0.000484815 0.00129207 0.999999 -0.0197975 0.0182747 -0.117702
FixedParameters: 0 0 0

#Transform 74
Transform: AffineTransform_float_3_3
Parameters: 0.999999 -0.000258152 0.000674325 0.000258847 0.999999 -0.00125683 -0.000673675 0.00125717 0.999999 -0.0180545 -0.0233641 -0.118084
FixedParameters: 0 0 0

#Transform 75
Transform: AffineTransform_float_3_3
Parameters: 0.999999 -0.000206001 0.000692298 0.000206998 0.999999 -0.00144286 -0.000691702 0.00144314 0.999998 -0.0186438 -0.0037095 -0.133455
FixedParameters: 0 0 0

#Transform 76
Transform: AffineTransform_float_3_3
Parameters: 1 -0.000284275 0.000568363 0.000284726 0.999999 -0.00127584 -0.000568637 0.00127616 0.999999 -0.0163078 0.0712791 -0.146569
FixedParameters: 0 0 0

#Transform 77
Transform: AffineTransform_float_3_3
Parameters: 1 -0.000283376 0.000445398 0.000284625 0.999999 -0.00140187 -0.000445601 0.00140213 0.999999 -0.00258807 0.0733375 -0.159709
FixedParameters: 0 0 0

#Transform 78
Transform: AffineTransform_float_3_3
Parameters: 1 -0.000546796 0.000120926 0.000547204 0.999999 -0.00169293 -0.000120074 0.00169307 0.999998 0.00049953 0.0976606 -0.152123
FixedParameters: 0 0 0

#Transform 79
Transform: AffineTransform_float_3_3
Parameters: 1 -0.000456697 0.000198698 0.000457303 0.999998 -0.00152691 -0.000198302 0.00152709 0.999999 -0.00940585 0.0472003 -0.122658
FixedParameters: 0 0 0

#Transform 80
Transform: AffineTransform_float_3_3
Parameters: 1 -0.00031022 0.000525461 0.000310781 0.999999 -0.00148484 -0.000525539 0.00148516 0.999999 -0.0154771 0.0459392 -0.125576
FixedParameters: 0 0 0

#Transform 81
Transform: AffineTransform_float_3_3
Parameters: 1 -0.000206493 0.000347302 0.000206507 0.999999 -0.00146093 -0.000346699 0.00146007 0.999999 -0.0132598 0.00932769 -0.140018
FixedParameters: 0 0 0

#Transform 82
Transform: AffineTransform_float_3_3
Parameters: 1 -0.000311028 0.000576526 0.000311971 0.999998 -0.00168682 -0.000575475 0.00168718 0.999999 -0.00491892 0.0324715 -0.175667
FixedParameters: 0 0 0

#Transform 83
Transform: AffineTransform_float_3_3
Parameters: 1 -0.000206131 0.000511351 0.000206868 0.999998 -0.00169889 -0.000510649 0.00169911 0.999999 0.00445587 0.0352493 -0.179847
FixedParameters: 0 0 0

#Transform 84
Transform: AffineTransform_float_3_3
Parameters: 1 -0.000477264 0.000375936 0.000478736 0.999998 -0.00195882 -0.000375063 0.00195918 0.999998 0.0117601 0.0559768 -0.194529
FixedParameters: 0 0 0

#Transform 85
Transform: AffineTransform_float_3_3
Parameters: 1 -0.000206399 0.000379327 0.0002066 0.999998 -0.00158392 -0.000378673 0.00158408 0.999998 -0.00543265 0.0130426 -0.167043
FixedParameters: 0 0 0

#Transform 86
Transform: AffineTransform_float_3_3
Parameters: 1 -0.000206006 0.000539381 0.000206994 0.999999 -0.00184389 -0.000538619 0.00184411 0.999998 -0.0162596 0.0352444 -0.170248
FixedParameters: 0 0 0

#Transform 87
Transform: AffineTransform_float_3_3
Parameters: 1 -0.00020569 0.000657411 0.000207309 0.999998 -0.00199286 -0.000656588 0.00199314 0.999998 -0.018121 0.017954 -0.171611
FixedParameters: 0 0 0

#Transform 88
Transform: AffineTransform_float_3_3
Parameters: 0.999999 -0.000359701 0.000679689 0.000361299 0.999998 -0.00191176 -0.00067931 0.00191225 0.999998 -0.0175483 0.0870547 -0.17921
FixedParameters: 0 0 0

#Transform 89
Transform: AffineTransform_float_3_3
Parameters: 1 -0.000310186 0.000487518 0.000310813 0.999998 -0.00166985 -0.000486481 0.00167015 0.999998 -0.0148558 0.0511912 -0.176796
FixedParameters: 0 0 0

#Transform 90
Transform: AffineTransform_float_3_3
Parameters: 1 -0.000330184 0.00044261 0.000330816 0.999998 -0.00184385 -0.000442391 0.00184415 0.999998 0.00572498 0.12504 -0.190525
FixedParameters: 0 0 0

#Transform 91
Transform: AffineTransform_float_3_3
Parameters: 1 -0.000228385 0.000359391 0.000229614 0.999998 -0.00171092 -0.000358608 0.00171108 0.999999 0.000753653 0.0632385 -0.177342
FixedParameters: 0 0 0

#Transform 92
Transform: AffineTransform_float_3_3
Parameters: 1 0.000101605 0.000478872 -0.000101394 0.999999 -0.00126405 -0.000479129 0.00126395 0.999999 -0.0173425 -0.00166164 -0.155062
FixedParameters: 0 0 0

#Transform 93
Transform: AffineTransform_float_3_3
Parameters: 1 -1.72073e-05 0.000665021 1.77927e-05 1 -0.00119199 -0.000664979 0.00119201 0.999999 -0.0355575 0.00481496 -0.130174
FixedParameters: 0 0 0

#Transform 94
Transform: AffineTransform_float_3_3
Parameters: 1 0.000101674 0.000574881 -0.000101326 1 -0.00117206 -0.000575119 0.00117194 0.999999 -0.0356982 0.00886388 -0.137334
FixedParameters: 0 0 0

#Transform 95
Transform: AffineTransform_float_3_3
Parameters: 0.999999 0.000101858 0.000754885 -0.000101143 1 -0.00113708 -0.000754115 0.00113692 0.999999 -0.0216373 -0.0037117 -0.13768
FixedParameters: 0 0 0

#Transform 96
Transform: AffineTransform_float_3_3
Parameters: 1 -3.60189e-05 0.000658054 3.6981e-05 0.999999 -0.00149098 -0.000657945 0.00149102 0.999998 -0.0192554 0.0275579 -0.151478
FixedParameters: 0 0 0

#Transform 97
Transform: AffineTransform_float_3_3
Parameters: 1 -0.000317422 0.000345531 0.000317578 0.999998 -0.00167289 -0.000345469 0.00167311 0.999998 0.0062804 0.0778829 -0.185303
FixedParameters: 0 0 0

#Transform 98
Transform: AffineTransform_float_3_3
Parameters: 1 -0.000469196 0.000437863 0.000469804 0.999998 -0.0018378 -0.000437137 0.00183821 0.999998 0.0100423 0.0434559 -0.180754
FixedParameters: 0 0 0

#Transform 99
Transform: AffineTransform_float_3_3
Parameters: 1 -0.000152038 0.000588249 0.000152961 0.999998 -0.00163491 -0.00058775 0.00163509 0.999998 -0.017427 0.0835004 -0.161903
FixedParameters: 0 0 0

#Transform 100
Transform: AffineTransform_float_3_3
Parameters: 1 -5.91392e-05 0.000610084 5.98606e-05 0.999999 -0.00141096 -0.000609916 0.00141104 0.999999 -0.0183338 0.0132204 -0.131836
FixedParameters: 0 0 0

#Transform 101
Transform: AffineTransform_float_3_3
Parameters: 0.999999 0.000102018 0.000774866 -0.000100982 0.999999 -0.00131408 -0.000775133 0.00131392 0.999999 -0.031885 0.0520667 -0.131895
FixedParameters: 0 0 0

#Transform 102
Transform: AffineTransform_float_3_3
Parameters: 1 0.000101812 0.000697882 -0.000101188 1 -0.00116307 -0.000698118 0.00116293 0.999999 -0.0206783 0.0245347 -0.122348
FixedParameters: 0 0 0

#Transform 103
Transform: AffineTransform_float_3_3
Parameters: 1 0.000101668 0.000680901 -0.000101332 0.999999 -0.000981069 -0.0006811 0.000980931 1 -0.0237176 0.072285 -0.129373
FixedParameters: 0 0 0

#Transform 104
Transform: AffineTransform_float_3_3
Parameters: 1 0.000101679 0.000593884 -0.00010132 1 -0.00114406 -0.000594116 0.00114394 0.999999 -0.0190994 0.0747376 -0.130101
FixedParameters: 0 0 0

#Transform 105
Transform: AffineTransform_float_3_3
Parameters: 1 0.000101509 0.000358856 -0.000101491 0.999999 -0.00141804 -0.000359144 0.00141796 0.999999 -0.0309284 0.0790078 -0.117612
FixedParameters: 0 0 0

#Transform 106
Transform: AffineTransform_float_3_3
Parameters: 1 0.000101632 0.000498872 -0.000101368 0.999999 -0.00126705 -0.000499129 0.00126695 0.999999 -0.0453169 0.027708 -0.0894855
FixedParameters: 0 0 0

#Transform 107
Transform: AffineTransform_float_3_3
Parameters: 1 0.000101695 0.000645891 -0.000101305 1 -0.00107607 -0.000646109 0.00107594 0.999999 -0.0548643 0.0120765 -0.0889977
FixedParameters: 0 0 0

#Transform 108
Transform: AffineTransform_float_3_3
Parameters: 1 0.000101582 0.000540891 -0.000101419 1 -0.00107606 -0.00054011 0.00107595 1 -0.0445938 0.0190268 -0.0939369
FixedParameters: 0 0 0

#Transform 109
Transform: AffineTransform_float_3_3
Parameters: 1 0.000101621 0.000543884 -0.000101379 1 -0.00114206 -0.000544116 0.00114195 0.999999 -0.0476785 0.043755 -0.107918
FixedParameters: 0 0 0

#Transform 110
Transform: AffineTransform_float_3_3
Parameters: 1 -0.000312342 0.000576357 0.000312659 1 -0.00114182 -0.000576643 0.00114218 0.999999 -0.0340804 0.056797 -0.108002
FixedParameters: 0 0 0

#Transform 111
Transform: AffineTransform_float_3_3
Parameters: 1 -0.000151271 0.000638173 0.00015173 1 -0.0011419 -0.000638827 0.0011421 0.999999 -0.0296227 0.0610734 -0.0905649
FixedParameters: 0 0 0

#Transform 112
Transform: AffineTransform_float_3_3
Parameters: 1 0.000101428 0.000518916 -0.000101572 0.999999 -0.000824052 -0.000519084 0.000823947 0.999999 -0.0410188 0.0447164 -0.0680182
FixedParameters: 0 0 0

#Transform 113
Transform: AffineTransform_float_3_3
Parameters: 1 -0.000114661 0.000612063 0.000114338 1 -0.00055293 -0.000611937 0.00055307 0.999999 -0.0325728 -0.0301931 -0.0727367
FixedParameters: 0 0 0

#Transform 114
Transform: AffineTransform_float_3_3
Parameters: 1 -0.000185456 0.000681148 0.000186544 0.999999 -0.000798872 -0.000680851 0.000799126 0.999999 -0.0358141 0.00622252 -0.0812793
FixedParameters: 0 0 0

#Transform 115
Transform: AffineTransform_float_3_3
Parameters: 1 -0.000104473 0.000682081 0.000105527 0.999999 -0.000772928 -0.000681919 0.000773072 1 -0.0323845 0.0545903 -0.101185
FixedParameters: 0 0 0

#Transform 116
Transform: AffineTransform_float_3_3
Parameters: 0.999999 -0.000311225 0.000723334 0.000311775 1 -0.00107178 -0.000722666 0.00107223 0.999999 -0.0185279 0.044605 -0.131848
FixedParameters: 0 0 0

#Transform 117
Transform: AffineTransform_float_3_3
Parameters: 1 -0.000311411 0.000458401 0.000311589 0.999999 -0.00128586 -0.0004576 0.00128614 0.999999 -0.0143957 0.106627 -0.124164
FixedParameters: 0 0 0

#Transform 118
Transform: AffineTransform_float_3_3
Parameters: 1 -0.000311456 0.000414409 0.000311543 0.999999 -0.00131287 -0.000413591 0.00131313 0.999999 -0.0205099 0.0403315 -0.0976792
FixedParameters: 0 0 0

#Transform 119
Transform: AffineTransform_float_3_3
Parameters: 1 -0.000311518 0.000475316 0.000311482 1 -0.00101385 -0.000474684 0.00101415 1 -0.0316772 0.0356803 -0.0944591
FixedParameters: 0 0 0

#Transform 120
Transform: AffineTransform_float_3_3
Parameters: 0.999999 -0.000311288 0.000713311 0.000311712 1 -0.000998779 -0.000712689 0.000999223 0.999999 -0.0239138 -0.00884402 -0.095946
FixedParameters: 0 0 0

#Transform 121
Transform: AffineTransform_float_3_3
Parameters: 0.999999 -0.000311098 0.00082534 0.000311903 1 -0.00109274 -0.000825659 0.00109326 0.999999 -0.0201246 0.0363113 -0.107716
FixedParameters: 0 0 0

#Transform 122
Transform: AffineTransform_float_3_3
Parameters: 1 -0.000252474 0.000451294 0.000252525 1 -0.00116489 -0.000450706 0.00116511 0.999999 -0.014664 0.0656143 -0.123315
FixedParameters: 0 0 0

#Transform 123
Transform: AffineTransform_float_3_3
Parameters: 1 -0.000311366 0.000531372 0.000311635 0.999999 -0.00119384 -0.000531628 0.00119417 0.999999 -0.0155388 0.079737 -0.140345
FixedParameters: 0 0 0

#Transform 124
Transform: AffineTransform_float_3_3
Parameters: 1 -0.000311555 0.000360385 0.000311445 0.999999 -0.00123589 -0.000359615 0.00123611 0.999999 -0.012816 0.0674148 -0.131603
FixedParameters: 0 0 0

#Transform 125
Transform: AffineTransform_float_3_3
Parameters: 1 -0.000311533 0.000423345 0.000311468 1 -0.00110487 -0.000423656 0.00110413 1 -0.023038 0.0440528 -0.130976
FixedParameters: 0 0 0

#Transform 126
Transform: AffineTransform_float_3_3
Parameters: 1 -0.000311035 0.000587512 0.000311964 0.999998 -0.00164282 -0.000586489 0.00164218 0.999999 -0.0163677 0.030952 -0.145595
FixedParameters: 0 0 0

#Transform 127
Transform: AffineTransform_float_3_3
Parameters: 1 -0.000156195 0.000613206 0.000156805 0.999999 -0.0013139 -0.000612794 0.0013131 0.999999 -0.0302033 0.0252274 -0.134938
FixedParameters: 0 0 0

#Transform 128
Transform: AffineTransform_float_3_3
Parameters: 1 -0.000305269 0.000634353 0.000305731 1 -0.00115381 -0.000633648 0.00115319 0.999999 -0.0250893 0.0344078 -0.137564
FixedParameters: 0 0 0

#Transform 129
Transform: AffineTransform_float_3_3
Parameters: 1 -0.000254376 0.000559284 0.000254625 1 -0.00111586 -0.000559716 0.00111614 0.999999 -0.0163348 0.073428 -0.148714
FixedParameters: 0 0 0

#Transform 130
Transform: AffineTransform_float_3_3
Parameters: 0.999999 -0.000581366 0.000508725 0.000581634 0.999999 -0.0012467 -0.000508275 0.0012463 0.999999 -0.0134442 0.0802287 -0.159315
FixedParameters: 0 0 0

#Transform 131
Transform: AffineTransform_float_3_3
Parameters: 1 -0.000325191 0.000492535 0.000325809 0.999998 -0.00164284 -0.000492465 0.00164216 0.999998 -0.0148201 0.0855458 -0.157533
FixedParameters: 0 0 0

#Transform 132
Transform: AffineTransform_float_3_3
Parameters: 1 -0.000167441 0.000411228 0.000168559 0.999999 -0.00135993 -0.000410771 0.00136007 0.999999 -0.0145725 0.0404374 -0.132614
FixedParameters: 0 0 0

#Transform 133
Transform: AffineTransform_float_3_3
Parameters: 1 -0.000167347 0.000569192 0.000168653 1 -0.0011469 -0.000568807 0.0011471 0.999999 -0.0242055 -0.0156971 -0.131792
FixedParameters: 0 0 0

#Transform 134
Transform: AffineTransform_float_3_3
Parameters: 1 -0.000167535 0.00041119 0.000168465 1 -0.00113093 -0.00041081 0.00113107 1 -0.0206895 0.0441077 -0.118961
FixedParameters: 0 0 0

#Transform 135
Transform: AffineTransform_float_3_3
Parameters: 1 -0.000340344 0.000543411 0.000341656 0.999999 -0.00120781 -0.000542588 0.00120819 0.999999 -0.0255848 0.0142679 -0.13204
FixedParameters: 0 0 0

#Transform 136
Transform: AffineTransform_float_3_3
Parameters: 1 -0.000309242 0.000504465 0.000310757 0.999999 -0.00150184 -0.000503534 0.00150216 0.999998 0.000912698 0.0621531 -0.169559
FixedParameters: 0 0 0

#Transform 137
Transform: AffineTransform_float_3_3
Parameters: 1 -0.000613317 0.000350199 0.000613682 0.999998 -0.00195379 -0.000348801 0.00195421 0.999998 0.00730413 0.0779403 -0.174533
FixedParameters: 0 0 0

#Transform 138
Transform: AffineTransform_float_3_3
Parameters: 1 -0.000325508 0.000288556 0.000325493 0.999999 -0.00170591 -0.000288445 0.00170609 0.999998 0.00837167 0.065289 -0.170172
FixedParameters: 0 0 0

#Transform 139
Transform: AffineTransform_float_3_3
Parameters: 0.999999 -0.000464078 0.000607704 0.000464921 0.999998 -0.00151672 -0.000607295 0.00151728 0.999998 -0.0157624 0.0404377 -0.12215
FixedParameters: 0 0 0

#Transform 140
Transform: AffineTransform_float_3_3
Parameters: 0.999999 -0.00045898 0.000702667 0.000460019 0.999999 -0.00145268 -0.000701332 0.00145232 0.999998 -0.00820213 0.00802372 -0.113301
FixedParameters: 0 0 0

#Transform 141
Transform: AffineTransform_float_3_3
Parameters: 1 -2.53621e-05 0.000484034 2.56379e-05 0.999999 -0.00131799 -0.000483967 0.00131801 0.999999 -0.0165816 0.0433612 -0.122335
FixedParameters: 0 0 0

#Transform 142
Transform: AffineTransform_float_3_3
Parameters: 0.999999 -0.000448443 0.000655068 0.000450556 0.999997 -0.00237771 -0.00065393 0.00237829 0.999997 0.0112001 0.0031844 -0.175177
FixedParameters: 0 0 0

#Transform 143
Transform: AffineTransform_float_3_3
Parameters: 0.999999 -0.00073443 0.000464491 0.000736568 0.999994 -0.00338866 -0.000461507 0.00338834 0.999994 0.0211914 0.0627036 -0.235378
FixedParameters: 0 0 0

#Transform 144
Transform: AffineTransform_float_3_3
Parameters: 1 -0.000584362 0.000193935 0.000585636 0.999995 -0.00330889 -0.000191064 0.00330812 0.999995 0.0244593 0.140033 -0.221839
FixedParameters: 0 0 0

#Transform 145
Transform: AffineTransform_float_3_3
Parameters: 1 -0.00051621 -7.4559e-05 0.000516791 0.999996 -0.00279204 7.54432e-05 0.00279196 0.999996 0.0234177 0.13182 -0.189135
FixedParameters: 0 0 0

#Transform 146
Transform: AffineTransform_float_3_3
Parameters: 1 -0.000436586 0.00019294 0.000436414 0.999997 -0.00215191 -0.000192061 0.00215208 0.999997 0.00295094 0.0839138 -0.150727
FixedParameters: 0 0 0

#Transform 147
Transform: AffineTransform_float_3_3
Parameters: 1 -0.000477498 0.000299801 0.000478501 0.999999 -0.00167786 -0.000298198 0.00167714 0.999998 -0.00534869 0.0597469 -0.154086
FixedParameters: 0 0 0

#Transform 148
Transform: AffineTransform_float_3_3
Parameters: 1 -0.000371205 0.000440671 0.000371795 0.999999 -0.00180484 -0.00044033 0.00180516 0.999999 -0.00607844 0.0671551 -0.155429
FixedParameters: 0 0 0

#Transform 149
Transform: AffineTransform_float_3_3
Parameters: 0.999999 -0.000597307 0.000386075 0.000597693 0.999998 -0.00179777 -0.000384926 0.00179823 0.999999 -0.000188465 0.0474707 -0.177362
FixedParameters: 0 0 0

#Transform 150
Transform: AffineTransform_float_3_3
Parameters: 1 -0.0005066 0.000184102 0.000507399 0.999997 -0.0021749 -0.000182897 0.00217509 0.999997 0.0241479 0.12245 -0.205877
FixedParameters: 0 0 0

#Transform 151
Transform: AffineTransform_float_3_3
Parameters: 1 -0.000593091 -4.68655e-05 0.000592909 0.999998 -0.00191303 4.81343e-05 0.00191297 0.999998 0.0282355 0.0352431 -0.177988
FixedParameters: 0 0 0

#Transform 152
Transform: AffineTransform_float_3_3
Parameters: 1 -0.000639765 0.000140076 0.000640235 0.999999 -0.00168191 -0.000138923 0.00168209 0.999998 -0.00383156 0.0280048 -0.14352
FixedParameters: 0 0 0

#Transform 153
Transform: AffineTransform_float_3_3
Parameters: 1 -0.000510229 0.000441892 0.000510771 0.999999 -0.00174578 -0.000441109 0.00174623 0.999999 -0.00716716 0.0774852 -0.151749
FixedParameters: 0 0 0

#Transform 154
Transform: AffineTransform_float_3_3
Parameters: 1 -0.000378937 0.000555726 0.000380063 0.999998 -0.00191379 -0.000555273 0.00191421 0.999998 0.00520707 0.081765 -0.159266
FixedParameters: 0 0 0

#Transform 155
Transform: AffineTransform_float_3_3
Parameters: 0.999999 -0.000558653 0.000645168 0.000559346 0.999997 -0.00208964 -0.000643832 0.00208936 0.999997 -0.000441579 0.0947531 -0.160577
FixedParameters: 0 0 0

#Transform 156
Transform: AffineTransform_float_3_3
Parameters: 0.999999 -0.000757766 0.000606543 0.000759231 0.999997 -0.00203554 -0.000604455 0.00203646 0.999997 0.010286 0.121767 -0.17072
FixedParameters: 0 0 0

#Transform 157
Transform: AffineTransform_float_3_3
Parameters: 1 -0.000431184 -7.4946e-05 0.000430815 0.999997 -0.00244503 7.60536e-05 0.00244497 0.999997 0.0277507 0.161304 -0.186985
FixedParameters: 0 0 0

#Transform 158
Transform: AffineTransform_float_3_3
Parameters: 1 -0.000595863 5.93903e-05 0.000595136 0.999997 -0.00233297 -5.76117e-05 0.00233304 0.999998 0.0185906 0.0502331 -0.193212
FixedParameters: 0 0 0

#Transform 159
Transform: AffineTransform_float_3_3
Parameters: 1 -0.000323958 0.000471717 0.000324042 0.999998 -0.00220985 -0.000471285 0.00221016 0.999998 -0.000689832 0.0246269 -0.175021
FixedParameters: 0 0 0

#Transform 160
Transform: AffineTransform_float_3_3
Parameters: 1 -0.000144977 0.000523284 0.000146024 0.999998 -0.00195492 -0.000523715 0.00195508 0.999998 -0.00772032 0.00397588 -0.146865
FixedParameters: 0 0 0

#Transform 161
Transform: AffineTransform_float_3_3
Parameters: 1 -0.000237948 0.000580432 0.000239051 0.999999 -0.00181286 -0.000579568 0.00181314 0.999998 -0.00611542 0.0326088 -0.146092
FixedParameters: 0 0 0

#Transform 162
Transform: AffineTransform_float_3_3
Parameters: 0.999999 -0.000594859 0.000630079 0.000595141 0.999998 -0.00181263 -0.000628922 0.00181238 0.999998 -0.00325243 0.0571209 -0.156888
FixedParameters: 0 0 0

#Transform 163
Transform: AffineTransform_float_3_3
Parameters: 0.999999 -0.000595066 0.000596932 0.000595934 0.999999 -0.00156565 -0.000596067 0.00156636 0.999998 0.00264392 0.0583039 -0.188682
FixedParameters: 0 0 0

#Transform 164
Transform: AffineTransform_float_3_3
Parameters: 1 -0.000595701 0.000157136 0.000595298 0.999998 -0.00190691 -0.000155865 0.00190709 0.999998 0.025183 0.136991 -0.224789
FixedParameters: 0 0 0

#Transform 165
Transform: AffineTransform_float_3_3
Parameters: 1 -0.000596142 -7.488e-05 0.000595858 0.999998 -0.00187905 7.61197e-05 0.00187896 0.999998 0.0288297 0.0867437 -0.216392
FixedParameters: 0 0 0

#Transform 166
Transform: AffineTransform_float_3_3
Parameters: 1 -0.000596169 -7.46606e-05 0.000595832 0.999998 -0.00224705 7.5339e-05 0.00224696 0.999998 0.0287924 0.142914 -0.231538
FixedParameters: 0 0 0

#Transform 167
Transform: AffineTransform_float_3_3
Parameters: 0.999999 -0.000595113 0.000452169 0.000595886 0.999998 -0.00196273 -0.000450831 0.00196327 0.999998 0.00677138 0.000539068 -0.225153
FixedParameters: 0 0 0

#Transform 168
Transform: AffineTransform_float_3_3
Parameters: 0.999999 -0.00059466 0.00069415 0.000595342 0.999998 -0.00193259 -0.000693851 0.00193241 0.999998 -0.00135436 -0.000752502 -0.225627
FixedParameters: 0 0 0

#Transform 169
Transform: AffineTransform_float_3_3
Parameters: 1 -0.000594315 0.000811238 0.000595685 0.999997 -0.00207852 -0.000809764 0.00207948 0.999998 -0.00178268 0.0215963 -0.231146
FixedParameters: 0 0 0

#Transform 170
Transform: AffineTransform_float_3_3
Parameters: 0.999999 -0.000595037 0.000429338 0.000595962 0.999998 -0.00224675 -0.000427662 0.00224726 0.999998 0.00428059 0.0197382 -0.252855
FixedParameters: 0 0 0

#Transform 171
Transform: AffineTransform_float_3_3
Parameters: 0.999999 -0.000594832 0.000520338 0.000595167 0.999998 -0.00224669 -0.000518664 0.00224731 0.999998 -0.00514281 0.0557412 -0.285723
FixedParameters: 0 0 0

#Transform 172
Transform: AffineTransform_float_3_3
Parameters: 1 -0.00059539 0.000272339 0.000595612 0.999998 -0.00224684 -0.000271662 0.00224716 0.999998 0.00409352 0.0525994 -0.284961
FixedParameters: 0 0 0

#Transform 173
Transform: AffineTransform_float_3_3
Parameters: 1 -0.000595562 0.000208257 0.000595437 0.999997 -0.00210988 -0.000206745 0.00210912 0.999998 -0.0027218 0.0504427 -0.258811
FixedParameters: 0 0 0

#Transform 174
Transform: AffineTransform_float_3_3
Parameters: 1 -0.000595301 0.000375111 0.0005957 0.999998 -0.00186478 -0.00037489 0.00186522 0.999998 0.00991573 0.0177793 -0.236636
FixedParameters: 0 0 0

#Transform 175
Transform: AffineTransform_float_3_3
Parameters: 0.999999 -0.000594754 0.000555338 0.000595245 0.999998 -0.00224667 -0.000553664 0.00224733 0.999998 -0.00127113 0.0855581 -0.261951
FixedParameters: 0 0 0

#Transform 176
Transform: AffineTransform_float_3_3
Parameters: 0.999999 -0.00069168 0.000161377 0.000692319 0.999998 -0.00199089 -0.000159622 0.00199111 0.999998 0.0257623 0.0232675 -0.272779
FixedParameters: 0 0 0

#Transform 177
Transform: AffineTransform_float_3_3
Parameters: 0.999999 -0.00089847 0.00021522 0.000899527 0.999996 -0.00246981 -0.000212779 0.00247019 0.999997 0.0261734 0.0555968 -0.293287
FixedParameters: 0 0 0

#Transform 178
Transform: AffineTransform_float_3_3
Parameters: 0.999999 -0.00071635 0.000269733 0.00071665 0.999997 -0.00241781 -0.000268268 0.00241819 0.999997 0.0175751 0.0912408 -0.298453
FixedParameters: 0 0 0

#Transform 179
Transform: AffineTransform_float_3_3
Parameters: 1 -0.000595118 0.000379386 0.000595883 0.999997 -0.00232778 -0.000378614 0.00232823 0.999997 0.00887661 0.0247443 -0.284853
FixedParameters: 0 0 0

#Transform 180
Transform: AffineTransform_float_3_3
Parameters: 0.999999 -0.000733156 0.000377642 0.000733844 0.999997 -0.00223873 -0.000376358 0.00223928 0.999998 0.00290619 0.0265521 -0.292498
FixedParameters: 0 0 0

#Transform 181
Transform: AffineTransform_float_3_3
Parameters: 0.999999 -0.000845611 0.000185779 0.00084539 0.999998 -0.00210384 -0.000184222 0.00210316 0.999998 0.0206812 -0.0122316 -0.26444
FixedParameters: 0 0 0

#Transform 182
Transform: AffineTransform_float_3_3
Parameters: 0.999999 -0.00071914 0.000428447 0.000719859 0.999997 -0.00201069 -0.000426554 0.00201031 0.999998 0.0191595 0.0347243 -0.255394
FixedParameters: 0 0 0

#Transform 183
Transform: AffineTransform_float_3_3
Parameters: 0.999999 -0.000848035 0.000531543 0.000848966 0.999998 -0.00181855 -0.000530457 0.00181845 0.999998 0.0209185 0.0608907 -0.247869
FixedParameters: 0 0 0

#Transform 184
Transform: AffineTransform_float_3_3
Parameters: 0.999999 -0.000595456 0.000395819 0.000595542 0.999999 -0.00137476 -0.000394181 0.00137523 0.999999 0.0215899 0.0804223 -0.239479
FixedParameters: 0 0 0

#Transform 185
Transform: AffineTransform_float_3_3
Parameters: 1 -0.000595631 0.00023195 0.000595369 0.999998 -0.00159386 -0.000231052 0.00159314 0.999998 0.0240934 0.129897 -0.24356
FixedParameters: 0 0 0

#Transform 186
Transform: AffineTransform_float_3_3
Parameters: 1 -0.000595646 0.000228924 0.000595354 0.999998 -0.00155086 -0.000228077 0.00155014 0.999999 0.0241238 0.0868304 -0.218459
FixedParameters: 0 0 0

#Transform 187
Transform: AffineTransform_float_3_3
Parameters: 0.999999 -0.00059543 0.000541627 0.00059557 1 -0.00105168 -0.000541374 0.00105232 1 -0.00715732 0.0789758 -0.173884
FixedParameters: 0 0 0

#Transform 188
Transform: AffineTransform_float_3_3
Parameters: 0.999999 -0.000845368 0.000599892 0.000845632 0.999999 -0.00105449 -0.000599109 0.00105451 1 0.00834645 0.00344186 -0.184916
FixedParameters: 0 0 0

#Transform 189
Transform: AffineTransform_float_3_3
Parameters: 1 -0.00100442 0.000488188 0.00100558 0.999999 -0.00118151 -0.000486812 0.00118249 0.999999 0.0114435 0.0430766 -0.209687
FixedParameters: 0 0 0

#Transform 190
Transform: AffineTransform_float_3_3
Parameters: 0.999999 -0.000895731 0.000228059 0.000896268 0.999999 -0.0011818 -0.000226941 0.0011822 1 -0.00487719 0.0594901 -0.220139
FixedParameters: 0 0 0

#Transform 191
Transform: AffineTransform_float_3_3
Parameters: 0.999999 -0.000845399 0.000338504 0.000845601 0.999998 -0.00177872 -0.000337496 0.00177929 0.999999 -0.0212533 0.126529 -0.282138
FixedParameters: 0 0 0

