#Insight Transform File V1.0
#Transform 0
Transform: AffineTransform_float_3_3
Parameters: 0.999999 0.000982088 -0.000210591 -0.000981912 1 0.000416207 0.000211408 -0.000415793 1 -0.0318236 0.0343307 0.144598
FixedParameters: 0 0 0

#Transform 1
Transform: AffineTransform_float_3_3
Parameters: 0.999999 0.000631163 -0.000502794 -0.000630836 0.999999 0.000326317 0.000503205 -0.000325682 1 -0.0338482 0.0973541 0.0859085
FixedParameters: 0 0 0

#Transform 2
Transform: AffineTransform_float_3_3
Parameters: 0.999999 0.000916192 -0.00031344 -0.000915808 1 0.000611287 0.000314559 -0.000610712 1 -0.0377009 -0.0222271 0.109445
FixedParameters: 0 0 0

#Transform 3
Transform: AffineTransform_float_3_3
Parameters: 0.999999 0.000729052 -0.000195803 -0.000728947 0.999999 0.000270143 0.000196197 -0.000269857 1 -0.0400528 0.0392671 0.11583
FixedParameters: 0 0 0

#Transform 4
Transform: AffineTransform_float_3_3
Parameters: 1 0.000563043 -0.000210884 -0.000562956 1 0.000206119 0.000211116 -0.000205881 1 -0.0322512 -0.048444 0.109521
FixedParameters: 0 0 0

#Transform 5
Transform: AffineTransform_float_3_3
Parameters: 1 0.000508054 -0.000187855 -0.000507946 1 0.000286095 0.000187146 -0.000286905 1 -0.0303587 0.0515213 0.0818115
FixedParameters: 0 0 0

#Transform 6
Transform: AffineTransform_float_3_3
Parameters: 0.999999 0.000710079 -0.000154636 -0.00070992 0.999999 0.00051311 0.000155364 -0.00051289 1 -0.0325466 0.0141588 0.0804907
FixedParameters: 0 0 0

#Transform 7
Transform: AffineTransform_float_3_3
Parameters: 1 0.000611078 -0.000219781 -0.000610921 0.999999 0.000358134 0.000220219 -0.000357865 1 -0.0158626 0.0517773 0.072254
FixedParameters: 0 0 0

#Transform 8
Transform: AffineTransform_float_3_3
Parameters: 1 0.000235076 -0.000284937 -0.000234924 1 0.000267067 0.000285063 -0.000266933 1 -0.0147399 0.0778152 0.0323461
FixedParameters: 0 0 0

#Transform 9
Transform: AffineTransform_float_3_3
Parameters: 1 0.000639065 -0.000197788 -0.000638934 0.999999 0.000331126 0.000197212 -0.000331874 1 0.000515082 0.00423308 0.025103
FixedParameters: 0 0 0

#Transform 10
Transform: AffineTransform_float_3_3
Parameters: 1 0.000277943 6.92268e-05 -0.000277056 0.999999 0.00081598 -6.87739e-05 -0.000816019 0.999999 -0.0219886 -0.0794721 0.0760617
FixedParameters: 0 0 0

#Transform 11
Transform: AffineTransform_float_3_3
Parameters: 0.999999 0.000698905 0.000191344 -0.000699094 0.999999 0.000491866 -0.000191656 -0.000492134 1 -0.0383328 -0.0874636 0.0895799
FixedParameters: 0 0 0

#Transform 12
Transform: AffineTransform_float_3_3
Parameters: 1 0.000455999 2.30242e-05 -0.000456001 1 5.29895e-05 -2.29758e-05 -5.30105e-05 1 -0.0262569 -0.0270885 0.0657757
FixedParameters: 0 0 0

#Transform 13
Transform: AffineTransform_float_3_3
Parameters: 1 0.000129036 -0.000133966 -0.000128964 1 0.000266017 0.000134034 -0.000265983 1 -0.00999547 -0.101759 0.0613381
FixedParameters: 0 0 0

#Transform 14
Transform: AffineTransform_float_3_3
Parameters: 1 0.000128948 6.90968e-05 -0.000129052 0.999999 0.000750991 -6.89031e-05 -0.000751008 0.999999 -0.0132481 0.0154427 0.0461685
FixedParameters: 0 0 0

#Transform 15
Transform: AffineTransform_float_3_3
Parameters: 1 0.000128986 1.71059e-05 -0.000129015 0.999999 0.000820997 -1.78941e-05 -0.000821002 0.999999 -0.000626372 0.0168839 0.0230048
FixedParameters: 0 0 0

#Transform 16
Transform: AffineTransform_float_3_3
Parameters: 1 0.000232046 -0.000396973 -0.000231954 1 0.000115092 0.000397027 -0.000114908 1 0.00785039 0.0503306 -0.0098613
FixedParameters: 0 0 0

#Transform 17
Transform: AffineTransform_float_3_3
Parameters: 1 0.00028415 -0.000257835 -0.00028385 1 0.000581073 0.000258165 -0.000580926 1 0.00492433 -0.0843032 0.0151264
FixedParameters: 0 0 0

#Transform 18
Transform: AffineTransform_float_3_3
Parameters: 1 0.00028398 7.00792e-05 -0.000284019 1 0.00027898 -6.9921e-05 -0.00027802 1 -0.00164902 -0.0592537 0.0279189
FixedParameters: 0 0 0

#Transform 19
Transform: AffineTransform_float_3_3
Parameters: 1 0.000283975 0.000127056 -0.000284025 1 0.000195964 -0.000126944 -0.000196036 1 -0.00280077 -0.0576253 0.018475
FixedParameters: 0 0 0

#Transform 20
Transform: AffineTransform_float_3_3
Parameters: 1 0.000283995 4.70315e-05 -0.000284005 1 0.000110987 -4.69685e-05 -0.000111013 1 -0.00121798 -0.0459211 0.0185788
FixedParameters: 0 0 0

#Transform 21
Transform: AffineTransform_float_3_3
Parameters: 1 -0.00041904 0.000102836 0.000418959 1 0.000392043 -0.000103164 -0.000391957 1 0.00296128 -0.00495336 0.00493294
FixedParameters: 0 0 0

#Transform 22
Transform: AffineTransform_float_3_3
Parameters: 1 -0.000386034 9.58641e-05 0.000385966 1 0.000352037 -9.51358e-05 -0.000351963 1 0.0123822 0.0370659 -0.00116984
FixedParameters: 0 0 0

#Transform 23
Transform: AffineTransform_float_3_3
Parameters: 1 -0.000455995 -0.000140015 0.000456005 1 3.39362e-05 0.000139984 -3.40638e-05 1 0.00234562 0.0489274 -0.04482
FixedParameters: 0 0 0

#Transform 24
Transform: AffineTransform_float_3_3
Parameters: 1 0.000264011 6.49543e-05 -0.000263989 1 -0.000173017 -6.50457e-05 0.000172983 1 -0.0136604 -0.0596789 -0.0292921
FixedParameters: 0 0 0

#Transform 25
Transform: AffineTransform_float_3_3
Parameters: 1 0.000253041 -0.000139925 -0.000252959 1 0.000295035 0.000140075 -0.000294965 1 -0.0127595 -0.0592164 0.0185431
FixedParameters: 0 0 0

#Transform 26
Transform: AffineTransform_float_3_3
Parameters: 1 0.00021 -0.00014 -0.00021 1 2.94e-08 0.00014 2.94e-08 1 -0.00754187 -0.0636619 -0.0119431
FixedParameters: 0 0 0

#Transform 27
Transform: AffineTransform_float_3_3
Parameters: 1 0.000313013 0.000127968 -0.000312987 1 -0.00010104 -0.000128032 0.00010096 1 -0.0172355 -0.0819457 -0.0241359
FixedParameters: 0 0 0

#Transform 28
Transform: AffineTransform_float_3_3
Parameters: 1 0.000245924 -0.000140133 -0.000246075 1 -0.000538965 0.000139867 0.000539034 1 -0.000116155 -0.0624111 -0.0359945
FixedParameters: 0 0 0

#Transform 29
Transform: AffineTransform_float_3_3
Parameters: 1 9.0927e-05 -0.000140047 -9.10729e-05 1 -0.000520987 0.000139953 0.000521013 1 0.0200442 0.0614952 -0.0717342
FixedParameters: 0 0 0

#Transform 30
Transform: AffineTransform_float_3_3
Parameters: 1 -0.000256992 1.9112e-05 0.000257008 1 -0.000435995 -1.88879e-05 0.000436005 1 0.0157827 -0.0275789 -0.071016
FixedParameters: 0 0 0

#Transform 31
Transform: AffineTransform_float_3_3
Parameters: 1 0.000103916 -0.000140062 -0.000104084 1 -0.000596985 0.000139938 0.000597014 1 0.00249738 -0.0225926 -0.0658451
FixedParameters: 0 0 0

#Transform 32
Transform: AffineTransform_float_3_3
Parameters: 1 4.91502e-06 -0.000140003 -5.08498e-06 1 -0.000606999 0.000139997 0.000607 1 0.00253392 -0.0446406 -0.0360743
FixedParameters: 0 0 0

#Transform 33
Transform: AffineTransform_float_3_3
Parameters: 1 0.000128939 -0.000140056 -0.000129061 1 -0.000435982 0.000139944 0.000436018 1 -0.000824793 -0.0419757 -0.0360461
FixedParameters: 0 0 0

#Transform 34
Transform: AffineTransform_float_3_3
Parameters: 1 -0.000251879 0.00027811 0.000252121 1 -0.00043593 -0.00027789 0.00043607 1 -0.00604647 -0.0488029 -0.0380284
FixedParameters: 0 0 0

#Transform 35
Transform: AffineTransform_float_3_3
Parameters: 1 0.000222084 0.000137865 -0.000221916 1 -0.00060703 -0.000138135 0.000606969 1 -0.00553937 -0.0232947 -0.0526611
FixedParameters: 0 0 0

#Transform 36
Transform: AffineTransform_float_3_3
Parameters: 1 -0.000293999 0.000126001 0.000294 1 -3.96296e-06 -0.000125999 4.03704e-06 1 0.00966652 0.0253627 -0.0453308
FixedParameters: 0 0 0

#Transform 37
Transform: AffineTransform_float_3_3
Parameters: 1 -0.000294006 0.000127986 0.000293994 1 4.90376e-05 -0.000128014 -4.89624e-05 1 0.0112315 -0.014024 -0.065511
FixedParameters: 0 0 0

#Transform 38
Transform: AffineTransform_float_3_3
Parameters: 1 3.19831e-05 -5.30102e-05 -3.20169e-05 1 -0.000317998 5.29898e-05 0.000318002 1 0.000776841 0.0201549 -0.0835483
FixedParameters: 0 0 0

#Transform 39
Transform: AffineTransform_float_3_3
Parameters: 1 0.00036603 0.000116905 -0.00036597 1 -0.000259043 -0.000117095 0.000258957 1 -0.0182701 -0.0962617 -0.0403339
FixedParameters: 0 0 0

#Transform 40
Transform: AffineTransform_float_3_3
Parameters: 1 -8.98754e-05 0.000437026 9.01245e-05 1 -0.000284961 -0.000436974 0.000285039 1 -0.00916935 -0.056296 -0.041891
FixedParameters: 0 0 0

#Transform 41
Transform: AffineTransform_float_3_3
Parameters: 1 0.000175024 9.59568e-05 -0.000174976 1 -0.000247017 -9.60434e-05 0.000247983 1 -0.0120675 -0.0683457 -0.0403463
FixedParameters: 0 0 0

#Transform 42
Transform: AffineTransform_float_3_3
Parameters: 1 -0.000314836 0.000510101 0.000315164 1 -0.000321839 -0.000509898 0.000322161 1 -0.0106731 -0.0466746 -0.0477551
FixedParameters: 0 0 0

#Transform 43
Transform: AffineTransform_float_3_3
Parameters: 1 5.1009e-05 1.59713e-05 -5.0991e-05 1 -0.000562001 -1.60287e-05 0.000561999 1 0.0119976 -0.00268366 -0.0640799
FixedParameters: 0 0 0

#Transform 44
Transform: AffineTransform_float_3_3
Parameters: 1 -0.000499995 1.6156e-05 0.000500005 1 -0.000311992 -1.6844e-05 0.000312008 1 0.00949161 0.0169891 -0.0883631
FixedParameters: 0 0 0

#Transform 45
Transform: AffineTransform_float_3_3
Parameters: 1 9.9005e-05 1.59691e-05 -9.8995e-05 1 -0.000312002 -1.60309e-05 0.000311998 1 -0.0141187 -0.0174661 -0.0770151
FixedParameters: 0 0 0

#Transform 46
Transform: AffineTransform_float_3_3
Parameters: 1 0.000360005 1.58877e-05 -0.000359995 1 -0.000312006 -1.61123e-05 0.000311994 1 -0.0198121 -0.0536927 -0.0568493
FixedParameters: 0 0 0

#Transform 47
Transform: AffineTransform_float_3_3
Parameters: 1 -0.000261609 0.000392261 0.000262392 1 -0.000996898 -0.000392739 0.000997104 1 -0.00835997 -0.0468983 -0.0801795
FixedParameters: 0 0 0

#Transform 48
Transform: AffineTransform_float_3_3
Parameters: 1 -0.000335441 0.000496378 0.000335559 1 -0.00112583 -0.000496622 0.00112617 0.999999 -0.00430208 -0.0758969 -0.0860655
FixedParameters: 0 0 0

#Transform 49
Transform: AffineTransform_float_3_3
Parameters: 0.999999 -0.000415007 0.000688599 0.000415993 0.999999 -0.00144171 -0.0006884 0.00144229 0.999998 0.00137374 -0.00190921 -0.118483
FixedParameters: 0 0 0

#Transform 50
Transform: AffineTransform_float_3_3
Parameters: 1 -0.000417463 0.000511439 0.000418537 1 -0.00105179 -0.00051056 0.00105121 1 0.00221815 -0.0503345 -0.127541
FixedParameters: 0 0 0

#Transform 51
Transform: AffineTransform_float_3_3
Parameters: 1 -0.000381304 0.000414641 0.000381696 0.999998 -0.00167984 -0.000414359 0.00168016 0.999998 0.0072551 0.0119752 -0.184795
FixedParameters: 0 0 0

#Transform 52
Transform: AffineTransform_float_3_3
Parameters: 1 -0.000282672 0.000225412 0.000283327 0.999999 -0.00145694 -0.000224587 0.00145706 0.999999 -0.00745798 -0.0797827 -0.155779
FixedParameters: 0 0 0

#Transform 53
Transform: AffineTransform_float_3_3
Parameters: 1 -0.000163304 0.000463246 0.000163695 0.999999 -0.00150192 -0.000462754 0.00150208 0.999999 -0.00961497 -0.047538 -0.120132
FixedParameters: 0 0 0

#Transform 54
Transform: AffineTransform_float_3_3
Parameters: 0.999999 -0.000274997 0.00083733 0.000276003 0.999999 -0.00119877 -0.00083667 0.00119823 0.999999 -0.0194435 -0.031768 -0.116847
FixedParameters: 0 0 0

#Transform 55
Transform: AffineTransform_float_3_3
Parameters: 1 -0.000372457 0.000453447 0.000372543 0.999999 -0.00119883 -0.000452554 0.00119817 0.999999 -0.0094473 -0.0124719 -0.113016
FixedParameters: 0 0 0

#Transform 56
Transform: AffineTransform_float_3_3
Parameters: 1 7.56846e-05 0.00057091 -7.43153e-05 1 -0.00119904 -0.000571089 0.00119896 0.999999 -0.0118783 0.0115112 -0.118847
FixedParameters: 0 0 0

#Transform 57
Transform: AffineTransform_float_3_3
Parameters: 1 -0.000407556 0.000392462 0.000408445 1 -0.00113384 -0.000392537 0.00113316 1 0.00463901 -0.00178898 -0.109383
FixedParameters: 0 0 0

#Transform 58
Transform: AffineTransform_float_3_3
Parameters: 1 -0.000463712 0.000240556 0.000464287 0.999999 -0.00119889 -0.000239444 0.00119811 1 -0.00526342 0.0522046 -0.126841
FixedParameters: 0 0 0

#Transform 59
Transform: AffineTransform_float_3_3
Parameters: 1 0.000166265 0.000259831 -0.000165735 1 -0.00101904 -0.000260169 0.00101896 1 -0.0267731 -0.06818 -0.072697
FixedParameters: 0 0 0

#Transform 60
Transform: AffineTransform_float_3_3
Parameters: 1 0.000282353 0.000413759 -0.000282646 0.999999 -0.000854116 -0.000414241 0.000853882 0.999999 -0.0278269 -0.0661431 -0.0745588
FixedParameters: 0 0 0

#Transform 61
Transform: AffineTransform_float_3_3
Parameters: 1 -0.000307696 0.000352265 0.000308303 0.999999 -0.000862891 -0.000351734 0.000863108 0.999999 -0.00748813 -0.0601026 -0.0710784
FixedParameters: 0 0 0

#Transform 62
Transform: AffineTransform_float_3_3
Parameters: 1 -0.000232886 0.000255104 0.000233113 1 -0.00044494 -0.000254896 0.000445059 1 -0.00554083 -0.0291972 -0.0697141
FixedParameters: 0 0 0

#Transform 63
Transform: AffineTransform_float_3_3
Parameters: 1 -0.000355762 0.00029229 0.000356237 0.999999 -0.000813895 -0.00029171 0.000814103 0.999999 -0.00631682 -0.0116822 -0.0988358
FixedParameters: 0 0 0

#Transform 64
Transform: AffineTransform_float_3_3
Parameters: 1 -0.000351599 0.000302467 0.000352402 0.999999 -0.00132689 -0.000302533 0.00132711 0.999999 -0.00649765 0.0251386 -0.104524
FixedParameters: 0 0 0

#Transform 65
Transform: AffineTransform_float_3_3
Parameters: 1 -0.000347448 0.000529363 0.000348552 1 -0.00104382 -0.000528636 0.00104418 1 -0.0202897 -0.0224486 -0.0824985
FixedParameters: 0 0 0

#Transform 66
Transform: AffineTransform_float_3_3
Parameters: 1 -0.000334549 0.00043235 0.000334451 1 -0.00104386 -0.000431651 0.00104415 1 -0.0132097 -0.0220631 -0.0850682
FixedParameters: 0 0 0

#Transform 67
Transform: AffineTransform_float_3_3
Parameters: 1 -0.000310631 0.000398288 0.000310369 0.999999 -0.000926876 -0.000397712 0.000927123 0.999999 -0.00839593 -0.0555682 -0.0814178
FixedParameters: 0 0 0

#Transform 68
Transform: AffineTransform_float_3_3
Parameters: 1 -0.000331837 0.00024622 0.000332163 0.999999 -0.000661918 -0.00024578 0.000662081 1 -0.00542252 -0.0490438 -0.091769
FixedParameters: 0 0 0

#Transform 69
Transform: AffineTransform_float_3_3
Parameters: 1 -0.000440815 0.000273299 0.000441185 0.999999 -0.000677879 -0.000273701 0.00067812 0.999999 -0.0026614 -0.030623 -0.101475
FixedParameters: 0 0 0

#Transform 70
Transform: AffineTransform_float_3_3
Parameters: 1 -0.000482818 0.000198445 0.000483183 1 -0.000920904 -0.000198555 0.000921096 0.999999 0.000920843 -0.0104445 -0.122716
FixedParameters: 0 0 0

#Transform 71
Transform: AffineTransform_float_3_3
Parameters: 1 -0.000549985 1.65181e-05 0.000550016 1 -0.000941991 -1.64819e-05 0.000942009 0.999999 -0.000852937 -0.00909473 -0.145509
FixedParameters: 0 0 0

#Transform 72
Transform: AffineTransform_float_3_3
Parameters: 1 -0.000123794 0.000287089 0.000124205 0.999999 -0.000715964 -0.000286911 0.000716035 0.999999 -0.0103514 -0.0898401 -0.112196
FixedParameters: 0 0 0

#Transform 73
Transform: AffineTransform_float_3_3
Parameters: 1 -0.000373488 0.00049039 0.000374511 1 -0.00104382 -0.000489609 0.00104418 1 -0.0103292 -0.0412756 -0.113011
FixedParameters: 0 0 0

#Transform 74
Transform: AffineTransform_float_3_3
Parameters: 1 -0.000262488 0.000490274 0.000263511 1 -0.00104387 -0.000489725 0.00104413 1 -0.010279 -0.0838872 -0.113069
FixedParameters: 0 0 0

#Transform 75
Transform: AffineTransform_float_3_3
Parameters: 1 -0.000406402 0.000490497 0.000407598 0.999999 -0.0012208 -0.000489503 0.0012202 0.999999 -0.0103719 -0.0464187 -0.130083
FixedParameters: 0 0 0

#Transform 76
Transform: AffineTransform_float_3_3
Parameters: 1 -0.000426425 0.000490501 0.000427575 0.999999 -0.00117379 -0.000489499 0.00117321 0.999999 -0.00570015 0.0123827 -0.144874
FixedParameters: 0 0 0

#Transform 77
Transform: AffineTransform_float_3_3
Parameters: 1 -0.000491624 0.000318581 0.000492376 0.999999 -0.00118184 -0.000317418 0.00118216 1 0.0103345 0.0195654 -0.152515
FixedParameters: 0 0 0

#Transform 78
Transform: AffineTransform_float_3_3
Parameters: 1 -0.00044369 0.000274502 0.000444311 1 -0.00112988 -0.000274498 0.00113012 1 0.00376169 0.0282583 -0.140808
FixedParameters: 0 0 0

#Transform 79
Transform: AffineTransform_float_3_3
Parameters: 1 -0.000333571 0.000331432 0.000334428 0.999999 -0.00129489 -0.000330567 0.00129511 0.999999 -0.00847278 -0.00736637 -0.115252
FixedParameters: 0 0 0

#Transform 80
Transform: AffineTransform_float_3_3
Parameters: 1 -0.000374463 0.000421477 0.000374537 0.999999 -0.00127384 -0.000421523 0.00127416 0.999999 -0.00176829 -0.0146596 -0.115726
FixedParameters: 0 0 0

#Transform 81
Transform: AffineTransform_float_3_3
Parameters: 1 -0.000278136 0.000594404 0.000279863 0.999999 -0.00145283 -0.000593594 0.00145316 0.999999 -0.000542517 -0.0310743 -0.136879
FixedParameters: 0 0 0

#Transform 82
Transform: AffineTransform_float_3_3
Parameters: 1 -0.000459344 0.000490615 0.000459655 0.999999 -0.00133777 -0.000489385 0.00133823 0.999999 0.00692047 -0.0226003 -0.169891
FixedParameters: 0 0 0

#Transform 83
Transform: AffineTransform_float_3_3
Parameters: 1 -0.000484411 0.000436654 0.000484588 0.999999 -0.00134979 -0.000435346 0.00135021 0.999999 0.00801381 -0.00983593 -0.18228
FixedParameters: 0 0 0

#Transform 84
Transform: AffineTransform_float_3_3
Parameters: 1 -0.000463177 0.000490778 0.000463822 0.999999 -0.00167877 -0.000489222 0.00167823 0.999999 0.0168475 0.00466778 -0.182301
FixedParameters: 0 0 0

#Transform 85
Transform: AffineTransform_float_3_3
Parameters: 1 -0.000462332 0.00049063 0.000462667 0.999999 -0.00136177 -0.00048937 0.00136223 0.999999 0.000381709 -0.0321366 -0.165236
FixedParameters: 0 0 0

#Transform 86
Transform: AffineTransform_float_3_3
Parameters: 1 -0.000333286 0.000490486 0.000334713 0.999999 -0.00145584 -0.000489513 0.00145616 0.999999 -0.00785517 -0.000961324 -0.15506
FixedParameters: 0 0 0

#Transform 87
Transform: AffineTransform_float_3_3
Parameters: 0.999999 -0.000499011 0.000642768 0.000499987 0.999998 -0.00153868 -0.000641231 0.00153932 0.999998 -0.00268457 -0.0183135 -0.162104
FixedParameters: 0 0 0

#Transform 88
Transform: AffineTransform_float_3_3
Parameters: 0.999999 -0.000421941 0.0006387 0.000423058 0.999998 -0.00165773 -0.000638299 0.00165827 0.999999 -0.00229125 0.0513891 -0.179523
FixedParameters: 0 0 0

#Transform 89
Transform: AffineTransform_float_3_3
Parameters: 0.999999 -0.000562156 0.000528897 0.000562843 0.999998 -0.0015957 -0.000528102 0.0015963 0.999998 0.00610253 0.00598679 -0.180999
FixedParameters: 0 0 0

#Transform 90
Transform: AffineTransform_float_3_3
Parameters: 1 -0.000431283 0.000426726 0.000431717 0.999999 -0.00168082 -0.000426275 0.00168119 0.999999 0.00812519 0.0991672 -0.186921
FixedParameters: 0 0 0

#Transform 91
Transform: AffineTransform_float_3_3
Parameters: 1 -0.000426489 0.00037558 0.000427511 0.999999 -0.00135984 -0.000375419 0.00136016 0.999999 0.00914742 0.0131694 -0.164647
FixedParameters: 0 0 0

#Transform 92
Transform: AffineTransform_float_3_3
Parameters: 1 -0.000258565 0.000528213 0.000259435 0.999999 -0.000823863 -0.000527787 0.000824137 1 -0.00611071 -0.0543948 -0.13904
FixedParameters: 0 0 0

#Transform 93
Transform: AffineTransform_float_3_3
Parameters: 1 0.000284334 0.00052782 -0.000283666 1 -0.000633149 -0.000528179 0.00063285 0.999999 -0.0352052 -0.0523067 -0.116411
FixedParameters: 0 0 0

#Transform 94
Transform: AffineTransform_float_3_3
Parameters: 1 0.000442432 0.000527637 -0.000442567 0.999999 -0.000820233 -0.000528363 0.000819766 0.999999 -0.03503 -0.0378428 -0.131741
FixedParameters: 0 0 0

#Transform 95
Transform: AffineTransform_float_3_3
Parameters: 1 0.0002934 0.000527778 -0.0002936 0.999999 -0.000757155 -0.000528222 0.000757845 0.999999 -0.0351464 -0.0452409 -0.134298
FixedParameters: 0 0 0

#Transform 96
Transform: AffineTransform_float_3_3
Parameters: 0.999999 0.000459696 0.000644504 -0.000459304 1 -0.0010793 -0.000645496 0.0010797 0.999999 -0.0231579 -0.0234964 -0.147598
FixedParameters: 0 0 0

#Transform 97
Transform: AffineTransform_float_3_3
Parameters: 1 -0.000425245 0.000528608 0.000425755 0.999999 -0.00142877 -0.000528392 0.00142822 0.999999 0.0103703 0.0256482 -0.162358
FixedParameters: 0 0 0

#Transform 98
Transform: AffineTransform_float_3_3
Parameters: 0.999999 -0.000512322 0.000528658 0.000512678 0.999999 -0.00128273 -0.000528343 0.00128227 0.999999 0.000317419 -0.0246438 -0.170116
FixedParameters: 0 0 0

#Transform 99
Transform: AffineTransform_float_3_3
Parameters: 0.999999 -0.000119882 0.000738182 0.000121117 0.999999 -0.00151391 -0.000737817 0.00151409 0.999998 -0.00364611 0.0176007 -0.147084
FixedParameters: 0 0 0

#Transform 100
Transform: AffineTransform_float_3_3
Parameters: 0.999999 0.000256683 0.000727759 -0.000256316 1 -0.000939188 -0.000728241 0.000938814 1 -0.0286057 -0.060584 -0.130367
FixedParameters: 0 0 0

#Transform 101
Transform: AffineTransform_float_3_3
Parameters: 0.999999 6.98981e-05 0.000745916 -6.91017e-05 1 -0.00120405 -0.000746084 0.00120395 0.999999 -0.0220684 0.00718448 -0.121925
FixedParameters: 0 0 0

#Transform 102
Transform: AffineTransform_float_3_3
Parameters: 0.999999 0.00014166 0.000732873 -0.000141339 0.999999 -0.000901104 -0.000733128 0.000900896 1 -0.0280536 -0.0327625 -0.113958
FixedParameters: 0 0 0

#Transform 103
Transform: AffineTransform_float_3_3
Parameters: 0.999999 0.00011973 0.000732881 -0.00011927 0.999999 -0.000996087 -0.000733119 0.000995912 0.999999 -0.027922 0.0115175 -0.113844
FixedParameters: 0 0 0

#Transform 104
Transform: AffineTransform_float_3_3
Parameters: 1 -0.000269569 0.000451258 0.000270431 1 -0.000955879 -0.000450742 0.000956123 1 -0.00410615 -0.00245456 -0.112511
FixedParameters: 0 0 0

#Transform 105
Transform: AffineTransform_float_3_3
Parameters: 1 -0.000269229 0.000482431 0.00026977 0.999998 -0.00159787 -0.000481569 0.00159813 0.999998 -0.0256578 -0.00524435 -0.112411
FixedParameters: 0 0 0

#Transform 106
Transform: AffineTransform_float_3_3
Parameters: 1 0.000297234 0.000211673 -0.000296766 1 -0.00110206 -0.000212327 0.00110194 1 -0.0390876 -0.073557 -0.0887541
FixedParameters: 0 0 0

#Transform 107
Transform: AffineTransform_float_3_3
Parameters: 1 0.000517295 0.000281458 -0.000516704 1 -0.00104815 -0.000282542 0.00104785 1 -0.0551517 -0.0647764 -0.0891737
FixedParameters: 0 0 0

#Transform 108
Transform: AffineTransform_float_3_3
Parameters: 1 0.000272069 7.57513e-05 -0.00027193 0.999999 -0.00091402 -7.62485e-05 0.000913978 0.999999 -0.0479286 -0.0585074 -0.0882297
FixedParameters: 0 0 0

#Transform 109
Transform: AffineTransform_float_3_3
Parameters: 1 0.000408078 5.64385e-05 -0.000407923 0.999999 -0.00137602 -5.65613e-05 0.00137598 0.999999 -0.0484082 -0.0171423 -0.111149
FixedParameters: 0 0 0

#Transform 110
Transform: AffineTransform_float_3_3
Parameters: 1 0.000113149 0.000170901 -0.000112851 0.999999 -0.000873019 -0.000171099 0.00087298 0.999999 -0.0314312 -0.0154598 -0.104406
FixedParameters: 0 0 0

#Transform 111
Transform: AffineTransform_float_3_3
Parameters: 1 0.00025627 0.000288761 -0.00025573 0.999999 -0.000934073 -0.000289239 0.000933925 0.999999 -0.0279735 -0.018086 -0.0890936
FixedParameters: 0 0 0

#Transform 112
Transform: AffineTransform_float_3_3
Parameters: 1 0.000217325 0.000375812 -0.000216675 0.999999 -0.000866081 -0.000375188 0.000865918 0.999999 -0.0424259 -0.0419078 -0.0686407
FixedParameters: 0 0 0

#Transform 113
Transform: AffineTransform_float_3_3
Parameters: 1 0.000181199 0.000363901 -0.000180801 1 -0.000547066 -0.000364099 0.000546934 1 -0.0250865 -0.0857425 -0.0687042
FixedParameters: 0 0 0

#Transform 114
Transform: AffineTransform_float_3_3
Parameters: 1 4.42297e-05 0.000372973 -4.37708e-05 1 -0.000616016 -0.000372027 0.000615983 0.999999 -0.026223 -0.0669544 -0.0687292
FixedParameters: 0 0 0

#Transform 115
Transform: AffineTransform_float_3_3
Parameters: 1 7.12234e-05 0.000257938 -7.17765e-05 0.999999 -0.000866018 -0.000258062 0.000865981 0.999999 -0.0238283 -0.00696918 -0.0883099
FixedParameters: 0 0 0

#Transform 116
Transform: AffineTransform_float_3_3
Parameters: 1 0.00011131 0.000357904 -0.00011069 0.999999 -0.000866039 -0.000358096 0.000865959 0.999999 -0.0259014 -0.0203893 -0.119633
FixedParameters: 0 0 0

#Transform 117
Transform: AffineTransform_float_3_3
Parameters: 1 -0.00032078 0.000295239 0.00032122 0.999999 -0.000745905 -0.000294761 0.000745094 0.999999 -0.00265902 0.0556275 -0.11929
FixedParameters: 0 0 0

#Transform 118
Transform: AffineTransform_float_3_3
Parameters: 1 -0.000248909 9.62345e-05 0.00024909 0.999999 -0.000941975 -9.57654e-05 0.000942023 0.999999 -0.003484 -0.0503396 -0.100095
FixedParameters: 0 0 0

#Transform 119
Transform: AffineTransform_float_3_3
Parameters: 1 -0.000395611 0.000522294 0.000396389 0.999999 -0.000743793 -0.000522705 0.000744206 0.999999 -0.0308683 -0.0386781 -0.0928831
FixedParameters: 0 0 0

#Transform 120
Transform: AffineTransform_float_3_3
Parameters: 1 -0.000145502 0.000588124 0.000146498 0.999999 -0.000846914 -0.000587876 0.000847086 1 -0.0238562 -0.0800477 -0.0931244
FixedParameters: 0 0 0

#Transform 121
Transform: AffineTransform_float_3_3
Parameters: 1 -0.000395473 0.000528395 0.000396526 1 -0.000996791 -0.000527605 0.00099721 1 -0.0159239 -0.0120577 -0.0964046
FixedParameters: 0 0 0

#Transform 122
Transform: AffineTransform_float_3_3
Parameters: 1 -0.000395504 0.000472416 0.000396496 1 -0.00105181 -0.000471584 0.00105119 1 -0.0100281 0.0158012 -0.116913
FixedParameters: 0 0 0

#Transform 123
Transform: AffineTransform_float_3_3
Parameters: 1 -0.000423685 0.000287466 0.000424316 1 -0.00109888 -0.000287534 0.00109812 1 -0.00259112 0.0197777 -0.134398
FixedParameters: 0 0 0

#Transform 124
Transform: AffineTransform_float_3_3
Parameters: 1 -0.000517715 0.000287514 0.000517286 1 -0.000992852 -0.000287487 0.00099215 1 -0.00253572 -0.00160392 -0.122577
FixedParameters: 0 0 0

#Transform 125
Transform: AffineTransform_float_3_3
Parameters: 1 -0.000395488 0.000505401 0.000396512 1 -0.0010128 -0.000505599 0.0010132 1 -0.0188626 -0.0258158 -0.119429
FixedParameters: 0 0 0

#Transform 126
Transform: AffineTransform_float_3_3
Parameters: 1 -0.000395351 0.000440583 0.000396649 0.999999 -0.00147282 -0.000440416 0.00147317 0.999999 -0.0132126 -0.0210862 -0.14242
FixedParameters: 0 0 0

#Transform 127
Transform: AffineTransform_float_3_3
Parameters: 0.999999 -0.000394956 0.000853483 0.000396043 0.999999 -0.00122266 -0.000852516 0.00122334 0.999999 -0.0218279 -0.0262612 -0.13075
FixedParameters: 0 0 0

#Transform 128
Transform: AffineTransform_float_3_3
Parameters: 0.999999 -0.000560412 0.000532619 0.000561589 0.999999 -0.0011047 -0.00053238 0.0011043 0.999999 -0.0135333 -0.0178092 -0.138367
FixedParameters: 0 0 0

#Transform 129
Transform: AffineTransform_float_3_3
Parameters: 0.999999 -0.000493277 0.000591604 0.000493723 0.999999 -0.00122271 -0.000591396 0.00122329 0.999999 -0.00869333 0.0246507 -0.149679
FixedParameters: 0 0 0

#Transform 130
Transform: AffineTransform_float_3_3
Parameters: 0.999999 -0.000593539 0.000420652 0.000594461 0.999999 -0.00109775 -0.000419348 0.00109725 1 -0.00529049 0.00893004 -0.162017
FixedParameters: 0 0 0

#Transform 131
Transform: AffineTransform_float_3_3
Parameters: 1 -0.000599551 0.000367733 0.000600449 0.999999 -0.00122278 -0.000367266 0.00122322 0.999999 -0.00429569 0.0390017 -0.160487
FixedParameters: 0 0 0

#Transform 132
Transform: AffineTransform_float_3_3
Parameters: 1 -0.000539483 0.00042266 0.000539516 0.999999 -0.00122277 -0.00042134 0.00122323 0.999999 -0.00527234 -0.032195 -0.137864
FixedParameters: 0 0 0

#Transform 133
Transform: AffineTransform_float_3_3
Parameters: 0.999999 -0.000410393 0.000749333 0.000410608 0.999999 -0.000810693 -0.000749668 0.000810308 1 -0.0118763 -0.0593429 -0.128168
FixedParameters: 0 0 0

#Transform 134
Transform: AffineTransform_float_3_3
Parameters: 0.999999 -0.000593595 0.000439547 0.000593405 1 -0.00092174 -0.000439453 0.000922262 1 -0.00996298 -0.0132807 -0.114335
FixedParameters: 0 0 0

#Transform 135
Transform: AffineTransform_float_3_3
Parameters: 0.999999 -0.000523373 0.00064451 0.000523627 1 -0.000973664 -0.000643491 0.000973338 1 -0.00973143 -0.0248269 -0.126809
FixedParameters: 0 0 0

#Transform 136
Transform: AffineTransform_float_3_3
Parameters: 0.999999 -0.000607443 0.000458738 0.000607557 0.999999 -0.00121372 -0.000458263 0.00121428 0.999999 -0.00155207 0.0232356 -0.163608
FixedParameters: 0 0 0

#Transform 137
Transform: AffineTransform_float_3_3
Parameters: 0.999999 -0.000614314 0.000510826 0.000614686 0.999999 -0.00134369 -0.000510175 0.00134331 0.999999 0.0116821 0.00730204 -0.17683
FixedParameters: 0 0 0

#Transform 138
Transform: AffineTransform_float_3_3
Parameters: 0.999999 -0.000559331 0.0004678 0.000559668 0.999999 -0.00142974 -0.0004672 0.00143026 0.999999 0.00665168 0.0114042 -0.167735
FixedParameters: 0 0 0

#Transform 139
Transform: AffineTransform_float_3_3
Parameters: 0.999999 -0.000369056 0.000783445 0.000369944 0.999999 -0.00120571 -0.000782554 0.00120529 0.999999 -0.0124923 -0.0203988 -0.121787
FixedParameters: 0 0 0

#Transform 140
Transform: AffineTransform_float_3_3
Parameters: 0.999999 -0.000617499 0.000479647 0.000617502 1 -0.0010467 -0.000479354 0.0010463 1 -0.00639319 -0.0413449 -0.104115
FixedParameters: 0 0 0

#Transform 141
Transform: AffineTransform_float_3_3
Parameters: 1 -0.000128445 0.000688103 0.000129555 0.999999 -0.00080691 -0.000687895 0.000807088 0.999999 -0.0105266 -0.0294854 -0.112937
FixedParameters: 0 0 0

#Transform 142
Transform: AffineTransform_float_3_3
Parameters: 0.999999 -0.00055623 0.000483886 0.00055677 0.999998 -0.00159273 -0.000483114 0.00159227 0.999998 0.0129219 -0.0931996 -0.169286
FixedParameters: 0 0 0

#Transform 143
Transform: AffineTransform_float_3_3
Parameters: 0.999999 -0.000645 0.000352833 0.000646 0.999996 -0.00283977 -0.000351167 0.00284023 0.999996 0.0241537 -0.0428315 -0.227965
FixedParameters: 0 0 0

#Transform 144
Transform: AffineTransform_float_3_3
Parameters: 0.999999 -0.00071103 0.00035296 0.00071197 0.999996 -0.00275475 -0.00035104 0.00275525 0.999996 0.0252949 0.0404041 -0.221642
FixedParameters: 0 0 0

#Transform 145
Transform: AffineTransform_float_3_3
Parameters: 1 -0.000509161 0.000352216 0.000509838 0.999997 -0.00238582 -0.000350784 0.00238618 0.999997 0.0107174 0.0630747 -0.182477
FixedParameters: 0 0 0

#Transform 146
Transform: AffineTransform_float_3_3
Parameters: 1 -0.000392382 0.000351691 0.000392617 0.999999 -0.00175986 -0.00035031 0.00176014 0.999999 0.00334902 0.0259972 -0.136659
FixedParameters: 0 0 0

#Transform 147
Transform: AffineTransform_float_3_3
Parameters: 1 -0.000270276 0.000439446 0.000270723 0.999998 -0.00164788 -0.000438554 0.00164812 0.999998 0.00763234 0.017863 -0.139638
FixedParameters: 0 0 0

#Transform 148
Transform: AffineTransform_float_3_3
Parameters: 1 -0.000269989 0.000644424 0.000271012 0.999998 -0.00156982 -0.000644575 0.00156917 0.999998 -0.00108011 0.0245378 -0.158177
FixedParameters: 0 0 0

#Transform 149
Transform: AffineTransform_float_3_3
Parameters: 0.999999 -0.000434082 0.000603661 0.000434918 0.999998 -0.00152074 -0.000603339 0.00152126 0.999998 0.0145828 -0.0154501 -0.173369
FixedParameters: 0 0 0

#Transform 150
Transform: AffineTransform_float_3_3
Parameters: 1 -0.000420424 0.000351689 0.000420574 0.999998 -0.00163885 -0.000350311 0.00163915 0.999998 0.015177 0.0704382 -0.199366
FixedParameters: 0 0 0

#Transform 151
Transform: AffineTransform_float_3_3
Parameters: 1 -0.000480615 0.000304608 0.000481384 0.999999 -0.00126485 -0.000303391 0.00126515 0.999999 0.0146471 -0.0771559 -0.175055
FixedParameters: 0 0 0

#Transform 152
Transform: AffineTransform_float_3_3
Parameters: 1 -0.000428591 0.000341514 0.00042841 0.999999 -0.00119885 -0.000341487 0.00119915 0.999999 0.00675318 -0.0681282 -0.141977
FixedParameters: 0 0 0

#Transform 153
Transform: AffineTransform_float_3_3
Parameters: 1 -0.00057054 0.0002919 0.000571459 0.999998 -0.00157683 -0.0002911 0.00157617 0.999998 0.00029785 -0.0221639 -0.133963
FixedParameters: 0 0 0

#Transform 154
Transform: AffineTransform_float_3_3
Parameters: 0.999999 -0.000601599 0.000712185 0.0006034 0.999998 -0.00196757 -0.000710813 0.00196843 0.999998 0.0039336 0.0317521 -0.151654
FixedParameters: 0 0 0

#Transform 155
Transform: AffineTransform_float_3_3
Parameters: 0.999999 -0.000699801 0.000617361 0.000701198 0.999998 -0.00194357 -0.000615638 0.00194343 0.999998 0.0104441 0.0279276 -0.160757
FixedParameters: 0 0 0

#Transform 156
Transform: AffineTransform_float_3_3
Parameters: 0.999999 -0.000694944 0.00061719 0.000696055 0.999999 -0.00171157 -0.000615809 0.00171243 0.999999 0.0112265 0.0516647 -0.16958
FixedParameters: 0 0 0

#Transform 157
Transform: AffineTransform_float_3_3
Parameters: 0.999999 -0.000666848 0.000617246 0.000667151 0.999998 -0.00186759 -0.000615754 0.00186841 0.999998 0.0134674 0.108349 -0.182937
FixedParameters: 0 0 0

#Transform 158
Transform: AffineTransform_float_3_3
Parameters: 0.999999 -0.000637746 0.000617297 0.000638252 0.999997 -0.00203161 -0.000615704 0.00203239 0.999997 0.011931 -0.0448298 -0.186001
FixedParameters: 0 0 0

#Transform 159
Transform: AffineTransform_float_3_3
Parameters: 0.999999 -0.000685006 0.000565207 0.000685994 0.999998 -0.00176061 -0.000563793 0.00176039 0.999999 -0.00341941 -0.0504902 -0.17146
FixedParameters: 0 0 0

#Transform 160
Transform: AffineTransform_float_3_3
Parameters: 0.999999 -0.000519989 0.000616852 0.00052101 0.999998 -0.00163868 -0.000616146 0.00163932 0.999998 0.00127345 -0.0550813 -0.142175
FixedParameters: 0 0 0

#Transform 161
Transform: AffineTransform_float_3_3
Parameters: 1 -0.00027008 0.000616403 0.000270919 0.999999 -0.00149183 -0.000615596 0.00149217 0.999998 0.0013894 -0.00693605 -0.141983
FixedParameters: 0 0 0

#Transform 162
Transform: AffineTransform_float_3_3
Parameters: 0.999999 -0.000635015 0.000617014 0.000635984 0.999998 -0.00159661 -0.000615985 0.00159639 0.999998 0.00338976 0.00167011 -0.153582
FixedParameters: 0 0 0

#Transform 163
Transform: AffineTransform_float_3_3
Parameters: 0.999999 -0.000440121 0.000616628 0.000440878 0.999999 -0.00142573 -0.000615372 0.00142527 0.999999 0.0130931 0.0212048 -0.188825
FixedParameters: 0 0 0

#Transform 164
Transform: AffineTransform_float_3_3
Parameters: 0.999999 -0.000569308 0.000479822 0.00057069 0.999999 -0.00144273 -0.000478177 0.00144227 0.999999 0.0194336 0.106856 -0.221447
FixedParameters: 0 0 0

#Transform 165
Transform: AffineTransform_float_3_3
Parameters: 0.999999 -0.000709557 0.00027614 0.000710443 0.999999 -0.0016068 -0.000274858 0.0016072 0.999998 0.0306091 0.0434809 -0.219333
FixedParameters: 0 0 0

#Transform 166
Transform: AffineTransform_float_3_3
Parameters: 0.999999 -0.000738628 0.000183501 0.00073837 0.999997 -0.00203186 -0.0001815 0.00203213 0.999998 0.0299831 0.110534 -0.229803
FixedParameters: 0 0 0

#Transform 167
Transform: AffineTransform_float_3_3
Parameters: 0.999999 -0.000691688 0.000201073 0.00069131 0.999998 -0.00155086 -0.000199928 0.00155114 0.999999 0.0178404 -0.0572746 -0.221495
FixedParameters: 0 0 0

#Transform 168
Transform: AffineTransform_float_3_3
Parameters: 0.999999 -0.000651935 0.000617127 0.000653065 0.999999 -0.0017276 -0.000615873 0.0017274 0.999999 0.00642101 -0.0453702 -0.225212
FixedParameters: 0 0 0

#Transform 169
Transform: AffineTransform_float_3_3
Parameters: 0.999999 -0.000678044 0.000551178 0.000678956 0.999999 -0.00173663 -0.000549822 0.00173637 0.999999 0.0078339 -0.022832 -0.217178
FixedParameters: 0 0 0

#Transform 170
Transform: AffineTransform_float_3_3
Parameters: 0.999999 -0.000580769 0.000680053 0.00058123 0.999998 -0.00181061 -0.000678948 0.0018114 0.999998 0.00814625 -0.0148653 -0.250424
FixedParameters: 0 0 0

#Transform 171
Transform: AffineTransform_float_3_3
Parameters: 0.999999 -0.000757953 0.000617288 0.000759046 0.999999 -0.00169753 -0.000615713 0.00169747 0.999999 0.0069635 -0.00624205 -0.280899
FixedParameters: 0 0 0

#Transform 172
Transform: AffineTransform_float_3_3
Parameters: 0.999999 -0.000844063 0.000496596 0.000844935 0.999998 -0.00188958 -0.000494404 0.00188942 0.999998 0.00945317 0.0180992 -0.287306
FixedParameters: 0 0 0

#Transform 173
Transform: AffineTransform_float_3_3
Parameters: 0.999999 -0.000724893 0.000617302 0.000726106 0.999998 -0.00179455 -0.000615697 0.00179545 0.999998 0.0019718 0.00896482 -0.261833
FixedParameters: 0 0 0

#Transform 174
Transform: AffineTransform_float_3_3
Parameters: 0.999999 -0.00066007 0.000616996 0.00066193 0.999998 -0.00150859 -0.000616002 0.00150841 0.999998 0.00795323 -0.0300665 -0.253273
FixedParameters: 0 0 0

#Transform 175
Transform: AffineTransform_float_3_3
Parameters: 0.999999 -0.000758817 0.000699285 0.000760182 0.999999 -0.00169247 -0.000697714 0.00169353 0.999999 0.00641807 0.0454005 -0.264396
FixedParameters: 0 0 0

#Transform 176
Transform: AffineTransform_float_3_3
Parameters: 1 -0.000822014 0.000617317 0.000822987 0.999999 -0.00160049 -0.000615684 0.00160051 0.999998 0.0103561 -0.0206975 -0.274747
FixedParameters: 0 0 0

#Transform 177
Transform: AffineTransform_float_3_3
Parameters: 0.999999 -0.00083114 0.000459558 0.00083186 0.999998 -0.00187362 -0.000458442 0.00187438 0.999998 0.0111906 -0.000898159 -0.291367
FixedParameters: 0 0 0

#Transform 178
Transform: AffineTransform_float_3_3
Parameters: 1 -0.000913151 0.000430803 0.000913849 0.999997 -0.00197361 -0.000429197 0.00197439 0.999998 0.0202154 0.024823 -0.299635
FixedParameters: 0 0 0

#Transform 179
Transform: AffineTransform_float_3_3
Parameters: 0.999999 -0.000876089 0.00046173 0.000877909 0.999997 -0.00197359 -0.000460267 0.0019744 0.999998 0.0121657 -0.0342955 -0.28882
FixedParameters: 0 0 0

#Transform 180
Transform: AffineTransform_float_3_3
Parameters: 0.999999 -0.000700832 0.000617329 0.000702167 0.999998 -0.00189457 -0.000615671 0.00189443 0.999998 0.00763894 -0.0295677 -0.296494
FixedParameters: 0 0 0

#Transform 181
Transform: AffineTransform_float_3_3
Parameters: 0.999999 -0.00066414 0.000496154 0.00066486 0.999999 -0.00173667 -0.000494846 0.00173633 0.999999 0.0174691 -0.0614477 -0.260896
FixedParameters: 0 0 0

#Transform 182
Transform: AffineTransform_float_3_3
Parameters: 0.999999 -0.000825162 0.000489417 0.000825839 0.999998 -0.0017156 -0.000488584 0.0017154 0.999999 0.0187642 -0.0221851 -0.260143
FixedParameters: 0 0 0

#Transform 183
Transform: AffineTransform_float_3_3
Parameters: 0.999999 -0.000789384 0.00045008 0.000790614 0.999999 -0.00136764 -0.000448919 0.00136835 0.999999 0.0155667 -0.00148875 -0.247675
FixedParameters: 0 0 0

#Transform 184
Transform: AffineTransform_float_3_3
Parameters: 0.999999 -0.000786527 0.00043286 0.000786472 0.999999 -0.00109266 -0.00043214 0.00109334 1 0.0223522 0.0363602 -0.247657
FixedParameters: 0 0 0

#Transform 185
Transform: AffineTransform_float_3_3
Parameters: 1 -0.000618726 0.000272622 0.000618274 1 -0.00100483 -0.000272379 0.00100517 1 0.0297973 0.0836431 -0.239795
FixedParameters: 0 0 0

#Transform 186
Transform: AffineTransform_float_3_3
Parameters: 0.999999 -0.000672507 0.000413802 0.000673493 0.999999 -0.00119172 -0.000413197 0.00119228 0.999999 0.0159582 0.0323108 -0.216681
FixedParameters: 0 0 0

#Transform 187
Transform: AffineTransform_float_3_3
Parameters: 0.999999 -0.000847755 0.000480434 0.000847246 1 -0.000511593 -0.000479567 0.000511407 1 0.0106606 0.0148607 -0.166059
FixedParameters: 0 0 0

#Transform 188
Transform: AffineTransform_float_3_3
Parameters: 0.999999 -0.000847756 0.000413501 0.000847244 1 -0.00059065 -0.0004135 0.000590351 0.999999 0.0163938 -0.0352666 -0.181715
FixedParameters: 0 0 0

#Transform 189
Transform: AffineTransform_float_3_3
Parameters: 0.999999 -0.000847823 0.000413361 0.000847175 0.999999 -0.00042565 -0.000413639 0.000426351 1 0.0190698 -0.0160682 -0.200579
FixedParameters: 0 0 0

#Transform 190
Transform: AffineTransform_float_3_3
Parameters: 1 -0.0010496 0.000414028 0.00104941 0.999999 -0.000978567 -0.000412973 0.000979434 1 -0.00257427 0.00381965 -0.221458
FixedParameters: 0 0 0

#Transform 191
