# transform file /out/sourcedata/freesurfer/sub-v2s11x28681_ses-1/mri/transforms/cc_up.lta
# created by oesteban on Tue Mar 10 16:55:27 2026

type      = 0 # LINEAR_VOX_TO_VOX
nxforms   = 1
mean      = 163.0000 157.0000 153.0000
sigma     = 10000.0000
1 4 4
9.922289848327637e-01 8.501109480857849e-02 -9.085576981306076e-02 -3.015832138061523e+01 
-8.465692400932312e-02 9.963799715042114e-01 7.751808967441320e-03 1.001811695098877e+01 
9.118586033582687e-02 4.656612873077393e-10 9.958339333534241e-01 -3.714302825927734e+01 
0.000000000000000e+00 0.000000000000000e+00 0.000000000000000e+00 1.000000000000000e+00 
src volume info
valid = 1  # volume info valid
filename = /out/sourcedata/freesurfer/sub-v2s11x28681_ses-1/mri/norm.mgz
volume = 320 320 320
voxelsize = 7.999999523162842e-01 7.999999523162842e-01 7.999999523162842e-01
xras   = -9.999999403953552e-01 0.000000000000000e+00 0.000000000000000e+00
yras   = 0.000000000000000e+00 0.000000000000000e+00 -9.999999403953552e-01
zras   = 0.000000000000000e+00 9.999999403953552e-01 0.000000000000000e+00
cras   = -1.525733947753906e+00 -2.419334411621094e+00 1.041545104980469e+01
dst volume info
valid = 1  # volume info valid
filename = /out/sourcedata/freesurfer/sub-v2s11x28681_ses-1/mri/norm.mgz
volume = 320 320 320
voxelsize = 7.999999523162842e-01 7.999999523162842e-01 7.999999523162842e-01
xras   = -9.999999403953552e-01 0.000000000000000e+00 0.000000000000000e+00
yras   = 0.000000000000000e+00 0.000000000000000e+00 -9.999999403953552e-01
zras   = 0.000000000000000e+00 9.999999403953552e-01 0.000000000000000e+00
cras   = -1.525733947753906e+00 -2.419334411621094e+00 1.041545104980469e+01
