# transform file /out/sourcedata/freesurfer/sub-v2s11x28682_ses-2/mri/transforms/cc_up.lta
# created by oesteban on Tue Mar 10 16:40:55 2026

type      = 0 # LINEAR_VOX_TO_VOX
nxforms   = 1
mean      = 166.0000 152.0000 162.0000
sigma     = 10000.0000
1 4 4
9.962663650512695e-01 -7.622552663087845e-02 4.053598642349243e-02 -3.117389297485352e+01 
7.616250962018967e-02 9.970906972885132e-01 3.098892979323864e-03 -1.963888168334961e+01 
-4.065426439046860e-02 -2.328306714094452e-10 9.991733431816101e-01 -1.516803455352783e+01 
0.000000000000000e+00 0.000000000000000e+00 0.000000000000000e+00 1.000000000000000e+00 
src volume info
valid = 1  # volume info valid
filename = /out/sourcedata/freesurfer/sub-v2s11x28682_ses-2/mri/norm.mgz
volume = 320 320 320
voxelsize = 7.999998927116394e-01 7.999998927116394e-01 7.999998927116394e-01
xras   = -9.999999403953552e-01 0.000000000000000e+00 0.000000000000000e+00
yras   = 0.000000000000000e+00 0.000000000000000e+00 -9.999999403953552e-01
zras   = 0.000000000000000e+00 9.999999403953552e-01 0.000000000000000e+00
cras   = 2.649719238281250e+00 6.967155456542969e+00 -2.875692749023438e+01
dst volume info
valid = 1  # volume info valid
filename = /out/sourcedata/freesurfer/sub-v2s11x28682_ses-2/mri/norm.mgz
volume = 320 320 320
voxelsize = 7.999998927116394e-01 7.999998927116394e-01 7.999998927116394e-01
xras   = -9.999999403953552e-01 0.000000000000000e+00 0.000000000000000e+00
yras   = 0.000000000000000e+00 0.000000000000000e+00 -9.999999403953552e-01
zras   = 0.000000000000000e+00 9.999999403953552e-01 0.000000000000000e+00
cras   = 2.649719238281250e+00 6.967155456542969e+00 -2.875692749023438e+01
