# transform file transforms/talairach.lta
# created by oesteban on Tue Mar 10 14:29:51 2026

type      = 0 # LINEAR_VOX_TO_VOX
nxforms   = 1
mean      = 165.0000 154.0000 162.0000
sigma     = 10000.0000
1 4 4
8.105719685554504e-01 -3.969202190637589e-02 3.429410979151726e-02 -9.152145385742188e+00 
2.406321465969086e-02 8.757027983665466e-01 1.646907627582550e-01 -4.750345993041992e+01 
-4.446418583393097e-02 -1.544381529092789e-01 7.514798641204834e-01 2.031314849853516e+01 
0.000000000000000e+00 0.000000000000000e+00 0.000000000000000e+00 1.000000000000000e+00 
src volume info
valid = 1  # volume info valid
filename = nu.mgz
volume = 320 320 320
voxelsize = 7.999998927116394e-01 7.999998927116394e-01 7.999998927116394e-01
xras   = -9.999999403953552e-01 0.000000000000000e+00 0.000000000000000e+00
yras   = 0.000000000000000e+00 0.000000000000000e+00 -9.999999403953552e-01
zras   = 0.000000000000000e+00 9.999999403953552e-01 0.000000000000000e+00
cras   = 2.649719238281250e+00 6.967155456542969e+00 -2.875692749023438e+01
dst volume info
valid = 1  # volume info valid
filename = /opt/freesurfer/average/RB_all_2020-01-02.gca
volume = 256 256 256
voxelsize = 1.000000000000000e+00 1.000000000000000e+00 1.000000000000000e+00
xras   = -1.000000000000000e+00 0.000000000000000e+00 0.000000000000000e+00
yras   = 0.000000000000000e+00 0.000000000000000e+00 -1.000000000000000e+00
zras   = 0.000000000000000e+00 1.000000000000000e+00 0.000000000000000e+00
cras   = 0.000000000000000e+00 0.000000000000000e+00 0.000000000000000e+00
