#Insight Transform File V1.0
#Transform 0
Transform: AffineTransform_float_3_3
Parameters: 1 -0.000455979 0.000208045 0.00045602 1 -9.79051e-05 -0.000207955 9.80948e-05 1 0.00027827 -0.0413464 -0.0575283
FixedParameters: 0 0 0

#Transform 1
Transform: AffineTransform_float_3_3
Parameters: 1 -0.000456002 0.000281998 0.000455998 1 5.12859e-06 -0.000282003 -5.87141e-06 1 0.00110246 -0.0392326 -0.087852
FixedParameters: 0 0 0

#Transform 2
Transform: AffineTransform_float_3_3
Parameters: 0.999999 -0.000456151 0.000564877 0.000456848 1 0.000268258 -0.000565122 -0.000267742 1 0.0100256 -0.0673398 -0.0862134
FixedParameters: 0 0 0

#Transform 3
Transform: AffineTransform_float_3_3
Parameters: 1 -0.000456107 0.000527907 0.000455893 1 0.000203241 -0.000528092 -0.000202759 1 0.0114975 -0.00189206 -0.0767079
FixedParameters: 0 0 0

#Transform 4
Transform: AffineTransform_float_3_3
Parameters: 1 -0.000456054 0.000267908 0.000455946 1 0.000201122 -0.000268092 -0.000200878 1 0.010137 -0.0120465 -0.0603799
FixedParameters: 0 0 0

#Transform 5
Transform: AffineTransform_float_3_3
Parameters: 1 -0.000111913 0.000415023 0.000112087 1 -0.000208953 -0.000414976 0.000209046 1 0.00996253 -0.0360623 -0.0412247
FixedParameters: 0 0 0

#Transform 6
Transform: AffineTransform_float_3_3
Parameters: 1 -9.19415e-05 0.000415013 9.20585e-05 1 -0.000140962 -0.000414987 0.000141038 1 -0.00271759 -0.054792 -0.0503079
FixedParameters: 0 0 0

#Transform 7
Transform: AffineTransform_float_3_3
Parameters: 1 -0.000117161 0.000414954 0.000116839 1 0.000388048 -0.000414045 -0.000387951 1 -0.00109879 -0.0973586 -0.0273859
FixedParameters: 0 0 0

#Transform 8
Transform: AffineTransform_float_3_3
Parameters: 1 2.09336e-05 0.000415003 -2.10664e-05 1 0.000159991 -0.000414997 -0.000160009 1 -0.0134925 -0.092923 -0.0378448
FixedParameters: 0 0 0

#Transform 9
Transform: AffineTransform_float_3_3
Parameters: 1 8.19801e-05 0.00016601 -8.202e-05 1 0.000119986 -0.00016699 -0.000120014 1 -0.0324467 -0.0711522 -0.0427522
FixedParameters: 0 0 0

#Transform 10
Transform: AffineTransform_float_3_3
Parameters: 1 0.000575914 0.000124399 -0.000576085 0.999999 0.000692928 -0.000123601 -0.000693071 1 -0.0296476 -0.0349255 -0.0255433
FixedParameters: 0 0 0

#Transform 11
Transform: AffineTransform_float_3_3
Parameters: 1 0.000399008 -7.61695e-06 -0.000398992 1 0.000960003 8.38303e-06 -0.000959997 0.999999 -0.025682 -0.0174525 -0.0278008
FixedParameters: 0 0 0

#Transform 12
Transform: AffineTransform_float_3_3
Parameters: 1 0.000420003 -2.54556e-06 -0.000419997 1 0.001082 3.45444e-06 -0.001082 1 -0.0123461 -0.00808824 -0.00515898
FixedParameters: 0 0 0

#Transform 13
Transform: AffineTransform_float_3_3
Parameters: 1 0.00042287 0.000183299 -0.00042313 0.999999 0.000706922 -0.000183701 -0.000707077 0.999999 -0.0233949 -0.0225235 -5.49023e-05
FixedParameters: 0 0 0

#Transform 14
Transform: AffineTransform_float_3_3
Parameters: 1 0.000192032 -5.28855e-05 -0.000191968 1 0.00059601 5.31144e-05 -0.00059599 1 -0.0258278 -0.0876053 0.0148443
FixedParameters: 0 0 0

#Transform 15
Transform: AffineTransform_float_3_3
Parameters: 1 0.000303929 0.000138156 -0.000304071 1 0.000513958 -0.000137844 -0.000514042 1 -0.0226243 -0.0923151 0.0160176
FixedParameters: 0 0 0

#Transform 16
Transform: AffineTransform_float_3_3
Parameters: 1 0.000292762 0.000415168 -0.000292238 1 0.000573878 -0.000414832 -0.000574121 0.999999 -0.0297175 -0.08004 0.00723406
FixedParameters: 0 0 0

#Transform 17
Transform: AffineTransform_float_3_3
Parameters: 1 0.000480912 0.000128329 -0.000480087 0.999999 0.000683938 -0.000127672 -0.000684061 1 -0.0252664 -0.0898091 0.0191096
FixedParameters: 0 0 0

#Transform 18
Transform: AffineTransform_float_3_3
Parameters: 1 0.000262006 -1.48962e-05 -0.000261994 1 0.000396004 1.51037e-05 -0.000395996 1 -0.0243376 -0.0663588 0.0282531
FixedParameters: 0 0 0

#Transform 19
Transform: AffineTransform_float_3_3
Parameters: 1 0.000222947 0.000185064 -0.000223053 1 0.000287959 -0.000184936 -0.000288041 1 -0.0192213 -0.0559577 0.0312713
FixedParameters: 0 0 0

#Transform 20
Transform: AffineTransform_float_3_3
Parameters: 1 0.00014002 -0.000155982 -0.00013998 1 0.000131022 0.000156018 -0.000130978 1 -0.0140318 -0.0298174 0.0211684
FixedParameters: 0 0 0

#Transform 21
Transform: AffineTransform_float_3_3
Parameters: 1 0.000108007 -0.000114994 -0.000107993 1 5.80124e-05 0.000115006 -5.79876e-05 1 -0.0151132 -0.0337766 0.0276049
FixedParameters: 0 0 0

#Transform 22
Transform: AffineTransform_float_3_3
Parameters: 1 1.10017e-05 -2.99994e-05 -1.09983e-05 1 5.80003e-05 3.00006e-05 -5.79997e-05 1 -0.0151318 -0.0436958 0.0274947
FixedParameters: 0 0 0

#Transform 23
Transform: AffineTransform_float_3_3
Parameters: 1 0.000404045 -0.000114842 -0.000403955 1 0.000392046 0.000115158 -0.000391953 1 -0.0260528 -0.00783337 0.0335364
FixedParameters: 0 0 0

#Transform 24
Transform: AffineTransform_float_3_3
Parameters: 1 0.00043699 4.50957e-05 -0.00043701 1 0.00021898 -4.49043e-05 -0.00021902 1 -0.0233191 -0.0277433 0.0468463
FixedParameters: 0 0 0

#Transform 25
Transform: AffineTransform_float_3_3
Parameters: 1 0.000428986 6.30952e-05 -0.000429014 1 0.000221973 -6.29047e-05 -0.000222027 1 -0.0274015 -0.0116745 0.0424048
FixedParameters: 0 0 0

#Transform 26
Transform: AffineTransform_float_3_3
Parameters: 1 0.000283989 -0.000123024 -0.000284011 1 -8.59651e-05 0.000122976 8.60349e-05 1 -0.0161038 -0.055666 0.0428443
FixedParameters: 0 0 0

#Transform 27
Transform: AffineTransform_float_3_3
Parameters: 1 0.000285993 -5.20392e-05 -0.000286007 1 -0.000136985 5.19608e-05 0.000137015 1 -0.022076 -0.0537065 0.0407874
FixedParameters: 0 0 0

#Transform 28
Transform: AffineTransform_float_3_3
Parameters: 1 0.000404 7.70012e-05 -0.000404 1 2.96889e-06 -7.69988e-05 -3.03111e-06 1 -0.0347575 -0.0365099 0.0502587
FixedParameters: 0 0 0

#Transform 29
Transform: AffineTransform_float_3_3
Parameters: 1 0.000397999 1.50231e-05 -0.000398001 1 5.7994e-05 -1.49769e-05 -5.8006e-05 1 -0.0379619 -0.00479478 0.0513735
FixedParameters: 0 0 0

#Transform 30
Transform: AffineTransform_float_3_3
Parameters: 1 0.000610995 8.20354e-05 -0.000611005 1 5.79499e-05 -8.19645e-05 -5.80501e-05 1 -0.0379244 0.0199913 0.0837754
FixedParameters: 0 0 0

#Transform 31
Transform: AffineTransform_float_3_3
Parameters: 1 0.000363993 1.71416e-05 -0.000364007 1 0.000388994 -1.68584e-05 -0.000389006 1 -0.0303829 -0.0587108 0.0963863
FixedParameters: 0 0 0

#Transform 32
Transform: AffineTransform_float_3_3
Parameters: 1 -1.09142e-06 0.000112999 9.08582e-07 0.999999 0.000809 -0.000113001 -0.000808999 0.999999 -0.010653 -0.0803886 0.0839009
FixedParameters: 0 0 0

#Transform 33
Transform: AffineTransform_float_3_3
Parameters: 1 -0.00012007 9.4912e-05 0.00011993 0.999999 0.000733011 -9.50879e-05 -0.000732988 0.999999 -0.00530678 -0.0767467 0.0779667
FixedParameters: 0 0 0

#Transform 34
Transform: AffineTransform_float_3_3
Parameters: 1 -0.000120089 0.00013292 0.000119911 1 0.000667016 -0.00013308 -0.000667984 1 0.00138413 -0.00698749 0.068335
FixedParameters: 0 0 0

#Transform 35
Transform: AffineTransform_float_3_3
Parameters: 1 -0.000120055 0.00013295 0.000119945 1 0.000413016 -0.00013305 -0.000412984 1 0.00254649 0.00583823 0.0675768
FixedParameters: 0 0 0

#Transform 36
Transform: AffineTransform_float_3_3
Parameters: 1 2.69808e-05 5.10101e-05 -2.70192e-05 1 0.000375999 -5.09898e-05 -0.000376001 1 -0.00614806 0.00430512 0.0788449
FixedParameters: 0 0 0

#Transform 37
Transform: AffineTransform_float_3_3
Parameters: 1 -0.000120117 0.000213934 0.000119883 1 0.000548025 -0.000214066 -0.000547974 1 -0.000963558 -0.0520618 0.11301
FixedParameters: 0 0 0

#Transform 38
Transform: AffineTransform_float_3_3
Parameters: 1 8.49127e-05 0.000133056 -8.50872e-05 1 0.000655988 -0.000132944 -0.000656011 1 -0.00400966 -0.0627093 0.0944596
FixedParameters: 0 0 0

#Transform 39
Transform: AffineTransform_float_3_3
Parameters: 1 -0.000120133 0.000241934 0.000119867 1 0.000548029 -0.000242066 -0.000547971 1 -0.000595233 -0.0209778 0.0820226
FixedParameters: 0 0 0

#Transform 40
Transform: AffineTransform_float_3_3
Parameters: 1 -7.06969e-06 0.000132996 6.93031e-06 1 0.000524001 -0.000133004 -0.000523999 1 0.000488444 0.0189579 0.0710872
FixedParameters: 0 0 0

#Transform 41
Transform: AffineTransform_float_3_3
Parameters: 1 2.97792e-06 0.000133 -3.02208e-06 1 0.000166 -0.000132999 -0.000166 1 0.00749385 0.0331473 0.0662118
FixedParameters: 0 0 0

#Transform 42
Transform: AffineTransform_float_3_3
Parameters: 1 7.9946e-05 0.000133032 -8.0054e-05 1 0.000405989 -0.000132967 -0.000406011 1 -0.00245447 -0.0351329 0.117655
FixedParameters: 0 0 0

#Transform 43
Transform: AffineTransform_float_3_3
Parameters: 1 -0.000120034 0.00013297 0.000119966 1 0.000252016 -0.00013303 -0.000251984 1 0.0017825 -0.0484198 0.108875
FixedParameters: 0 0 0

#Transform 44
Transform: AffineTransform_float_3_3
Parameters: 1 7.98687e-05 0.000314033 -7.91312e-05 1 0.000417975 -0.000313967 -0.000418025 1 -0.00687396 -0.057398 0.108382
FixedParameters: 0 0 0

#Transform 45
Transform: AffineTransform_float_3_3
Parameters: 1 0.000175879 0.000220097 -0.000176121 1 0.000549961 -0.000219903 -0.000550039 1 -0.00424132 -0.0242028 0.102716
FixedParameters: 0 0 0

#Transform 46
Transform: AffineTransform_float_3_3
Parameters: 1 0.000118965 0.000133031 -0.000119035 1 0.000262984 -0.000132969 -0.000263016 1 -0.00150208 0.041129 0.0850883
FixedParameters: 0 0 0

#Transform 47
Transform: AffineTransform_float_3_3
Parameters: 1 0.000194941 0.000133086 -0.000195059 1 0.000440974 -0.000132914 -0.000441026 1 -0.00425535 0.0206058 0.10114
FixedParameters: 0 0 0

#Transform 48
Transform: AffineTransform_float_3_3
Parameters: 1 0.000159987 0.000133016 -0.000160013 1 9.79787e-05 -0.000132984 -9.80213e-05 1 -0.00454973 0.0211276 0.102254
FixedParameters: 0 0 0

#Transform 49
Transform: AffineTransform_float_3_3
Parameters: 1 0.000175968 0.000133042 -0.000176032 1 0.000238977 -0.000132958 -0.000239023 1 -0.013517 -0.0391432 0.113341
FixedParameters: 0 0 0

#Transform 50
Transform: AffineTransform_float_3_3
Parameters: 1 0.000191942 0.00022005 -0.000192058 1 0.000262958 -0.000219949 -0.000263042 1 -0.00745439 -0.033977 0.110326
FixedParameters: 0 0 0

#Transform 51
Transform: AffineTransform_float_3_3
Parameters: 1 0.000261945 0.000239061 -0.000262055 1 0.000231937 -0.000238939 -0.000232063 1 -0.00589556 0.0238689 0.101476
FixedParameters: 0 0 0

#Transform 52
Transform: AffineTransform_float_3_3
Parameters: 1 0.000482982 0.000133063 -0.000483017 1 0.000130936 -0.000132937 -0.000131064 1 -0.00511719 0.0274742 0.0978693
FixedParameters: 0 0 0

#Transform 53
Transform: AffineTransform_float_3_3
Parameters: 1 0.000291019 0.000132958 -0.000290981 1 -0.000144039 -0.000133042 0.000143961 1 -0.00347522 0.0560137 0.0916534
FixedParameters: 0 0 0

#Transform 54
Transform: AffineTransform_float_3_3
Parameters: 1 0.000312004 0.00013299 -0.000311996 1 -3.20415e-05 -0.00013301 3.19585e-05 1 -0.011059 -0.03217 0.133879
FixedParameters: 0 0 0

#Transform 55
Transform: AffineTransform_float_3_3
Parameters: 1 0.000291983 0.000133038 -0.000292017 1 0.000130961 -0.000132962 -0.000131039 1 -0.00747388 -0.0386567 0.134085
FixedParameters: 0 0 0

#Transform 56
Transform: AffineTransform_float_3_3
Parameters: 1 0.000307983 0.00013304 -0.000308017 1 0.000130959 -0.00013296 -0.000131041 1 -0.014574 -0.0572222 0.124268
FixedParameters: 0 0 0

#Transform 57
Transform: AffineTransform_float_3_3
Parameters: 1 0.000335983 0.000133044 -0.000336017 1 0.000130955 -0.000132956 -0.000131045 1 -0.0146125 -0.0103951 0.112699
FixedParameters: 0 0 0

#Transform 58
Transform: AffineTransform_float_3_3
Parameters: 1 0.000461965 0.00026506 -0.000462035 1 0.000130878 -0.000264939 -0.000131122 1 -0.0152014 0.0512796 0.106889
FixedParameters: 0 0 0

#Transform 59
Transform: AffineTransform_float_3_3
Parameters: 1 0.000398998 0.000133007 -0.000399002 1 1.79469e-05 -0.000132993 -1.80531e-05 1 -0.0122738 0.0506175 0.10651
FixedParameters: 0 0 0

#Transform 60
Transform: AffineTransform_float_3_3
Parameters: 1 0.000393983 0.000133052 -0.000394017 1 0.000130948 -0.000132948 -0.000131052 1 -0.0120696 0.0460298 0.127073
FixedParameters: 0 0 0

#Transform 61
Transform: AffineTransform_float_3_3
Parameters: 1 0.000400945 0.000133165 -0.000401055 1 0.000411947 -0.000132835 -0.000412053 1 -0.0152422 -0.0537069 0.150027
FixedParameters: 0 0 0

#Transform 62
Transform: AffineTransform_float_3_3
Parameters: 1 0.000301939 0.000133139 -0.000302061 1 0.00045996 -0.000132861 -0.00046004 1 -0.00432925 -0.0438434 0.132258
FixedParameters: 0 0 0

#Transform 63
Transform: AffineTransform_float_3_3
Parameters: 1 0.00048489 0.00031417 -0.00048511 1 0.000349848 -0.00031383 -0.000350152 1 -0.0183781 0.00519986 0.119111
FixedParameters: 0 0 0

#Transform 64
Transform: AffineTransform_float_3_3
Parameters: 1 0.000377967 0.000133094 -0.000378033 1 0.00024795 -0.000132906 -0.00024805 1 -0.00135587 0.00937437 0.095628
FixedParameters: 0 0 0

#Transform 65
Transform: AffineTransform_float_3_3
Parameters: 1 0.00044995 0.000293076 -0.00045005 1 0.000169868 -0.000292923 -0.000170132 1 -0.0162596 0.0505448 0.106019
FixedParameters: 0 0 0

#Transform 66
Transform: AffineTransform_float_3_3
Parameters: 1 0.0004559 0.000133342 -0.0004561 0.999999 0.000750939 -0.000132657 -0.00075106 0.999999 -0.0226061 -0.0641247 0.14479
FixedParameters: 0 0 0

#Transform 67
Transform: AffineTransform_float_3_3
Parameters: 1 0.000563776 0.000321392 -0.000564224 0.999999 0.000695818 -0.000321607 -0.000696181 0.999999 -0.0287156 -0.0249786 0.125695
FixedParameters: 0 0 0

#Transform 68
Transform: AffineTransform_float_3_3
Parameters: 1 0.000609836 0.000304328 -0.000610164 0.999999 0.000537814 -0.000304672 -0.000538186 1 -0.0288411 -0.0187163 0.119107
FixedParameters: 0 0 0

#Transform 69
Transform: AffineTransform_float_3_3
Parameters: 1 0.000647933 0.000133323 -0.000648066 0.999999 0.000498913 -0.000132677 -0.000498086 1 -0.0226602 0.037735 0.0919767
FixedParameters: 0 0 0

#Transform 70
Transform: AffineTransform_float_3_3
Parameters: 1 0.000592944 0.000238139 -0.000593055 1 0.000233859 -0.000237861 -0.000234141 1 -0.025857 0.0574919 0.103491
FixedParameters: 0 0 0

#Transform 71
Transform: AffineTransform_float_3_3
Parameters: 1 0.000521976 5.32317e-05 -0.000522024 1 0.000443972 -5.37682e-05 -0.000444028 1 -0.0172717 -0.0153682 0.1404
FixedParameters: 0 0 0

#Transform 72
Transform: AffineTransform_float_3_3
Parameters: 1 0.000420969 0.000133098 -0.000421031 1 0.000233944 -0.000132901 -0.000234056 1 -0.0185088 -0.0307336 0.13649
FixedParameters: 0 0 0

#Transform 73
Transform: AffineTransform_float_3_3
Parameters: 1 0.000592859 0.000270309 -0.000592141 0.999999 0.00052184 -0.000269691 -0.00052216 1 -0.0271874 -0.0538027 0.127065
FixedParameters: 0 0 0

#Transform 74
Transform: AffineTransform_float_3_3
Parameters: 1 0.000508965 0.000133135 -0.000509035 1 0.000264932 -0.000132865 -0.000265068 1 -0.0133553 0.0134433 0.105577
FixedParameters: 0 0 0

#Transform 75
Transform: AffineTransform_float_3_3
Parameters: 1 0.000475962 0.000189095 -0.000476037 1 0.00019891 -0.000188905 -0.00019909 1 -0.030543 0.0368011 0.0962468
FixedParameters: 0 0 0

#Transform 76
Transform: AffineTransform_float_3_3
Parameters: 1 0.000527998 2.0048e-05 -0.000528002 1 9.09894e-05 -1.99519e-05 -9.10105e-05 1 -0.0222265 0.0494414 0.0937912
FixedParameters: 0 0 0

#Transform 77
Transform: AffineTransform_float_3_3
Parameters: 1 0.000453987 0.000133044 -0.000454013 1 9.59396e-05 -0.000132956 -9.60604e-05 1 -0.0191371 0.0351915 0.132558
FixedParameters: 0 0 0

#Transform 78
Transform: AffineTransform_float_3_3
Parameters: 1 0.000468979 6.01651e-05 -0.000469021 1 0.000351972 -5.98349e-05 -0.000352028 1 -0.0165163 -0.0495378 0.137436
FixedParameters: 0 0 0

#Transform 79
Transform: AffineTransform_float_3_3
Parameters: 1 0.000392968 0.000133094 -0.000393032 1 0.000239948 -0.000132906 -0.000240052 1 -0.0180136 -0.0281792 0.123231
FixedParameters: 0 0 0

#Transform 80
Transform: AffineTransform_float_3_3
Parameters: 1 0.000470937 0.000133224 -0.000471063 1 0.000474937 -0.000132776 -0.000475062 1 -0.0195045 -0.00425849 0.123217
FixedParameters: 0 0 0

#Transform 81
Transform: AffineTransform_float_3_3
Parameters: 1 0.000552016 -6.28598e-05 -0.000551984 1 0.000254035 6.31402e-05 -0.000253965 1 -0.0131085 0.0652369 0.107142
FixedParameters: 0 0 0

#Transform 82
Transform: AffineTransform_float_3_3
Parameters: 1 0.000449987 7.90724e-05 -0.000450013 1 0.000160964 -7.89275e-05 -0.000161036 1 -0.0169052 0.0741319 0.123584
FixedParameters: 0 0 0

#Transform 83
Transform: AffineTransform_float_3_3
Parameters: 1 0.000602019 -5.47845e-05 -0.00060198 1 0.000358033 5.52155e-05 -0.000357967 1 -0.0143306 0.00422891 0.137657
FixedParameters: 0 0 0

#Transform 84
Transform: AffineTransform_float_3_3
Parameters: 1 0.000484966 0.000133123 -0.000485034 1 0.000253935 -0.000132877 -0.000254064 1 -0.0196998 0.00855159 0.135404
FixedParameters: 0 0 0

#Transform 85
Transform: AffineTransform_float_3_3
Parameters: 0.999999 0.000697989 0.000133057 -0.000698011 1 8.19071e-05 -0.000132943 -8.20928e-05 1 -0.018968 0.000262057 0.132252
FixedParameters: 0 0 0

#Transform 86
Transform: AffineTransform_float_3_3
Parameters: 1 0.000345986 0.000133035 -0.000346014 1 0.000101954 -0.000132965 -0.000102046 1 -0.00421316 0.0566679 0.115842
FixedParameters: 0 0 0

#Transform 87
Transform: AffineTransform_float_3_3
Parameters: 1 0.000577997 0.000133012 -0.000578003 1 2.09231e-05 -0.000132988 -2.10769e-05 1 -0.0305392 0.0472018 0.121572
FixedParameters: 0 0 0

#Transform 88
Transform: AffineTransform_float_3_3
Parameters: 1 0.000415985 0.000133045 -0.000416014 1 0.000108945 -0.000132955 -0.000109055 1 -0.00237991 0.0129661 0.143631
FixedParameters: 0 0 0

#Transform 89
Transform: AffineTransform_float_3_3
Parameters: 1 0.000250946 0.000326041 -0.000251054 1 0.000163918 -0.000326959 -0.000164082 1 0.00896157 0.0110728 0.139358
FixedParameters: 0 0 0

#Transform 90
Transform: AffineTransform_float_3_3
Parameters: 1 0.000505926 0.000291128 -0.000506074 1 0.000253853 -0.000290871 -0.000254147 1 -0.0127471 -0.0328362 0.135147
FixedParameters: 0 0 0

#Transform 91
Transform: AffineTransform_float_3_3
Parameters: 1 0.000452991 0.00013303 -0.000453009 1 6.69397e-05 -0.00013297 -6.70602e-05 1 -0.00896134 0.0405625 0.122101
FixedParameters: 0 0 0

#Transform 92
Transform: AffineTransform_float_3_3
Parameters: 1 0.000552997 0.000191009 -0.000553003 1 1.68944e-05 -0.000190991 -1.71056e-05 1 -0.0131875 0.0509937 0.130959
FixedParameters: 0 0 0

#Transform 93
Transform: AffineTransform_float_3_3
Parameters: 1 0.000591965 0.000213096 -0.000592035 1 0.000162874 -0.000213903 -0.000163127 1 -0.0147544 0.0229257 0.150586
FixedParameters: 0 0 0

#Transform 94
Transform: AffineTransform_float_3_3
Parameters: 1 0.000587972 0.000133123 -0.000588028 1 0.000209922 -0.000132876 -0.000210078 1 -0.0114462 -0.0184215 0.153646
FixedParameters: 0 0 0

#Transform 95
Transform: AffineTransform_float_3_3
Parameters: 1 0.000608919 0.000133369 -0.00060908 0.999999 0.000605919 -0.000132631 -0.000606081 1 -0.0118833 -0.0396062 0.148016
FixedParameters: 0 0 0

#Transform 96
Transform: AffineTransform_float_3_3
Parameters: 1 0.000603909 0.000253216 -0.000604091 1 0.000357847 -0.000253784 -0.000358153 1 -0.0165794 0.0339513 0.129853
FixedParameters: 0 0 0

#Transform 97
Transform: AffineTransform_float_3_3
Parameters: 1 0.000604973 0.000133123 -0.000605027 1 0.000203919 -0.000132877 -0.00020408 1 -0.0145324 0.069797 0.115783
FixedParameters: 0 0 0

#Transform 98
Transform: AffineTransform_float_3_3
Parameters: 1 0.000616001 3.29729e-05 -0.000615998 1 -4.40203e-05 -3.30271e-05 4.39797e-05 1 -0.0110823 0.0723602 0.126277
FixedParameters: 0 0 0

#Transform 99
Transform: AffineTransform_float_3_3
Parameters: 1 0.000641034 -9.47705e-05 -0.000640966 0.999999 0.000358061 9.52294e-05 -0.000357939 1 -0.00987441 0.0134386 0.163909
FixedParameters: 0 0 0

#Transform 100
Transform: AffineTransform_float_3_3
Parameters: 1 0.000646915 0.000133411 -0.000647084 0.999999 0.000635913 -0.000132588 -0.000636086 1 -0.0197756 -0.0476775 0.168379
FixedParameters: 0 0 0

#Transform 101
Transform: AffineTransform_float_3_3
Parameters: 1 0.000630019 -1.93971e-05 -0.000629982 1 0.000957012 1.96029e-05 -0.000956988 0.999999 -0.0116157 -0.0766403 0.147819
FixedParameters: 0 0 0

#Transform 102
Transform: AffineTransform_float_3_3
Parameters: 1 0.000556061 -7.15318e-05 -0.000555939 1 0.00084204 7.24681e-05 -0.00084196 0.999999 -0.00984312 -0.0187194 0.125484
FixedParameters: 0 0 0

#Transform 103
Transform: AffineTransform_float_3_3
Parameters: 1 0.000515178 -0.000242621 -0.000515821 0.999999 0.000735125 0.000243379 -0.000734874 0.999999 -0.0139443 0.0223566 0.114484
FixedParameters: 0 0 0

#Transform 104
Transform: AffineTransform_float_3_3
Parameters: 1 0.00048212 -0.000281795 -0.00048188 1 0.000426136 0.000282205 -0.000425864 1 -0.0165057 0.0560216 0.10896
FixedParameters: 0 0 0

#Transform 105
Transform: AffineTransform_float_3_3
Parameters: 1 0.000644128 -0.000227636 -0.000643871 0.999999 0.000565146 0.000227364 -0.000564853 1 -0.0137716 0.0353998 0.143496
FixedParameters: 0 0 0

#Transform 106
Transform: AffineTransform_float_3_3
Parameters: 0.999999 0.000727351 -0.000281094 -0.000726649 0.999999 0.0012462 0.000281906 -0.0012468 0.999999 -0.015146 -0.0621248 0.156064
FixedParameters: 0 0 0

#Transform 107
Transform: AffineTransform_float_3_3
Parameters: 1 0.000579262 -0.000228337 -0.000578739 0.999999 0.00114513 0.000228663 -0.00114487 1 -0.0131379 -0.0303664 0.131568
FixedParameters: 0 0 0

#Transform 108
Transform: AffineTransform_float_3_3
Parameters: 1 0.00049734 -0.0002814 -0.000496659 0.999999 0.00120714 0.0002826 -0.00120686 0.999999 -0.0261186 -0.0170283 0.118216
FixedParameters: 0 0 0

#Transform 109
Transform: AffineTransform_float_3_3
Parameters: 1 0.000517211 -0.000281611 -0.000517788 0.999999 0.000751145 0.000282389 -0.000750854 0.999999 -0.0187316 0.0120898 0.105369
FixedParameters: 0 0 0

#Transform 110
Transform: AffineTransform_float_3_3
Parameters: 1 0.000429126 -0.000281808 -0.000428874 1 0.000447121 0.000282192 -0.000446879 1 -0.0139458 0.0405602 0.117738
FixedParameters: 0 0 0

#Transform 111
Transform: AffineTransform_float_3_3
Parameters: 1 0.000362494 -0.000451604 -0.000362505 1 0.00109416 0.000452397 -0.00109384 1 -0.00566843 -0.0688125 0.166043
FixedParameters: 0 0 0

#Transform 112
Transform: AffineTransform_float_3_3
Parameters: 1 -0.000254828 -5.7766e-05 0.000255173 0.999996 0.00300499 5.72335e-05 -0.00300502 0.999996 -0.0169247 -0.024234 0.226705
FixedParameters: 0 0 0

#Transform 113
Transform: AffineTransform_float_3_3
Parameters: 1 -0.000362601 0.000124428 0.000361404 0.99992 0.012637 -0.000128577 -0.012637 0.99992 -0.184622 -0.454683 0.918884
FixedParameters: 0 0 0

#Transform 114
Transform: AffineTransform_float_3_3
Parameters: 0.999999 -0.000753688 0.000517235 0.000749314 0.999959 0.0090044 -0.000523769 -0.00900461 0.99996 -0.142821 -0.289805 0.785979
FixedParameters: 0 0 0

#Transform 115
Transform: AffineTransform_float_3_3
Parameters: 0.999999 -0.000516171 0.000550042 0.000513829 0.999984 0.00574929 -0.000552963 -0.00574872 0.999984 -0.0559449 -0.113981 0.425959
FixedParameters: 0 0 0

#Transform 116
Transform: AffineTransform_float_3_3
Parameters: 1 -0.000471776 -3.8821e-05 0.000472225 0.999982 0.00597798 3.61777e-05 -0.00597802 0.999982 -0.0451898 -0.0972871 0.362652
FixedParameters: 0 0 0

#Transform 117
Transform: AffineTransform_float_3_3
Parameters: 1 -0.000588765 -3.96646e-05 0.000589238 0.999981 0.00622298 3.63339e-05 -0.00622302 0.99998 -0.0465576 -0.0761214 0.408011
FixedParameters: 0 0 0

#Transform 118
Transform: AffineTransform_float_3_3
Parameters: 1 -0.000393789 -3.82401e-05 0.00039421 0.999984 0.00568698 3.57587e-05 -0.00568701 0.999984 -0.047424 -0.0654206 0.420392
FixedParameters: 0 0 0

#Transform 119
Transform: AffineTransform_float_3_3
Parameters: 0.999999 -0.000717129 -0.000500142 0.00071987 0.999983 0.00576364 0.000495859 -0.00576336 0.999984 -0.0283918 -0.0827661 0.457632
FixedParameters: 0 0 0

#Transform 120
Transform: AffineTransform_float_3_3
Parameters: 1 -0.000762304 -0.00064142 0.000765695 0.999983 0.00578351 0.000636583 -0.00578349 0.999983 -0.0210493 -0.161936 0.456022
FixedParameters: 0 0 0

#Transform 121
Transform: AffineTransform_float_3_3
Parameters: 0.999999 -0.000683867 -0.00050031 0.00068713 0.99998 0.00628766 0.000495689 -0.00628834 0.99998 -0.0173508 -0.215299 0.454939
FixedParameters: 0 0 0

#Transform 122
Transform: AffineTransform_float_3_3
Parameters: 0.999999 -0.000724809 -0.000500652 0.000728193 0.999979 0.00640364 0.000496347 -0.00640337 0.99998 -0.0155022 -0.21534 0.399874
FixedParameters: 0 0 0

#Transform 123
Transform: AffineTransform_float_3_3
Parameters: 0.999999 -0.000553769 -0.000499604 0.000557233 0.999979 0.00648972 0.000496394 -0.00649027 0.999979 -0.022346 -0.150235 0.375727
FixedParameters: 0 0 0

#Transform 124
Transform: AffineTransform_float_3_3
Parameters: 0.999999 -0.000766855 -0.000500848 0.000770145 0.99998 0.00630862 0.000496151 -0.00630938 0.99998 -0.0213354 -0.0478056 0.34205
FixedParameters: 0 0 0

#Transform 125
Transform: AffineTransform_float_3_3
Parameters: 1 -0.0007317 -0.000551406 0.000735303 0.999981 0.00600759 0.000547592 -0.0060084 0.999982 -0.0222588 -0.0178573 0.34132
FixedParameters: 0 0 0

#Transform 126
Transform: AffineTransform_float_3_3
Parameters: 0.999999 -0.000847026 -0.000501061 0.000849973 0.999982 0.00596458 0.000495938 -0.00596542 0.999982 -0.0180568 -0.051743 0.364235
FixedParameters: 0 0 0

#Transform 127
Transform: AffineTransform_float_3_3
Parameters: 0.999999 -0.000762915 -0.000551294 0.000766089 0.999984 0.00561758 0.000547705 -0.00561742 0.999984 -0.0156641 -0.0938174 0.34987
FixedParameters: 0 0 0

#Transform 128
Transform: AffineTransform_float_3_3
Parameters: 0.999999 -0.000525059 -0.000499112 0.00052794 0.999983 0.00591074 0.000495889 -0.00591027 0.999983 -0.0294915 -0.130445 0.335031
FixedParameters: 0 0 0

#Transform 129
Transform: AffineTransform_float_3_3
Parameters: 1 -0.000452185 -0.000498567 0.000454817 0.999984 0.00565977 0.000496433 -0.00566022 0.999984 -0.034938 -0.115224 0.302263
FixedParameters: 0 0 0

#Transform 130
Transform: AffineTransform_float_3_3
Parameters: 1 -0.000227754 -0.000575295 0.000231244 0.999984 0.00564787 0.000573703 -0.00564813 0.999984 -0.0399437 -0.100325 0.291265
FixedParameters: 0 0 0

#Transform 131
Transform: AffineTransform_float_3_3
Parameters: 1 -0.000248895 -0.000569367 0.000252102 0.999985 0.00545886 0.000567632 -0.00545914 0.999985 -0.0571298 -0.0975319 0.28784
FixedParameters: 0 0 0

#Transform 132
Transform: AffineTransform_float_3_3
Parameters: 1 -0.000259953 -0.000595339 0.00026305 0.999987 0.00512384 0.00059466 -0.00512415 0.999986 -0.0511481 -0.0629015 0.28526
FixedParameters: 0 0 0

#Transform 133
Transform: AffineTransform_float_3_3
Parameters: 1 -0.000160346 -0.000496864 0.000163655 0.999985 0.00534592 0.000496132 -0.00534608 0.999985 -0.0483963 -0.126326 0.31821
FixedParameters: 0 0 0

#Transform 134
Transform: AffineTransform_float_3_3
Parameters: 1 -0.000212106 -0.000497244 0.000214893 0.999983 0.00582789 0.000495756 -0.00582811 0.999983 -0.0428988 -0.147963 0.354516
FixedParameters: 0 0 0

#Transform 135
Transform: AffineTransform_float_3_3
Parameters: 1 -3.39936e-05 -0.000358196 3.6011e-05 0.999985 0.00560299 0.000358804 -0.00560302 0.999984 -0.0490726 -0.107 0.326693
FixedParameters: 0 0 0

#Transform 136
Transform: AffineTransform_float_3_3
Parameters: 1 7.94967e-05 -0.00044356 -7.65064e-05 0.999984 0.00562604 0.000443437 -0.00562597 0.999984 -0.0539464 -0.0946108 0.322317
FixedParameters: 0 0 0

#Transform 137
Transform: AffineTransform_float_3_3
Parameters: 1 -4.84037e-05 -0.00049626 5.05949e-05 0.999987 0.00523298 0.000495742 -0.00523303 0.999986 -0.0503064 -0.0435991 0.322905
FixedParameters: 0 0 0

#Transform 138
Transform: AffineTransform_float_3_3
Parameters: 1 5.46528e-05 -0.000495714 -5.13456e-05 0.999985 0.00535002 0.000496282 -0.00534997 0.999985 -0.0579113 -0.0600998 0.344444
FixedParameters: 0 0 0

#Transform 139
Transform: AffineTransform_float_3_3
Parameters: 1 1.7703e-05 -0.000495911 -1.42965e-05 0.999985 0.00545001 0.000496085 -0.00544999 0.999985 -0.0572324 -0.127295 0.3482
FixedParameters: 0 0 0

#Transform 140
Transform: AffineTransform_float_3_3
Parameters: 1 0.000109964 -0.000357401 -0.000108038 0.999985 0.00549204 0.000357599 -0.00549196 0.999985 -0.0619006 -0.132317 0.330954
FixedParameters: 0 0 0

#Transform 141
Transform: AffineTransform_float_3_3
Parameters: 1 0.000261803 -0.000494526 -0.000259195 0.999984 0.00565913 0.000496475 -0.00565887 0.999984 -0.0601889 -0.154473 0.334733
FixedParameters: 0 0 0

#Transform 142
Transform: AffineTransform_float_3_3
Parameters: 1 0.000145691 -0.000495216 -0.00014331 0.999986 0.00542907 0.000495785 -0.00542893 0.999985 -0.0562948 -0.0898905 0.323243
FixedParameters: 0 0 0

#Transform 143
Transform: AffineTransform_float_3_3
Parameters: 1 0.000114657 -0.000495392 -0.000111339 0.999985 0.00536105 0.000496604 -0.00536094 0.999985 -0.0598396 -0.0870328 0.319547
FixedParameters: 0 0 0

#Transform 144
Transform: AffineTransform_float_3_3
Parameters: 1 0.000215769 -0.000494802 -0.00021323 0.999985 0.00558911 0.0004962 -0.0055889 0.999985 -0.0633459 -0.104705 0.344193
FixedParameters: 0 0 0

#Transform 145
Transform: AffineTransform_float_3_3
Parameters: 1 0.000268734 -0.000494524 -0.000266263 0.999984 0.00552113 0.000496477 -0.00552086 0.999984 -0.066752 -0.137361 0.349947
FixedParameters: 0 0 0

#Transform 146
Transform: AffineTransform_float_3_3
Parameters: 1 0.000279912 -0.00032436 -0.00027809 0.999982 0.00588009 0.000325641 -0.00587991 0.999982 -0.0708335 -0.145328 0.3409
FixedParameters: 0 0 0

#Transform 147
Transform: AffineTransform_float_3_3
Parameters: 1 0.000222657 -0.00030078 -0.000221341 0.999985 0.00549907 0.000302222 -0.00549893 0.999985 -0.075372 -0.101893 0.325673
FixedParameters: 0 0 0

#Transform 148
Transform: AffineTransform_float_3_3
Parameters: 1 0.000372013 -0.000559006 -0.000368986 0.999985 0.00538121 0.000560994 -0.00538079 0.999986 -0.0737404 -0.0740627 0.312553
FixedParameters: 0 0 0

#Transform 149
Transform: AffineTransform_float_3_3
Parameters: 1 0.000474532 -0.000493578 -0.000471465 0.999987 0.00511823 0.000496419 -0.00511776 0.999987 -0.0764467 -0.0673066 0.31894
FixedParameters: 0 0 0

#Transform 150
Transform: AffineTransform_float_3_3
Parameters: 1 0.000332765 -0.000494149 -0.000330236 0.999985 0.00558517 0.000495852 -0.00558484 0.999985 -0.0705378 -0.130774 0.348345
FixedParameters: 0 0 0

#Transform 151
Transform: AffineTransform_float_3_3
Parameters: 0.999999 0.000445199 -0.000554447 -0.000441798 0.999984 0.00575625 0.000557553 -0.00575676 0.999984 -0.0644806 -0.139181 0.329527
FixedParameters: 0 0 0

#Transform 152
Transform: AffineTransform_float_3_3
Parameters: 0.999999 0.00038944 -0.000602791 -0.000386558 0.999983 0.00569723 0.000605212 -0.00569676 0.999983 -0.0659836 -0.116066 0.328304
FixedParameters: 0 0 0

#Transform 153
Transform: AffineTransform_float_3_3
Parameters: 0.999999 0.000419938 -0.000895701 -0.00041406 0.999985 0.00550637 0.000898293 -0.00550563 0.999985 -0.0634336 -0.0943749 0.321771
FixedParameters: 0 0 0

#Transform 154
Transform: AffineTransform_float_3_3
Parameters: 0.999999 0.000531037 -0.000777257 -0.000526964 0.999987 0.00518542 0.000779743 -0.00518459 0.999987 -0.0665132 -0.0880216 0.332397
FixedParameters: 0 0 0

#Transform 155
Transform: AffineTransform_float_3_3
Parameters: 0.999999 0.000581065 -0.000736811 -0.000577933 0.999984 0.00550642 0.000740193 -0.00550557 0.999984 -0.0737781 -0.131072 0.348424
FixedParameters: 0 0 0

#Transform 156
Transform: AffineTransform_float_3_3
Parameters: 0.999999 0.000708658 -0.000603731 -0.000705339 0.999981 0.00603842 0.00060827 -0.00603857 0.999981 -0.0782027 -0.151585 0.349343
FixedParameters: 0 0 0

#Transform 157
Transform: AffineTransform_float_3_3
Parameters: 1 0.000624977 -0.000822242 -0.000620025 0.999981 0.00603851 0.00082576 -0.00603849 0.999982 -0.0668345 -0.136965 0.336896
FixedParameters: 0 0 0

#Transform 158
Transform: AffineTransform_float_3_3
Parameters: 1 0.000646598 -0.000823412 -0.000642401 0.999985 0.00557053 0.000827592 -0.00557047 0.999984 -0.0735172 -0.0825133 0.328912
FixedParameters: 0 0 0

#Transform 159
Transform: AffineTransform_float_3_3
Parameters: 1 0.000616983 -0.000988908 -0.000612017 0.999987 0.00503161 0.000992092 -0.00503039 0.999987 -0.0691353 -0.0403806 0.31642
FixedParameters: 0 0 0

#Transform 160
Transform: AffineTransform_float_3_3
Parameters: 0.999999 0.000819665 -0.00109378 -0.000813335 0.999987 0.0051689 0.00109822 -0.00516811 0.999986 -0.0621181 -0.0696118 0.358819
FixedParameters: 0 0 0

#Transform 161
Transform: AffineTransform_float_3_3
Parameters: 0.999999 0.000875677 -0.000986992 -0.000870323 0.999983 0.00573787 0.000992009 -0.00573614 0.999983 -0.0739123 -0.154592 0.365895
FixedParameters: 0 0 0

#Transform 162
Transform: AffineTransform_float_3_3
Parameters: 0.999999 0.00086775 -0.000986974 -0.000861249 0.999982 0.00581185 0.000992022 -0.00581114 0.999982 -0.0748396 -0.142919 0.361169
FixedParameters: 0 0 0

#Transform 163
Transform: AffineTransform_float_3_3
Parameters: 1 0.000790552 -0.000808575 -0.000785446 0.999984 0.00561464 0.000813422 -0.00561336 0.999984 -0.0796031 -0.116133 0.354191
FixedParameters: 0 0 0

#Transform 164
Transform: AffineTransform_float_3_3
Parameters: 0.999999 0.000835159 -0.00098766 -0.000829839 0.999986 0.00521282 0.000992338 -0.00521118 0.999986 -0.0805589 -0.0740424 0.338007
FixedParameters: 0 0 0

#Transform 165
Transform: AffineTransform_float_3_3
Parameters: 0.999999 0.000851066 -0.000987657 -0.000845932 0.999986 0.00511884 0.000992344 -0.00511816 0.999987 -0.0702588 -0.0509723 0.345875
FixedParameters: 0 0 0

#Transform 166
Transform: AffineTransform_float_3_3
Parameters: 0.999999 0.00089936 -0.000987143 -0.000894641 0.999985 0.00541689 0.00099186 -0.00541611 0.999985 -0.0743227 -0.146828 0.37542
FixedParameters: 0 0 0

#Transform 167
Transform: AffineTransform_float_3_3
Parameters: 0.999999 0.000897528 -0.000987001 -0.000891472 0.999984 0.00558688 0.000991996 -0.00558611 0.999984 -0.0743546 -0.142261 0.359988
FixedParameters: 0 0 0

#Transform 168
Transform: AffineTransform_float_3_3
Parameters: 0.999999 0.000921155 -0.000902771 -0.000915844 0.999984 0.00569384 0.00090823 -0.00569317 0.999984 -0.081056 -0.133118 0.351741
FixedParameters: 0 0 0

#Transform 169
Transform: AffineTransform_float_3_3
Parameters: 0.999999 0.000922156 -0.000987209 -0.000916845 0.999986 0.00521091 0.000991791 -0.00521009 0.999986 -0.0854225 -0.0823748 0.337109
FixedParameters: 0 0 0

#Transform 170
Transform: AffineTransform_float_3_3
Parameters: 0.999999 0.000963767 -0.000987369 -0.00095923 0.999988 0.00481695 0.000992632 -0.00481605 0.999988 -0.0843319 -0.0283262 0.321661
FixedParameters: 0 0 0

#Transform 171
Transform: AffineTransform_float_3_3
Parameters: 0.999999 0.00101699 -0.000986881 -0.00101201 0.999987 0.005046 0.000992118 -0.00504499 0.999987 -0.0873335 -0.100078 0.370488
FixedParameters: 0 0 0

#Transform 172
Transform: AffineTransform_float_3_3
Parameters: 0.999999 0.00101162 -0.000986272 -0.00100639 0.999984 0.005679 0.000991731 -0.00567801 0.999984 -0.0822153 -0.141959 0.38212
FixedParameters: 0 0 0

#Transform 173
Transform: AffineTransform_float_3_3
Parameters: 0.999999 0.00110262 -0.000985755 -0.00109738 0.999984 0.00567909 0.000992248 -0.00567792 0.999984 -0.0805239 -0.132918 0.351198
FixedParameters: 0 0 0

#Transform 174
Transform: AffineTransform_float_3_3
Parameters: 0.999999 0.0010977 -0.000985685 -0.00109229 0.999983 0.00576808 0.000992316 -0.00576691 0.999983 -0.0868737 -0.122419 0.352735
FixedParameters: 0 0 0

#Transform 175
Transform: AffineTransform_float_3_3
Parameters: 0.999999 0.00100032 -0.00098664 -0.000994683 0.999985 0.00537299 0.000992358 -0.00537201 0.999985 -0.0852783 -0.0664883 0.345329
FixedParameters: 0 0 0

#Transform 176
Transform: AffineTransform_float_3_3
Parameters: 0.999999 0.000946037 -0.000935937 -0.000940964 0.999985 0.00536689 0.000941064 -0.00536612 0.999985 -0.0854956 -0.062132 0.354468
FixedParameters: 0 0 0

#Transform 177
Transform: AffineTransform_float_3_3
Parameters: 0.999999 0.000833317 -0.000987538 -0.000827681 0.999985 0.00537182 0.000992461 -0.00537118 0.999985 -0.0788559 -0.0803534 0.385728
FixedParameters: 0 0 0

#Transform 178
Transform: AffineTransform_float_3_3
Parameters: 0.999999 0.000841536 -0.000987308 -0.000836465 0.999984 0.00559483 0.000991694 -0.00559317 0.999984 -0.0777916 -0.161921 0.384903
FixedParameters: 0 0 0

#Transform 179
Transform: AffineTransform_float_3_3
Parameters: 0.999999 0.000881416 -0.00093593 -0.000876584 0.999983 0.00577082 0.000941074 -0.00577017 0.999983 -0.0792775 -0.158684 0.368291
FixedParameters: 0 0 0

#Transform 180
Transform: AffineTransform_float_3_3
Parameters: 0.999999 0.000975731 -0.000986363 -0.000969265 0.999982 0.00579396 0.000992632 -0.00579303 0.999982 -0.0829115 -0.131721 0.350942
FixedParameters: 0 0 0

#Transform 181
Transform: AffineTransform_float_3_3
Parameters: 0.999999 0.000983474 -0.00104387 -0.000978526 0.999986 0.00523102 0.00104913 -0.00523097 0.999986 -0.082159 -0.0479396 0.32118
FixedParameters: 0 0 0

#Transform 182
Transform: AffineTransform_float_3_3
Parameters: 0.999999 0.00103358 -0.00105255 -0.00102842 0.999985 0.00528508 0.00105845 -0.00528391 0.999985 -0.0821803 -0.0368788 0.335699
FixedParameters: 0 0 0

#Transform 183
Transform: AffineTransform_float_3_3
Parameters: 0.999999 0.00111693 -0.000919039 -0.00111207 0.999985 0.00534903 0.000924961 -0.00534797 0.999986 -0.0873161 -0.0975977 0.372117
FixedParameters: 0 0 0

#Transform 184
Transform: AffineTransform_float_3_3
Parameters: 0.999999 0.00119046 -0.000817548 -0.00118554 0.999985 0.00542998 0.000824449 -0.00542903 0.999985 -0.0924646 -0.0966479 0.358849
FixedParameters: 0 0 0

#Transform 185
Transform: AffineTransform_float_3_3
Parameters: 0.999999 0.00130469 -0.000777187 -0.00130031 0.999981 0.00599902 0.000785814 -0.00599798 0.999981 -0.0942851 -0.13202 0.360701
FixedParameters: 0 0 0

#Transform 186
Transform: AffineTransform_float_3_3
Parameters: 0.999999 0.00129247 -0.00083109 -0.00128853 0.999985 0.00535608 0.000837913 -0.00535492 0.999986 -0.092252 -0.0619951 0.340081
FixedParameters: 0 0 0

#Transform 187
Transform: AffineTransform_float_3_3
Parameters: 0.999999 0.00135707 -0.000771886 -0.00135293 0.999986 0.00525005 0.000779113 -0.00524895 0.999986 -0.098517 -0.0576381 0.332999
FixedParameters: 0 0 0

#Transform 188
Transform: AffineTransform_float_3_3
Parameters: 0.999998 0.00133298 -0.000985296 -0.00132802 0.999987 0.00503932 0.000991703 -0.00503769 0.999987 -0.0867745 -0.0507347 0.33934
FixedParameters: 0 0 0

#Transform 189
Transform: AffineTransform_float_3_3
Parameters: 0.999998 0.0012674 -0.000985091 -0.0012616 0.999985 0.00546325 0.000991905 -0.00546175 0.999984 -0.0843587 -0.116609 0.375454
FixedParameters: 0 0 0

#Transform 190
Transform: AffineTransform_float_3_3
Parameters: 0.999999 0.00129214 -0.000873436 -0.00128686 0.999982 0.00586613 0.000880563 -0.00586487 0.999983 -0.0900091 -0.148863 0.36761
FixedParameters: 0 0 0

#Transform 191
Transform: AffineTransform_float_3_3
Parameters: 0.999998 0.0013314 -0.000984741 -0.0013256 0.999984 0.00546331 0.000992255 -0.00546169 0.999984 -0.0861214 -0.0764196 0.336732
FixedParameters: 0 0 0

#Transform 192
Transform: AffineTransform_float_3_3
Parameters: 0.999999 0.00122398 -0.000919412 -0.00121902 0.999984 0.00539413 0.000925588 -0.00539287 0.999985 -0.0877288 -0.0648712 0.33525
FixedParameters: 0 0 0

#Transform 193
Transform: AffineTransform_float_3_3
