#Insight Transform File V1.0
#Transform 0
Transform: AffineTransform_float_3_3
Parameters: 0.999999 -0.000776069 0.000191718 0.00077593 0.999999 0.000363149 -0.000192282 -0.000362851 1 0.0177095 -0.0514396 -0.0443105
FixedParameters: 0 0 0

#Transform 1
Transform: AffineTransform_float_3_3
Parameters: 1 -0.000298054 0.000150893 0.000297946 1 0.000360045 -0.000151107 -0.000359955 1 0.0278148 -0.0557518 -0.0791174
FixedParameters: 0 0 0

#Transform 2
Transform: AffineTransform_float_3_3
Parameters: 1 -0.000209162 0.000502932 0.000208837 1 0.000323105 -0.000503067 -0.000322895 1 0.0147443 -0.0546704 -0.0835269
FixedParameters: 0 0 0

#Transform 3
Transform: AffineTransform_float_3_3
Parameters: 1 0.000159811 0.000490061 -0.000160189 1 0.000384921 -0.000489938 -0.000385078 1 0.00760875 -0.00885106 -0.0660072
FixedParameters: 0 0 0

#Transform 4
Transform: AffineTransform_float_3_3
Parameters: 1 -0.000108077 0.000231964 0.000107922 1 0.000334025 -0.000232036 -0.000333975 1 0.0213344 0.0347995 -0.0450732
FixedParameters: 0 0 0

#Transform 5
Transform: AffineTransform_float_3_3
Parameters: 1 -8.4003e-05 1.99876e-05 8.3997e-05 1 0.000148002 -2.00124e-05 -0.000147998 1 0.0275713 -0.0390242 -0.0326546
FixedParameters: 0 0 0

#Transform 6
Transform: AffineTransform_float_3_3
Parameters: 0.999999 9.29999e-05 0.000851999 -9.29999e-05 1 -7.92359e-08 -0.000851999 -7.92359e-08 0.999999 -0.0131886 -0.0439266 -0.0386502
FixedParameters: 0 0 0

#Transform 7
Transform: AffineTransform_float_3_3
Parameters: 0.999999 2.2e-05 0.000714 -2.2e-05 1 -1.5708e-08 -0.000714 -1.5708e-08 0.999999 0.00329119 -0.0767633 -0.0472939
FixedParameters: 0 0 0

#Transform 8
Transform: AffineTransform_float_3_3
Parameters: 1 0.000149936 0.000339028 -0.000150064 1 0.000187949 -0.000338972 -0.000188051 1 -0.00366868 -0.0829095 -0.0520647
FixedParameters: 0 0 0

#Transform 9
Transform: AffineTransform_float_3_3
Parameters: 1 9.49899e-05 2.00479e-05 -9.50101e-05 1 0.000503998 -1.99521e-05 -0.000504002 1 -0.0272332 -0.0694539 -0.0446568
FixedParameters: 0 0 0

#Transform 10
Transform: AffineTransform_float_3_3
Parameters: 1 -8.40159e-05 1.99328e-05 8.39839e-05 0.999999 0.000800001 -2.00672e-05 -0.000799998 0.999999 0.0275713 -0.0397833 -0.0373637
FixedParameters: 0 0 0

#Transform 11
Transform: AffineTransform_float_3_3
Parameters: 1 0.000143643 0.00056809 -0.000143357 1 0.000627918 -0.00056791 -0.000628081 0.999999 -0.0129506 0.0031545 -0.0502269
FixedParameters: 0 0 0

#Transform 12
Transform: AffineTransform_float_3_3
Parameters: 1 -8.40096e-05 1.99597e-05 8.39904e-05 1 0.000480002 -2.00403e-05 -0.000479998 1 -0.0122939 0.0325329 -0.0407179
FixedParameters: 0 0 0

#Transform 13
Transform: AffineTransform_float_3_3
Parameters: 1 -8.40125e-05 1.99472e-05 8.39874e-05 1 0.000628001 -2.00527e-05 -0.000627998 1 0.0130428 -0.0173951 -0.0153387
FixedParameters: 0 0 0

#Transform 14
Transform: AffineTransform_float_3_3
Parameters: 1 0.000215987 2.01356e-05 -0.000216012 1 0.000627995 -1.98643e-05 -0.000628004 1 -0.00928633 -0.0667842 -0.0168653
FixedParameters: 0 0 0

#Transform 15
Transform: AffineTransform_float_3_3
Parameters: 1 -8.39051e-05 -0.00013306 8.30948e-05 0.999999 0.000712989 0.000132941 -0.000713011 0.999999 0.0145919 -0.0693043 0.000479799
FixedParameters: 0 0 0

#Transform 16
Transform: AffineTransform_float_3_3
Parameters: 1 0.000290842 0.000266173 -0.000291158 1 0.000594922 -0.000265827 -0.000595077 1 -0.00582457 -0.0657148 -0.0181821
FixedParameters: 0 0 0

#Transform 17
Transform: AffineTransform_float_3_3
Parameters: 1 0.00042791 0.000209183 -0.000428089 1 0.00042791 -0.000208817 -0.000428089 1 -0.0206398 -0.070551 -0.0135028
FixedParameters: 0 0 0

#Transform 18
Transform: AffineTransform_float_3_3
Parameters: 0.999999 0.000427789 0.000573157 -0.00042821 1 0.000366755 -0.000572843 -0.000367245 1 -0.0184766 -0.0415861 -0.00701974
FixedParameters: 0 0 0

#Transform 19
Transform: AffineTransform_float_3_3
Parameters: 1 0.000390953 0.000405045 -0.000391046 1 0.000114842 -0.000404955 -0.000115158 1 -0.0211731 -0.0189918 -0.00287181
FixedParameters: 0 0 0

#Transform 20
Transform: AffineTransform_float_3_3
Parameters: 1 -3.59926e-05 -9.80027e-05 3.60074e-05 1 7.59965e-05 9.79973e-05 -7.60035e-05 1 0.0123967 -0.0140517 -0.0125914
FixedParameters: 0 0 0

#Transform 21
Transform: AffineTransform_float_3_3
Parameters: 1 -3.59903e-05 -0.000422001 3.60097e-05 1 2.29848e-05 0.000421999 -2.30152e-05 1 0.00560815 -0.0240825 -0.00363628
FixedParameters: 0 0 0

#Transform 22
Transform: AffineTransform_float_3_3
Parameters: 1 -3.60367e-05 -0.000421997 3.59633e-05 1 -8.70152e-05 0.000422003 8.69848e-05 1 0.00812768 -0.024718 0.00465415
FixedParameters: 0 0 0

#Transform 23
Transform: AffineTransform_float_3_3
Parameters: 1 0.000262103 0.000368927 -0.000261897 1 -0.000279097 -0.000369073 0.000279903 1 -0.026771 0.0350257 -0.00241671
FixedParameters: 0 0 0

#Transform 24
Transform: AffineTransform_float_3_3
Parameters: 1 0.000143085 0.00030496 -0.000142915 1 -0.000279044 -0.00030504 0.000278956 1 -0.0222594 0.0251149 0.00233853
FixedParameters: 0 0 0

#Transform 25
Transform: AffineTransform_float_3_3
Parameters: 1 0.000550109 0.000389846 -0.000549891 1 -0.000279214 -0.000390154 0.000279785 1 -0.033318 0.0166464 0.0109277
FixedParameters: 0 0 0

#Transform 26
Transform: AffineTransform_float_3_3
Parameters: 0.999999 0.000550117 0.000614895 -0.000549882 1 -0.000191338 -0.000615105 0.000190662 1 -0.0405806 -0.0253788 -0.000689078
FixedParameters: 0 0 0

#Transform 27
Transform: AffineTransform_float_3_3
Parameters: 1 0.000416025 0.000169938 -0.000415975 1 -0.000149071 -0.000170062 0.000148929 1 -0.0236703 -0.0441224 0.0233825
FixedParameters: 0 0 0

#Transform 28
Transform: AffineTransform_float_3_3
Parameters: 1 0.00055001 0.000169966 -0.000549989 1 -6.20935e-05 -0.000170034 6.19065e-05 1 -0.0263671 -0.00628726 0.00226857
FixedParameters: 0 0 0

#Transform 29
Transform: AffineTransform_float_3_3
Parameters: 1 0.000550058 0.000169812 -0.000549942 1 -0.000341093 -0.000170187 0.000340906 1 -0.0430708 0.0416966 0.0197158
FixedParameters: 0 0 0

#Transform 30
Transform: AffineTransform_float_3_3
Parameters: 1 0.000550105 0.000255774 -0.000549894 1 -0.000411141 -0.000256226 0.000410859 1 -0.0318493 0.0885165 0.041806
FixedParameters: 0 0 0

#Transform 31
Transform: AffineTransform_float_3_3
Parameters: 1 0.000549979 0.000170066 -0.00055002 1 0.000119906 -0.000169934 -0.000120093 1 -0.0263537 -0.00225289 0.0684508
FixedParameters: 0 0 0

#Transform 32
Transform: AffineTransform_float_3_3
Parameters: 1 -9.81722e-05 0.000275939 9.88277e-05 1 0.000624027 -0.000276062 -0.000623973 1 -0.00620743 -0.0465248 0.0589988
FixedParameters: 0 0 0

#Transform 33
Transform: AffineTransform_float_3_3
Parameters: 1 -9.80996e-05 0.000169943 9.89003e-05 1 0.000586017 -0.000170058 -0.000585983 1 0.00349604 -0.060447 0.0483183
FixedParameters: 0 0 0

#Transform 34
Transform: AffineTransform_float_3_3
Parameters: 1 -9.80753e-05 0.000169957 9.89247e-05 1 0.000443017 -0.000170044 -0.000442983 1 0.00347435 0.0263537 0.0413506
FixedParameters: 0 0 0

#Transform 35
Transform: AffineTransform_float_3_3
Parameters: 1 -9.80941e-05 0.000681986 9.89058e-05 1 0.000138067 -0.000682013 -0.000137933 1 -0.012904 0.0453404 0.0257702
FixedParameters: 0 0 0

#Transform 36
Transform: AffineTransform_float_3_3
Parameters: 1 -9.80386e-05 0.000279986 9.89613e-05 1 0.000138028 -0.000280014 -0.000137973 1 -9.34457e-06 0.036082 0.057064
FixedParameters: 0 0 0

#Transform 37
Transform: AffineTransform_float_3_3
Parameters: 1 -9.81395e-05 0.000370963 9.88605e-05 1 0.000376037 -0.000371037 -0.000375964 1 -0.00289978 -0.0135394 0.0637893
FixedParameters: 0 0 0

#Transform 38
Transform: AffineTransform_float_3_3
Parameters: 1 -9.81521e-05 0.000264944 9.88478e-05 1 0.000574026 -0.000265057 -0.000573974 1 0.000475207 -0.0493236 0.05651
FixedParameters: 0 0 0

#Transform 39
Transform: AffineTransform_float_3_3
Parameters: 0.999999 -9.8444e-05 0.00072794 9.85558e-05 1 0.000610072 -0.00072806 -0.000609928 0.999999 -0.014339 -0.0209861 0.037748
FixedParameters: 0 0 0

#Transform 40
Transform: AffineTransform_float_3_3
Parameters: 1 -9.80701e-05 0.00022997 9.89298e-05 1 0.000305023 -0.00023003 -0.000304977 1 0.00153294 0.0567672 0.0449801
FixedParameters: 0 0 0

#Transform 41
Transform: AffineTransform_float_3_3
Parameters: 1 -9.79872e-05 0.000170007 9.80127e-05 1 -7.49833e-05 -0.000169993 7.50167e-05 1 0.00347051 0.0687508 0.0432107
FixedParameters: 0 0 0

#Transform 42
Transform: AffineTransform_float_3_3
Parameters: 1 -9.80167e-05 0.00016999 9.79833e-05 1 9.80167e-05 -0.00017001 -9.79833e-05 1 0.00348098 0.0113471 0.0717396
FixedParameters: 0 0 0

#Transform 43
Transform: AffineTransform_float_3_3
Parameters: 1 -9.80552e-05 0.000417987 9.89452e-05 1 0.000131041 -0.000418013 -0.000131959 1 -0.00443397 -0.015821 0.0779068
FixedParameters: 0 0 0

#Transform 44
Transform: AffineTransform_float_3_3
Parameters: 1 -9.81868e-05 0.000583968 9.88131e-05 1 0.000320058 -0.000584031 -0.000319943 1 -0.00721328 -0.0341434 0.0691152
FixedParameters: 0 0 0

#Transform 45
Transform: AffineTransform_float_3_3
Parameters: 1 -9.82663e-05 0.000535951 9.87341e-05 1 0.000497053 -0.000535049 -0.000496947 0.999999 -0.00814901 -0.0181921 0.0727779
FixedParameters: 0 0 0

#Transform 46
Transform: AffineTransform_float_3_3
Parameters: 1 1.99228e-05 0.000536003 -1.90772e-05 1 0.00014399 -0.000535997 -0.000144011 1 -0.0105978 0.0698223 0.0490472
FixedParameters: 0 0 0

#Transform 47
Transform: AffineTransform_float_3_3
Parameters: 1 -9.80758e-05 0.000409982 9.89241e-05 1 0.000185041 -0.000410018 -0.00018496 1 -0.00418955 0.0685987 0.0664027
FixedParameters: 0 0 0

#Transform 48
Transform: AffineTransform_float_3_3
Parameters: 1 0.000110967 0.000536007 -0.000111033 1 6.09405e-05 -0.000535993 -6.10595e-05 1 -0.0124283 0.0484782 0.0673408
FixedParameters: 0 0 0

#Transform 49
Transform: AffineTransform_float_3_3
Parameters: 1 0.000117904 0.000536021 -0.000118096 1 0.000178937 -0.000535979 -0.000179063 1 -0.0125604 -0.0239509 0.0601357
FixedParameters: 0 0 0

#Transform 50
Transform: AffineTransform_float_3_3
Parameters: 1 -9.80636e-05 0.000429985 9.89363e-05 1 0.000148043 -0.000430015 -0.000147958 1 -0.00481498 -0.0157648 0.0630315
FixedParameters: 0 0 0

#Transform 51
Transform: AffineTransform_float_3_3
Parameters: 1 0.00018705 0.000535983 -0.000186951 1 -9.21002e-05 -0.000535017 9.28999e-05 1 -0.0140394 0.0554994 0.0531268
FixedParameters: 0 0 0

#Transform 52
Transform: AffineTransform_float_3_3
Parameters: 1 0.000130049 0.000535988 -0.000129951 1 -9.20697e-05 -0.000536012 9.19303e-05 1 -0.0127827 0.0556217 0.0625152
FixedParameters: 0 0 0

#Transform 53
Transform: AffineTransform_float_3_3
Parameters: 1 0.000159137 0.000535959 -0.000158863 1 -0.000256085 -0.000535041 0.000255915 1 -0.013391 0.089908 0.0575974
FixedParameters: 0 0 0

#Transform 54
Transform: AffineTransform_float_3_3
Parameters: 1 0.00023905 0.000535978 -0.000238951 1 -9.21281e-05 -0.000535022 9.28721e-05 1 -0.0150406 0.0175401 0.0854788
FixedParameters: 0 0 0

#Transform 55
Transform: AffineTransform_float_3_3
Parameters: 1 0.000418931 0.000536054 -0.000419069 1 0.000128775 -0.000535946 -0.000129225 1 -0.0187547 -0.0190937 0.0877594
FixedParameters: 0 0 0

#Transform 56
Transform: AffineTransform_float_3_3
Parameters: 1 0.000278886 0.000536059 -0.000279114 1 0.00021285 -0.00053594 -0.000213149 1 -0.0190384 -0.0364138 0.0728811
FixedParameters: 0 0 0

#Transform 57
Transform: AffineTransform_float_3_3
Parameters: 1 0.000299967 0.000536018 -0.000300033 1 6.08392e-05 -0.000535981 -6.11608e-05 1 -0.0163213 0.0257605 0.0697252
FixedParameters: 0 0 0

#Transform 58
Transform: AffineTransform_float_3_3
Parameters: 1 0.00037513 0.000535909 -0.00037487 1 -0.000243201 -0.000535091 0.000242799 1 -0.0178419 0.0970114 0.0483526
FixedParameters: 0 0 0

#Transform 59
Transform: AffineTransform_float_3_3
Parameters: 1 0.0003091 0.000411925 -0.0003099 1 -0.000243128 -0.000412075 0.000242873 1 -0.012523 0.0990565 0.0612656
FixedParameters: 0 0 0

#Transform 60
Transform: AffineTransform_float_3_3
Parameters: 1 0.000342073 0.000445943 -0.000341926 1 -0.000165152 -0.000446056 0.000164847 1 -0.0290562 0.0966767 0.0788778
FixedParameters: 0 0 0

#Transform 61
Transform: AffineTransform_float_3_3
Parameters: 1 0.000351644 0.000536233 -0.000352355 0.999999 0.000662811 -0.000535766 -0.000663188 0.999999 -0.0329643 -0.0201836 0.0886561
FixedParameters: 0 0 0

#Transform 62
Transform: AffineTransform_float_3_3
Parameters: 1 -9.82685e-05 0.000535951 9.87319e-05 1 0.000501053 -0.000535049 -0.000500947 0.999999 -0.0081349 -0.0147551 0.0810691
FixedParameters: 0 0 0

#Transform 63
Transform: AffineTransform_float_3_3
Parameters: 1 0.000316969 0.000590017 -0.000317032 1 5.38129e-05 -0.000589983 -5.3187e-05 1 -0.0184933 0.0495526 0.0645072
FixedParameters: 0 0 0

#Transform 64
Transform: AffineTransform_float_3_3
Parameters: 1 0.000332975 0.000536015 -0.000333025 1 4.58215e-05 -0.000535984 -4.61785e-05 1 -0.0170569 0.0497351 0.0590151
FixedParameters: 0 0 0

#Transform 65
Transform: AffineTransform_float_3_3
Parameters: 1 0.000333014 0.000535991 -0.000332985 1 -2.71785e-05 -0.000536009 2.68215e-05 1 -0.0170462 0.0935641 0.0516406
FixedParameters: 0 0 0

#Transform 66
Transform: AffineTransform_float_3_3
Parameters: 1 0.000389466 0.000536388 -0.000390534 1 0.000995792 -0.000535611 -0.00099621 1 -0.0181842 -0.0374418 0.108799
FixedParameters: 0 0 0

#Transform 67
Transform: AffineTransform_float_3_3
Parameters: 0.999999 0.000487601 0.000683284 -0.000488398 0.999999 0.000583666 -0.000682715 -0.000583333 0.999999 -0.0300273 -0.000585009 0.0797132
FixedParameters: 0 0 0

#Transform 68
Transform: AffineTransform_float_3_3
Parameters: 0.999999 0.000464612 0.000536336 -0.000464387 0.999999 0.000722751 -0.000535664 -0.000723248 0.999999 -0.0319777 -0.0231778 0.055738
FixedParameters: 0 0 0

#Transform 69
Transform: AffineTransform_float_3_3
Parameters: 0.999999 0.000531927 0.000536072 -0.000532072 1 0.000134715 -0.000535928 -0.000135285 1 -0.0211201 0.0851219 0.056791
FixedParameters: 0 0 0

#Transform 70
Transform: AffineTransform_float_3_3
Parameters: 1 0.000333135 0.000535916 -0.000332866 1 -0.000251178 -0.000535084 0.000251822 1 -0.0202394 0.107894 0.0479251
FixedParameters: 0 0 0

#Transform 71
Transform: AffineTransform_float_3_3
Parameters: 1 0.000419893 0.000284158 -0.000420107 1 0.000376881 -0.000283842 -0.000377119 1 -0.0128869 0.0322058 0.100425
FixedParameters: 0 0 0

#Transform 72
Transform: AffineTransform_float_3_3
Parameters: 1 0.000409844 0.000536119 -0.000410155 1 0.00028978 -0.000535881 -0.00029022 1 -0.0185814 0.0199639 0.0871545
FixedParameters: 0 0 0

#Transform 73
Transform: AffineTransform_float_3_3
Parameters: 1 0.000332668 0.000536206 -0.000332332 1 0.000618822 -0.000535794 -0.000618178 0.999999 -0.0170783 -0.038196 0.0737355
FixedParameters: 0 0 0

#Transform 74
Transform: AffineTransform_float_3_3
Parameters: 1 0.000397923 0.000536057 -0.000398076 1 0.000142787 -0.000535943 -0.000143213 1 -0.0333954 0.035352 0.0582357
FixedParameters: 0 0 0

#Transform 75
Transform: AffineTransform_float_3_3
Parameters: 1 0.000333008 0.000535994 -0.000332991 1 -1.61785e-05 -0.000536005 1.58215e-05 1 -0.0370224 0.0968339 0.0380632
FixedParameters: 0 0 0

#Transform 76
Transform: AffineTransform_float_3_3
Parameters: 1 0.000332972 0.000196048 -0.000333028 1 0.000142935 -0.000195952 -0.000143065 1 -0.0261871 0.0917263 0.064115
FixedParameters: 0 0 0

#Transform 77
Transform: AffineTransform_float_3_3
Parameters: 1 0.000333103 0.000535936 -0.000332898 1 -0.000191178 -0.000535064 0.000191822 1 -0.0370058 0.0865119 0.0753965
FixedParameters: 0 0 0

#Transform 78
Transform: AffineTransform_float_3_3
Parameters: 1 0.000332922 0.000344075 -0.000333078 1 0.000226885 -0.000343924 -0.000227114 1 -0.0309235 -0.0240577 0.0809945
FixedParameters: 0 0 0

#Transform 79
Transform: AffineTransform_float_3_3
Parameters: 1 0.000332814 0.000392158 -0.000332186 1 0.00047487 -0.000391842 -0.00047513 1 -0.0180964 -0.00266097 0.0816679
FixedParameters: 0 0 0

#Transform 80
Transform: AffineTransform_float_3_3
Parameters: 1 0.000332893 0.000398089 -0.000332107 1 0.000268868 -0.000397911 -0.000269132 1 -0.0162046 0.0417181 0.0535744
FixedParameters: 0 0 0

#Transform 81
Transform: AffineTransform_float_3_3
Parameters: 1 0.000332977 0.000138055 -0.000333023 1 0.000163954 -0.000137945 -0.000164046 1 -0.00787601 0.0889598 0.0623833
FixedParameters: 0 0 0

#Transform 82
Transform: AffineTransform_float_3_3
Parameters: 1 0.000333062 0.000326937 -0.000332938 1 -0.000190109 -0.000327063 0.000189891 1 -0.0212254 0.110299 0.0649763
FixedParameters: 0 0 0

#Transform 83
Transform: AffineTransform_float_3_3
Parameters: 1 0.000332965 0.000153077 -0.000333035 1 0.000230949 -0.000152923 -0.000231051 1 -0.0144749 0.0424966 0.106734
FixedParameters: 0 0 0

#Transform 84
Transform: AffineTransform_float_3_3
Parameters: 1 0.00033281 0.00048713 -0.00033219 1 0.000389838 -0.00048787 -0.000390162 1 -0.0190787 0.0438125 0.0877912
FixedParameters: 0 0 0

#Transform 85
Transform: AffineTransform_float_3_3
Parameters: 1 0.00033307 0.000486952 -0.00033293 1 -0.000144162 -0.000487048 0.000143838 1 -0.0210925 0.0369876 0.07018
FixedParameters: 0 0 0

#Transform 86
Transform: AffineTransform_float_3_3
Parameters: 1 0.000333002 0.000283998 -0.000332998 1 -6.09457e-06 -0.000284002 5.90543e-06 1 -0.0123436 0.0787231 0.0731182
FixedParameters: 0 0 0

#Transform 87
Transform: AffineTransform_float_3_3
Parameters: 1 0.00033323 0.000491845 -0.000332771 1 -0.000466164 -0.000492155 0.000466836 1 -0.0247895 0.0965118 0.0604159
FixedParameters: 0 0 0

#Transform 88
Transform: AffineTransform_float_3_3
Parameters: 1 0.000333038 0.000413969 -0.000332961 1 -9.31378e-05 -0.000414031 9.28621e-05 1 -0.00787734 0.0464236 0.106368
FixedParameters: 0 0 0

#Transform 89
Transform: AffineTransform_float_3_3
Parameters: 0.999999 0.000332961 0.000688018 -0.000333038 1 5.57709e-05 -0.000687981 -5.62291e-05 1 -0.0103323 0.0376795 0.0927002
FixedParameters: 0 0 0

#Transform 90
Transform: AffineTransform_float_3_3
Parameters: 0.999999 0.000332962 0.000682018 -0.000333038 1 5.57729e-05 -0.000681981 -5.62271e-05 1 -0.0101774 0.0114607 0.0779011
FixedParameters: 0 0 0

#Transform 91
Transform: AffineTransform_float_3_3
Parameters: 1 0.000333023 0.000361979 -0.000332977 1 -6.31205e-05 -0.000362021 6.28794e-05 1 -0.0148664 0.073407 0.0699145
FixedParameters: 0 0 0

#Transform 92
Transform: AffineTransform_float_3_3
Parameters: 1 0.000333099 0.00055294 -0.000332901 1 -0.000179184 -0.000553059 0.000178816 1 -0.0131609 0.0963656 0.0742472
FixedParameters: 0 0 0

#Transform 93
Transform: AffineTransform_float_3_3
Parameters: 1 0.00033307 0.000413943 -0.00033293 1 -0.000170138 -0.000414056 0.000169862 1 -0.0162298 0.0766539 0.112337
FixedParameters: 0 0 0

#Transform 94
Transform: AffineTransform_float_3_3
Parameters: 1 0.000333044 0.000413965 -0.000332956 1 -0.000106138 -0.000414035 0.000105862 1 -0.0129594 0.0425291 0.0996103
FixedParameters: 0 0 0

#Transform 95
Transform: AffineTransform_float_3_3
Parameters: 1 0.000468848 0.000476149 -0.000469151 1 0.000317777 -0.000475851 -0.000318223 1 -0.0231979 0.00834401 0.0822089
FixedParameters: 0 0 0

#Transform 96
Transform: AffineTransform_float_3_3
Parameters: 1 0.00033285 0.000471106 -0.00033215 1 0.000317843 -0.000470894 -0.000318157 1 -0.0201061 0.0644935 0.0835954
FixedParameters: 0 0 0

#Transform 97
Transform: AffineTransform_float_3_3
Parameters: 1 0.00046405 0.000253908 -0.00046395 1 -0.000198118 -0.000254092 0.000198882 1 -0.0187056 0.129399 0.0730013
FixedParameters: 0 0 0

#Transform 98
Transform: AffineTransform_float_3_3
Parameters: 1 0.000333096 0.000205844 -0.000332904 1 -0.000467068 -0.000206155 0.000466931 1 -0.0135488 0.137989 0.0738535
FixedParameters: 0 0 0

#Transform 99
Transform: AffineTransform_float_3_3
Parameters: 1 0.000333007 4.89537e-05 -0.000332993 1 -0.000139016 -4.90463e-05 0.000138984 1 -0.00815523 0.0669134 0.112363
FixedParameters: 0 0 0

#Transform 100
Transform: AffineTransform_float_3_3
Parameters: 1 0.000480918 0.00014028 -0.000481082 0.999999 0.000582932 -0.000140719 -0.000583067 1 -0.0138927 -0.0126223 0.118683
FixedParameters: 0 0 0

#Transform 101
Transform: AffineTransform_float_3_3
Parameters: 1 0.000484839 0.000179434 -0.000485161 0.999999 0.000895912 -0.000179565 -0.000896086 0.999999 -0.0138553 -0.050896 0.104816
FixedParameters: 0 0 0

#Transform 102
Transform: AffineTransform_float_3_3
Parameters: 1 0.000374967 4.92531e-05 -0.000375034 0.999999 0.000674981 -4.97468e-05 -0.000675018 1 -0.0076579 0.0134376 0.0860516
FixedParameters: 0 0 0

#Transform 103
Transform: AffineTransform_float_3_3
Parameters: 1 0.000374979 4.91597e-05 -0.000375021 1 0.000425981 -4.98402e-05 -0.000426019 1 -0.0111485 0.063675 0.0570671
FixedParameters: 0 0 0

#Transform 104
Transform: AffineTransform_float_3_3
Parameters: 1 0.000375014 -4.08747e-05 -0.000374986 1 0.000334015 4.11252e-05 -0.000333985 1 -0.00475063 0.0914065 0.0698615
FixedParameters: 0 0 0

#Transform 105
Transform: AffineTransform_float_3_3
Parameters: 1 0.000374979 4.91579e-05 -0.000375021 1 0.000420981 -4.98421e-05 -0.000421019 1 -0.00763099 0.0732202 0.0960416
FixedParameters: 0 0 0

#Transform 106
Transform: AffineTransform_float_3_3
Parameters: 1 0.000535938 4.96748e-05 -0.000536062 0.999999 0.00125897 -4.93251e-05 -0.00125903 0.999999 -0.0160017 -0.0377798 0.107009
FixedParameters: 0 0 0

#Transform 107
Transform: AffineTransform_float_3_3
Parameters: 1 0.00050494 4.96115e-05 -0.00050506 0.999999 0.00121098 -4.93884e-05 -0.00121103 1 -0.010409 -0.00402791 0.0917236
FixedParameters: 0 0 0

#Transform 108
Transform: AffineTransform_float_3_3
Parameters: 1 0.000374964 4.92771e-05 -0.000375037 0.999999 0.000738981 -4.97232e-05 -0.000738018 0.999999 -0.0261868 0.0543729 0.0605417
FixedParameters: 0 0 0

#Transform 109
Transform: AffineTransform_float_3_3
Parameters: 1 0.000374984 4.9123e-05 -0.000375016 1 0.000327982 -4.9877e-05 -0.000328019 1 -0.0194428 0.0674347 0.0633342
FixedParameters: 0 0 0

#Transform 110
Transform: AffineTransform_float_3_3
Parameters: 1 0.000320007 -0.000139984 -0.000319993 1 4.90448e-05 0.000140016 -4.89552e-05 1 -0.0164728 0.0762972 0.0831121
FixedParameters: 0 0 0

#Transform 111
Transform: AffineTransform_float_3_3
Parameters: 1 0.0003749 0.000123305 -0.0003751 0.999999 0.000813953 -0.000122695 -0.000814045 0.999999 -0.0260387 -0.0217543 0.102588
FixedParameters: 0 0 0

#Transform 112
Transform: AffineTransform_float_3_3
Parameters: 1 -0.000283334 0.000114174 0.000282666 0.999995 0.00291603 -0.000114825 -0.00291597 0.999995 -0.0121375 0.0258323 0.163815
FixedParameters: 0 0 0

#Transform 113
Transform: AffineTransform_float_3_3
Parameters: 1 -0.000251536 -0.000215904 0.000254465 0.999934 0.0114899 0.00021309 -0.0114901 0.999934 -0.171965 -0.351328 0.750659
FixedParameters: 0 0 0

#Transform 114
Transform: AffineTransform_float_3_3
Parameters: 0.999999 -0.000611893 0.00115333 0.000603111 0.99997 0.0076947 -0.00115767 -0.0076943 0.999969 -0.166195 -0.188613 0.548472
FixedParameters: 0 0 0

#Transform 115
Transform: AffineTransform_float_3_3
Parameters: 0.999999 -0.000539572 0.00120664 0.000532425 0.99998 0.00626765 -0.00121036 -0.00626635 0.999979 -0.0722247 -0.110961 0.33844
FixedParameters: 0 0 0

#Transform 116
Transform: AffineTransform_float_3_3
Parameters: 1 -0.000245661 0.000260443 0.000243335 0.999979 0.00636006 -0.000262553 -0.00635993 0.999979 -0.0538871 -0.0677708 0.307417
FixedParameters: 0 0 0

#Transform 117
Transform: AffineTransform_float_3_3
Parameters: 1 -0.000243582 -6.65505e-05 0.000243421 0.999979 0.00635998 6.54531e-05 -0.00636001 0.99998 -0.037836 -0.0240438 0.339865
FixedParameters: 0 0 0

#Transform 118
Transform: AffineTransform_float_3_3
Parameters: 1 -0.000438201 -0.000138554 0.000438796 0.999983 0.00582294 0.000135447 -0.00582306 0.999983 -0.0315622 -0.00079087 0.360881
FixedParameters: 0 0 0

#Transform 119
Transform: AffineTransform_float_3_3
Parameters: 0.999999 -0.000768788 -0.000580281 0.000772211 0.999985 0.00555656 0.000575718 -0.00555645 0.999985 -0.0108219 -0.0206715 0.392554
FixedParameters: 0 0 0

#Transform 120
Transform: AffineTransform_float_3_3
Parameters: 0.999999 -0.000768554 -0.000600436 0.000772442 0.999983 0.00575854 0.000595561 -0.00575946 0.999983 -0.010133 -0.10539 0.386209
FixedParameters: 0 0 0

#Transform 121
Transform: AffineTransform_float_3_3
Parameters: 0.999999 -0.000769616 -0.000358167 0.000772382 0.999977 0.00670273 0.000352831 -0.00670328 0.999978 -0.0225843 -0.181972 0.382465
FixedParameters: 0 0 0

#Transform 122
Transform: AffineTransform_float_3_3
Parameters: 0.999999 -0.00076917 -0.000437019 0.00077183 0.999979 0.00651367 0.000431982 -0.00651334 0.999978 -0.00732314 -0.176346 0.33551
FixedParameters: 0 0 0

#Transform 123
Transform: AffineTransform_float_3_3
Parameters: 0.999999 -0.000770259 -0.000243574 0.000772736 0.999973 0.00722881 0.00023742 -0.00722918 0.999974 -0.0210115 -0.13275 0.282158
FixedParameters: 0 0 0

#Transform 124
Transform: AffineTransform_float_3_3
Parameters: 0.999999 -0.000650672 -0.000498375 0.000654332 0.999978 0.00670668 0.000494622 -0.00670733 0.999978 -0.015336 -0.0439222 0.293982
FixedParameters: 0 0 0

#Transform 125
Transform: AffineTransform_float_3_3
Parameters: 0.999999 -0.00076864 -0.000521981 0.000772359 0.999979 0.0064666 0.000517016 -0.0064674 0.999979 -0.0145996 0.0050641 0.290228
FixedParameters: 0 0 0

#Transform 126
Transform: AffineTransform_float_3_3
Parameters: 1 -0.00101789 -0.000637606 0.00102211 0.999979 0.00647636 0.000631394 -0.00647665 0.999979 -0.00334657 -0.0296726 0.309741
FixedParameters: 0 0 0

#Transform 127
Transform: AffineTransform_float_3_3
Parameters: 0.999999 -0.000769044 -0.000490663 0.000771957 0.999982 0.00605162 0.000486336 -0.00605238 0.999981 -0.0132038 -0.0774061 0.301877
FixedParameters: 0 0 0

#Transform 128
Transform: AffineTransform_float_3_3
Parameters: 0.999999 -0.000769802 -0.000352834 0.000772198 0.99998 0.00627073 0.000348164 -0.00627127 0.999981 -0.0174898 -0.10003 0.252345
FixedParameters: 0 0 0

#Transform 129
Transform: AffineTransform_float_3_3
Parameters: 0.999999 -0.000657375 -0.000595029 0.000661625 0.999981 0.00611261 0.000590967 -0.00611239 0.999981 -0.0168078 -0.114519 0.259239
FixedParameters: 0 0 0

#Transform 130
Transform: AffineTransform_float_3_3
Parameters: 0.999999 -0.00036149 -0.000747199 0.000366508 0.999981 0.00604373 0.000744798 -0.00604427 0.999982 -0.0312688 -0.0859896 0.242599
FixedParameters: 0 0 0

#Transform 131
Transform: AffineTransform_float_3_3
Parameters: 0.999999 -0.000374309 -0.000646152 0.000377689 0.999983 0.00572076 0.00064385 -0.00572124 0.999984 -0.0483334 -0.0767832 0.251115
FixedParameters: 0 0 0

#Transform 132
Transform: AffineTransform_float_3_3
Parameters: 0.999999 -0.000415237 -0.000868293 0.00042076 0.999985 0.00549163 0.000865701 -0.00549236 0.999984 -0.0268734 -0.0392393 0.246494
FixedParameters: 0 0 0

#Transform 133
Transform: AffineTransform_float_3_3
Parameters: 0.999999 -0.000269843 -0.000742524 0.000274159 0.999985 0.0056038 0.000741475 -0.0056042 0.999984 -0.0330698 -0.0941476 0.259795
FixedParameters: 0 0 0

#Transform 134
Transform: AffineTransform_float_3_3
Parameters: 1 -0.000242638 -0.000546505 0.000246365 0.999981 0.00615987 0.000545493 -0.00616013 0.999981 -0.03499 -0.123477 0.308201
FixedParameters: 0 0 0

#Transform 135
Transform: AffineTransform_float_3_3
Parameters: 1 -0.000109018 -0.000339642 0.000110984 0.999983 0.00583996 0.000339358 -0.00584004 0.999983 -0.0434788 -0.0829376 0.276276
FixedParameters: 0 0 0

#Transform 136
Transform: AffineTransform_float_3_3
Parameters: 1 5.09327e-05 -0.000340717 -4.90714e-05 0.999984 0.00567002 0.000340284 -0.00566998 0.999984 -0.0571221 -0.0774267 0.269377
FixedParameters: 0 0 0

#Transform 137
Transform: AffineTransform_float_3_3
Parameters: 1 -1.07283e-05 -0.000396068 1.32713e-05 0.999983 0.005736 0.000395931 -0.005736 0.999984 -0.0457239 -0.0240084 0.281739
FixedParameters: 0 0 0

#Transform 138
Transform: AffineTransform_float_3_3
Parameters: 1 -6.99278e-05 -0.000545403 7.30756e-05 0.999984 0.00563496 0.000545597 -0.00563504 0.999984 -0.0497096 -0.0234883 0.291208
FixedParameters: 0 0 0

#Transform 139
Transform: AffineTransform_float_3_3
Parameters: 1 5.80707e-05 -0.000544681 -5.4928e-05 0.999984 0.00563503 0.000545318 -0.00563597 0.999984 -0.0424213 -0.0915752 0.313394
FixedParameters: 0 0 0

#Transform 140
Transform: AffineTransform_float_3_3
Parameters: 1 4.03369e-05 -0.000399771 -3.76617e-05 0.999983 0.00584401 0.000400227 -0.00584398 0.999983 -0.0430168 -0.10068 0.285656
FixedParameters: 0 0 0

#Transform 141
Transform: AffineTransform_float_3_3
Parameters: 1 0.000196253 -0.000543837 -0.000192746 0.999982 0.00597611 0.000545161 -0.00597589 0.999982 -0.0473278 -0.126855 0.276721
FixedParameters: 0 0 0

#Transform 142
Transform: AffineTransform_float_3_3
Parameters: 1 0.000107975 -0.000513383 -0.000105027 0.999983 0.00579206 0.000513617 -0.00579195 0.999983 -0.0470537 -0.0784025 0.276017
FixedParameters: 0 0 0

#Transform 143
Transform: AffineTransform_float_3_3
Parameters: 1 0.000167332 -0.000581051 -0.000163668 0.999983 0.0057301 0.000581947 -0.0057299 0.999984 -0.0434756 -0.053346 0.265917
FixedParameters: 0 0 0

#Transform 144
Transform: AffineTransform_float_3_3
Parameters: 1 7.80084e-05 -0.000533569 -7.49897e-05 0.999984 0.00563504 0.000534431 -0.00563596 0.999984 -0.043174 -0.0503111 0.291661
FixedParameters: 0 0 0

#Transform 145
Transform: AffineTransform_float_3_3
Parameters: 1 0.000195133 -0.000532863 -0.000191866 0.999982 0.0058741 0.000534136 -0.00587389 0.999982 -0.0455749 -0.100862 0.299831
FixedParameters: 0 0 0

#Transform 146
Transform: AffineTransform_float_3_3
Parameters: 1 7.83083e-05 -0.000533525 -7.46887e-05 0.999981 0.00619804 0.000534473 -0.00619796 0.99998 -0.0431825 -0.129004 0.281504
FixedParameters: 0 0 0

#Transform 147
Transform: AffineTransform_float_3_3
Parameters: 1 7.81183e-05 -0.000533553 -7.4879e-05 0.999983 0.00584204 0.000534446 -0.00584196 0.999983 -0.0431693 -0.0817352 0.278453
FixedParameters: 0 0 0

#Transform 148
Transform: AffineTransform_float_3_3
Parameters: 0.999999 0.000263881 -0.00065946 -0.000260122 0.999982 0.00587817 0.000660541 -0.00587883 0.999983 -0.0517423 -0.0431827 0.258
FixedParameters: 0 0 0

#Transform 149
Transform: AffineTransform_float_3_3
Parameters: 0.999999 0.00024693 -0.000696619 -0.000243068 0.999984 0.00563617 0.000698381 -0.00563583 0.999984 -0.0605156 -0.0394829 0.285361
FixedParameters: 0 0 0

#Transform 150
Transform: AffineTransform_float_3_3
Parameters: 1 0.000188691 -0.000615881 -0.000184309 0.999982 0.00598711 0.000617114 -0.00598688 0.999982 -0.0474335 -0.100582 0.299041
FixedParameters: 0 0 0

#Transform 151
Transform: AffineTransform_float_3_3
Parameters: 0.999999 0.000449798 -0.000616246 -0.000446203 0.999981 0.00614928 0.000618755 -0.00614872 0.999981 -0.0482221 -0.123076 0.284801
FixedParameters: 0 0 0

#Transform 152
Transform: AffineTransform_float_3_3
Parameters: 0.999999 0.000258079 -0.000827432 -0.000253923 0.999981 0.00613321 0.000828572 -0.00613279 0.999981 -0.0535247 -0.0943748 0.288253
FixedParameters: 0 0 0

#Transform 153
Transform: AffineTransform_float_3_3
Parameters: 1 0.000298827 -0.00100128 -0.000293175 0.999983 0.00581429 0.00100272 -0.0058147 0.999982 -0.0512522 -0.0558747 0.27293
FixedParameters: 0 0 0

#Transform 154
Transform: AffineTransform_float_3_3
Parameters: 1 0.00054895 -0.00107699 -0.000543051 0.999984 0.00551659 0.00108001 -0.00551641 0.999984 -0.0527502 -0.0509119 0.299768
FixedParameters: 0 0 0

#Transform 155
Transform: AffineTransform_float_3_3
Parameters: 0.999999 0.000435528 -0.00077748 -0.000430469 0.999983 0.00581434 0.000780516 -0.00581466 0.999983 -0.0605565 -0.0932017 0.298251
FixedParameters: 0 0 0

#Transform 156
Transform: AffineTransform_float_3_3
Parameters: 1 0.000461465 -0.00090323 -0.000456537 0.999981 0.00604042 0.000905775 -0.00604059 0.999982 -0.0574029 -0.115513 0.290157
FixedParameters: 0 0 0

#Transform 157
Transform: AffineTransform_float_3_3
Parameters: 1 0.000587706 -0.000932428 -0.00058229 0.999981 0.00610855 0.000936574 -0.00610745 0.999981 -0.0584376 -0.0965888 0.286321
FixedParameters: 0 0 0

#Transform 158
Transform: AffineTransform_float_3_3
Parameters: 1 0.000572734 -0.000969637 -0.000567265 0.999983 0.00590256 0.000973366 -0.00590245 0.999982 -0.0537696 -0.0454657 0.27512
FixedParameters: 0 0 0

#Transform 159
Transform: AffineTransform_float_3_3
Parameters: 0.999999 0.000614394 -0.00125088 -0.000607604 0.999987 0.00510676 0.00125412 -0.00510523 0.999986 -0.0531329 -0.000418075 0.271269
FixedParameters: 0 0 0

#Transform 160
Transform: AffineTransform_float_3_3
Parameters: 0.999999 0.000731292 -0.00116407 -0.000724703 0.999985 0.00539685 0.00116893 -0.00539515 0.999985 -0.0553007 -0.0303787 0.305353
FixedParameters: 0 0 0

#Transform 161
Transform: AffineTransform_float_3_3
Parameters: 0.999999 0.000731209 -0.00106577 -0.000724789 0.999983 0.00581478 0.00107023 -0.00581422 0.999983 -0.0594106 -0.111729 0.311575
FixedParameters: 0 0 0

#Transform 162
Transform: AffineTransform_float_3_3
Parameters: 0.999999 0.000886583 -0.00106455 -0.000880413 0.99998 0.00616894 0.00107045 -0.00616806 0.999981 -0.062627 -0.123167 0.302934
FixedParameters: 0 0 0

#Transform 163
Transform: AffineTransform_float_3_3
Parameters: 0.999999 0.000837207 -0.00106515 -0.000830793 0.999982 0.00581489 0.00106985 -0.00581411 0.999983 -0.0616174 -0.0849076 0.289308
FixedParameters: 0 0 0

#Transform 164
Transform: AffineTransform_float_3_3
Parameters: 0.999999 0.000730807 -0.00106604 -0.000725194 0.999985 0.00543678 0.00106996 -0.00543622 0.999984 -0.0593223 -0.0442686 0.281315
FixedParameters: 0 0 0

#Transform 165
Transform: AffineTransform_float_3_3
Parameters: 0.999999 0.000879556 -0.00106544 -0.000874446 0.999986 0.00520394 0.00106956 -0.00520306 0.999986 -0.0624036 -0.0176039 0.290758
FixedParameters: 0 0 0

#Transform 166
Transform: AffineTransform_float_3_3
Parameters: 0.999999 0.000855088 -0.00106514 -0.000848913 0.999984 0.00570291 0.00106986 -0.00570209 0.999983 -0.058989 -0.104978 0.320282
FixedParameters: 0 0 0

#Transform 167
Transform: AffineTransform_float_3_3
Parameters: 0.999999 0.000902373 -0.00106463 -0.000895624 0.999982 0.00597196 0.00107037 -0.00597104 0.999981 -0.059299 -0.113479 0.308837
FixedParameters: 0 0 0

#Transform 168
Transform: AffineTransform_float_3_3
Parameters: 0.999999 0.000910415 -0.0010756 -0.000904582 0.999982 0.00594998 0.0010814 -0.00594902 0.999981 -0.0653013 -0.0988855 0.292217
FixedParameters: 0 0 0

#Transform 169
Transform: AffineTransform_float_3_3
Parameters: 0.999999 0.000865581 -0.00116614 -0.00085942 0.999984 0.005632 0.00117086 -0.00563099 0.999983 -0.0589111 -0.0519353 0.291092
FixedParameters: 0 0 0

#Transform 170
Transform: AffineTransform_float_3_3
Parameters: 0.999998 0.00103219 -0.00121477 -0.00102581 0.999986 0.00508425 0.00122023 -0.00508275 0.999987 -0.0608208 0.0134731 0.273968
FixedParameters: 0 0 0

#Transform 171
Transform: AffineTransform_float_3_3
Parameters: 0.999999 0.000951899 -0.00115818 -0.0009451 0.999986 0.0050841 0.00116282 -0.0050829 0.999987 -0.0610776 -0.0425427 0.304666
FixedParameters: 0 0 0

#Transform 172
Transform: AffineTransform_float_3_3
Parameters: 0.999999 0.000926043 -0.00120462 -0.000918959 0.999982 0.00583511 0.00120938 -0.00583389 0.999983 -0.0613335 -0.106227 0.325207
FixedParameters: 0 0 0

#Transform 173
Transform: AffineTransform_float_3_3
Parameters: 0.999999 0.00105374 -0.00142759 -0.00104426 0.999981 0.0061075 0.00143441 -0.0061065 0.999981 -0.0576327 -0.10257 0.289536
FixedParameters: 0 0 0

#Transform 174
Transform: AffineTransform_float_3_3
Parameters: 0.999998 0.000951627 -0.00142829 -0.000943368 0.999982 0.00602936 0.00143471 -0.00602764 0.999981 -0.0524478 -0.0943576 0.304854
FixedParameters: 0 0 0

#Transform 175
Transform: AffineTransform_float_3_3
Parameters: 0.999998 0.00100901 -0.00124133 -0.00100199 0.999983 0.00563825 0.00124667 -0.00563675 0.999984 -0.0596147 -0.0365693 0.286828
FixedParameters: 0 0 0

#Transform 176
Transform: AffineTransform_float_3_3
Parameters: 0.999998 0.000865043 -0.00142916 -0.000856957 0.999984 0.00561923 0.00143384 -0.00561777 0.999983 -0.0547889 -0.0291068 0.305429
FixedParameters: 0 0 0

#Transform 177
Transform: AffineTransform_float_3_3
Parameters: 0.999999 0.000815315 -0.00127636 -0.000807682 0.999984 0.00572104 0.00128164 -0.00571996 0.999983 -0.0574139 -0.0405598 0.323797
FixedParameters: 0 0 0

#Transform 178
Transform: AffineTransform_float_3_3
Parameters: 0.999999 0.000794855 -0.00112017 -0.000788146 0.999981 0.00610689 0.00112483 -0.00610611 0.99998 -0.0590464 -0.135072 0.310984
FixedParameters: 0 0 0

#Transform 179
Transform: AffineTransform_float_3_3
Parameters: 0.999999 0.000870856 -0.00128371 -0.000863143 0.999981 0.00610711 0.00128929 -0.00610688 0.99998 -0.0554496 -0.135109 0.311265
FixedParameters: 0 0 0

#Transform 180
Transform: AffineTransform_float_3_3
Parameters: 0.999998 0.00121879 -0.00112066 -0.00121221 0.999981 0.00604037 0.00112834 -0.00603863 0.999981 -0.0723107 -0.105139 0.262056
FixedParameters: 0 0 0

#Transform 181
Transform: AffineTransform_float_3_3
Parameters: 0.999999 0.000987678 -0.00114528 -0.000981324 0.999982 0.00581613 0.00115073 -0.00581587 0.999983 -0.0621735 -0.0251716 0.273721
FixedParameters: 0 0 0

#Transform 182
Transform: AffineTransform_float_3_3
Parameters: 0.999999 0.00103912 -0.00114548 -0.00103289 0.999986 0.00532719 0.00115052 -0.00532681 0.999985 -0.063257 0.00196604 0.27018
FixedParameters: 0 0 0

#Transform 183
Transform: AffineTransform_float_3_3
Parameters: 0.999998 0.00103644 -0.00126695 -0.00102956 0.999983 0.00586231 0.00127306 -0.00586069 0.999982 -0.0622074 -0.0744913 0.321185
FixedParameters: 0 0 0

#Transform 184
Transform: AffineTransform_float_3_3
Parameters: 0.999998 0.00119416 -0.00105607 -0.00118784 0.999983 0.00581726 0.00106293 -0.00581574 0.999982 -0.0694095 -0.0732075 0.302878
FixedParameters: 0 0 0

#Transform 185
Transform: AffineTransform_float_3_3
Parameters: 0.999998 0.00124427 -0.00100328 -0.00123773 0.99998 0.00622325 0.00101072 -0.00622275 0.99998 -0.0851671 -0.107369 0.302686
FixedParameters: 0 0 0

#Transform 186
Transform: AffineTransform_float_3_3
Parameters: 0.999999 0.00132467 -0.00116647 -0.00131832 0.999983 0.00570355 0.00117454 -0.00570245 0.999983 -0.0684314 -0.0385317 0.296317
FixedParameters: 0 0 0

#Transform 187
Transform: AffineTransform_float_3_3
Parameters: 0.999998 0.00128953 -0.00100696 -0.00128347 0.999984 0.0054743 0.00101404 -0.0054727 0.999984 -0.0729033 -0.0196231 0.28063
FixedParameters: 0 0 0

#Transform 188
Transform: AffineTransform_float_3_3
Parameters: 0.999999 0.00123878 -0.00125837 -0.00123123 0.999985 0.00537056 0.00126463 -0.00536944 0.999985 -0.0638058 -0.0162158 0.293044
FixedParameters: 0 0 0

#Transform 189
Transform: AffineTransform_float_3_3
Parameters: 0.999999 0.00131667 -0.00116651 -0.00131032 0.999983 0.00570354 0.00117449 -0.00570246 0.999983 -0.0683055 -0.0860885 0.309796
FixedParameters: 0 0 0

#Transform 190
Transform: AffineTransform_float_3_3
Parameters: 0.999999 0.00126651 -0.00116589 -0.00125949 0.999978 0.00642047 0.00117411 -0.00641952 0.999978 -0.0710448 -0.135145 0.319584
FixedParameters: 0 0 0

#Transform 191
Transform: AffineTransform_float_3_3
Parameters: 0.999999 0.00126508 -0.00119656 -0.00125892 0.999982 0.00590151 0.00120445 -0.00590048 0.999982 -0.0666408 -0.065601 0.29312
FixedParameters: 0 0 0

#Transform 192
Transform: AffineTransform_float_3_3
Parameters: 0.999999 0.00121759 -0.00130094 -0.00121041 0.999983 0.00582059 0.00130807 -0.00581942 0.999982 -0.0613374 -0.0297811 0.278966
FixedParameters: 0 0 0

#Transform 193
Transform: AffineTransform_float_3_3
