# transform file /out/sourcedata/freesurfer/sub-v2s11x28685_ses-1/mri/transforms/cc_up.lta
# created by oesteban on Tue Mar 10 16:49:13 2026

type      = 0 # LINEAR_VOX_TO_VOX
nxforms   = 1
mean      = 158.0000 156.0000 150.0000
sigma     = 10000.0000
1 4 4
9.986211657524109e-01 -8.977741003036499e-03 -5.172200873494148e-02 -2.123245048522949e+01 
8.965724147856236e-03 9.999597072601318e-01 -4.643655556719750e-04 -1.334546947479248e+01 
5.172409489750862e-02 0.000000000000000e+00 9.986613988876343e-01 -2.098366737365723e+01 
0.000000000000000e+00 0.000000000000000e+00 0.000000000000000e+00 1.000000000000000e+00 
src volume info
valid = 1  # volume info valid
filename = /out/sourcedata/freesurfer/sub-v2s11x28685_ses-1/mri/norm.mgz
volume = 320 320 320
voxelsize = 7.999999523162842e-01 7.999999523162842e-01 7.999999523162842e-01
xras   = -9.999999403953552e-01 0.000000000000000e+00 0.000000000000000e+00
yras   = 0.000000000000000e+00 0.000000000000000e+00 -9.999999403953552e-01
zras   = 0.000000000000000e+00 9.999999403953552e-01 0.000000000000000e+00
cras   = 5.346221923828125e-01 -3.280410766601562e+00 -2.826578521728516e+01
dst volume info
valid = 1  # volume info valid
filename = /out/sourcedata/freesurfer/sub-v2s11x28685_ses-1/mri/norm.mgz
volume = 320 320 320
voxelsize = 7.999999523162842e-01 7.999999523162842e-01 7.999999523162842e-01
xras   = -9.999999403953552e-01 0.000000000000000e+00 0.000000000000000e+00
yras   = 0.000000000000000e+00 0.000000000000000e+00 -9.999999403953552e-01
zras   = 0.000000000000000e+00 9.999999403953552e-01 0.000000000000000e+00
cras   = 5.346221923828125e-01 -3.280410766601562e+00 -2.826578521728516e+01
