# transform file /out/sourcedata/freesurfer/sub-v2s11x28727_ses-1/mri/transforms/cc_up.lta
# created by oesteban on Wed Mar 11 00:40:35 2026

type      = 0 # LINEAR_VOX_TO_VOX
nxforms   = 1
mean      = 163.0000 167.0000 144.0000
sigma     = 10000.0000
1 4 4
9.996977448463440e-01 9.187292307615280e-03 -2.280424162745476e-02 -3.136898040771484e+01 
-9.184903465211391e-03 9.999577999114990e-01 2.095180825563148e-04 -1.853282165527344e+01 
2.280520275235176e-02 0.000000000000000e+00 9.997399449348450e-01 7.342226982116699e+00 
0.000000000000000e+00 0.000000000000000e+00 0.000000000000000e+00 1.000000000000000e+00 
src volume info
valid = 1  # volume info valid
filename = /out/sourcedata/freesurfer/sub-v2s11x28727_ses-1/mri/norm.mgz
volume = 320 320 320
voxelsize = 7.999998927116394e-01 7.999998927116394e-01 7.999998927116394e-01
xras   = -1.000000000000000e+00 0.000000000000000e+00 0.000000000000000e+00
yras   = 0.000000000000000e+00 0.000000000000000e+00 -1.000000000000000e+00
zras   = 0.000000000000000e+00 1.000000000000000e+00 0.000000000000000e+00
cras   = 3.215774536132812e+00 -7.867248535156250e+00 1.468627929687500e+01
dst volume info
valid = 1  # volume info valid
filename = /out/sourcedata/freesurfer/sub-v2s11x28727_ses-1/mri/norm.mgz
volume = 320 320 320
voxelsize = 7.999998927116394e-01 7.999998927116394e-01 7.999998927116394e-01
xras   = -1.000000000000000e+00 0.000000000000000e+00 0.000000000000000e+00
yras   = 0.000000000000000e+00 0.000000000000000e+00 -1.000000000000000e+00
zras   = 0.000000000000000e+00 1.000000000000000e+00 0.000000000000000e+00
cras   = 3.215774536132812e+00 -7.867248535156250e+00 1.468627929687500e+01
