# transform file /out/sourcedata/freesurfer/sub-v2s11x28721_ses-1/mri/transforms/cc_up.lta
# created by oesteban on Tue Mar 10 23:42:55 2026

type      = 0 # LINEAR_VOX_TO_VOX
nxforms   = 1
mean      = 158.0000 164.0000 147.0000
sigma     = 10000.0000
1 4 4
9.996329545974731e-01 -1.449954137206078e-02 2.288724295794964e-02 -3.102679061889648e+01 
1.449574250727892e-02 9.998949170112610e-01 3.318893723189831e-04 -3.733769226074219e+01 
-2.288964949548244e-02 2.910383392618066e-11 9.997380375862122e-01 2.469037628173828e+01 
0.000000000000000e+00 0.000000000000000e+00 0.000000000000000e+00 1.000000000000000e+00 
src volume info
valid = 1  # volume info valid
filename = /out/sourcedata/freesurfer/sub-v2s11x28721_ses-1/mri/norm.mgz
volume = 320 320 320
voxelsize = 7.999999523162842e-01 7.999999523162842e-01 7.999999523162842e-01
xras   = -9.999999403953552e-01 0.000000000000000e+00 0.000000000000000e+00
yras   = 0.000000000000000e+00 0.000000000000000e+00 -9.999999403953552e-01
zras   = 0.000000000000000e+00 9.999999403953552e-01 0.000000000000000e+00
cras   = -9.204101562500000e-01 -5.445945739746094e+00 1.525806427001953e+01
dst volume info
valid = 1  # volume info valid
filename = /out/sourcedata/freesurfer/sub-v2s11x28721_ses-1/mri/norm.mgz
volume = 320 320 320
voxelsize = 7.999999523162842e-01 7.999999523162842e-01 7.999999523162842e-01
xras   = -9.999999403953552e-01 0.000000000000000e+00 0.000000000000000e+00
yras   = 0.000000000000000e+00 0.000000000000000e+00 -9.999999403953552e-01
zras   = 0.000000000000000e+00 9.999999403953552e-01 0.000000000000000e+00
cras   = -9.204101562500000e-01 -5.445945739746094e+00 1.525806427001953e+01
