# transform file /out/sourcedata/freesurfer/sub-v2s11x28729_ses-1/mri/transforms/cc_up.lta
# created by oesteban on Wed Mar 11 00:30:59 2026

type      = 0 # LINEAR_VOX_TO_VOX
nxforms   = 1
mean      = 163.0000 160.0000 149.0000
sigma     = 10000.0000
1 4 4
9.978550076484680e-01 -5.733770877122879e-02 -3.158781677484512e-02 -2.167765808105469e+01 
5.730900168418884e-02 9.983548521995544e-01 -1.814157702028751e-03 -1.782207107543945e+01 
3.163987025618553e-02 1.164153218269348e-10 9.994993209838867e-01 -1.306316089630127e+01 
0.000000000000000e+00 0.000000000000000e+00 0.000000000000000e+00 1.000000000000000e+00 
src volume info
valid = 1  # volume info valid
filename = /out/sourcedata/freesurfer/sub-v2s11x28729_ses-1/mri/norm.mgz
volume = 320 320 320
voxelsize = 7.999999523162842e-01 7.999999523162842e-01 7.999999523162842e-01
xras   = -9.999999403953552e-01 0.000000000000000e+00 0.000000000000000e+00
yras   = 0.000000000000000e+00 0.000000000000000e+00 -9.999999403953552e-01
zras   = 0.000000000000000e+00 9.999999403953552e-01 0.000000000000000e+00
cras   = 5.132835388183594e+00 -9.077903747558594e+00 -1.137631225585938e+01
dst volume info
valid = 1  # volume info valid
filename = /out/sourcedata/freesurfer/sub-v2s11x28729_ses-1/mri/norm.mgz
volume = 320 320 320
voxelsize = 7.999999523162842e-01 7.999999523162842e-01 7.999999523162842e-01
xras   = -9.999999403953552e-01 0.000000000000000e+00 0.000000000000000e+00
yras   = 0.000000000000000e+00 0.000000000000000e+00 -9.999999403953552e-01
zras   = 0.000000000000000e+00 9.999999403953552e-01 0.000000000000000e+00
cras   = 5.132835388183594e+00 -9.077903747558594e+00 -1.137631225585938e+01
