# transform file transforms/talairach.lta
# created by oesteban on Tue Mar 10 22:22:29 2026

type      = 0 # LINEAR_VOX_TO_VOX
nxforms   = 1
mean      = 164.0000 163.0000 149.0000
sigma     = 10000.0000
1 4 4
8.447778224945068e-01 -6.104147806763649e-02 -2.475491352379322e-02 4.176154732704163e-01 
5.378955230116844e-02 9.127330780029297e-01 2.052986621856689e-01 -6.277373123168945e+01 
1.149172056466341e-02 -1.998901665210724e-01 7.592236995697021e-01 2.832429695129395e+01 
0.000000000000000e+00 0.000000000000000e+00 0.000000000000000e+00 1.000000000000000e+00 
src volume info
valid = 1  # volume info valid
filename = nu.mgz
volume = 320 320 320
voxelsize = 7.999999523162842e-01 7.999999523162842e-01 7.999999523162842e-01
xras   = -9.999999403953552e-01 0.000000000000000e+00 0.000000000000000e+00
yras   = 0.000000000000000e+00 0.000000000000000e+00 -9.999999403953552e-01
zras   = 0.000000000000000e+00 9.999999403953552e-01 0.000000000000000e+00
cras   = 5.132835388183594e+00 -9.077903747558594e+00 -1.137631225585938e+01
dst volume info
valid = 1  # volume info valid
filename = /opt/freesurfer/average/RB_all_2020-01-02.gca
volume = 256 256 256
voxelsize = 1.000000000000000e+00 1.000000000000000e+00 1.000000000000000e+00
xras   = -1.000000000000000e+00 0.000000000000000e+00 0.000000000000000e+00
yras   = 0.000000000000000e+00 0.000000000000000e+00 -1.000000000000000e+00
zras   = 0.000000000000000e+00 1.000000000000000e+00 0.000000000000000e+00
cras   = 0.000000000000000e+00 0.000000000000000e+00 0.000000000000000e+00
