# transform file /out/sourcedata/freesurfer/sub-v2s11x28709_ses-1/mri/transforms/cc_up.lta
# created by oesteban on Tue Mar 10 23:34:32 2026

type      = 0 # LINEAR_VOX_TO_VOX
nxforms   = 1
mean      = 158.0000 160.0000 149.0000
sigma     = 10000.0000
1 4 4
9.992792010307312e-01 2.671473473310471e-02 -2.696934901177883e-02 -3.178354072570801e+01 
-2.670501172542572e-02 9.996430277824402e-01 7.207363378256559e-04 -8.780248641967773e+00 
2.697897702455521e-02 -5.820766091346741e-11 9.996359348297119e-01 -1.426246166229248e+01 
0.000000000000000e+00 0.000000000000000e+00 0.000000000000000e+00 1.000000000000000e+00 
src volume info
valid = 1  # volume info valid
filename = /out/sourcedata/freesurfer/sub-v2s11x28709_ses-1/mri/norm.mgz
volume = 320 320 320
voxelsize = 7.999999523162842e-01 7.999999523162842e-01 7.999999523162842e-01
xras   = -9.999999403953552e-01 0.000000000000000e+00 0.000000000000000e+00
yras   = 0.000000000000000e+00 0.000000000000000e+00 -9.999999403953552e-01
zras   = 0.000000000000000e+00 9.999999403953552e-01 0.000000000000000e+00
cras   = -9.204101562500000e-01 2.862113952636719e+00 1.344725036621094e+01
dst volume info
valid = 1  # volume info valid
filename = /out/sourcedata/freesurfer/sub-v2s11x28709_ses-1/mri/norm.mgz
volume = 320 320 320
voxelsize = 7.999999523162842e-01 7.999999523162842e-01 7.999999523162842e-01
xras   = -9.999999403953552e-01 0.000000000000000e+00 0.000000000000000e+00
yras   = 0.000000000000000e+00 0.000000000000000e+00 -9.999999403953552e-01
zras   = 0.000000000000000e+00 9.999999403953552e-01 0.000000000000000e+00
cras   = -9.204101562500000e-01 2.862113952636719e+00 1.344725036621094e+01
