# transform file transforms/talairach.lta
# created by oesteban on Tue Mar 10 21:18:09 2026

type      = 0 # LINEAR_VOX_TO_VOX
nxforms   = 1
mean      = 158.0000 161.0000 149.0000
sigma     = 10000.0000
1 4 4
8.213730454444885e-01 6.008473038673401e-02 -5.323002114892006e-02 -6.033123970031738e+00 
-5.344522744417191e-02 8.935163617134094e-01 1.582056432962418e-01 -3.900788497924805e+01 
9.622327983379364e-02 -1.584065854549408e-01 7.612665891647339e-01 8.698584556579590e+00 
0.000000000000000e+00 0.000000000000000e+00 0.000000000000000e+00 1.000000000000000e+00 
src volume info
valid = 1  # volume info valid
filename = nu.mgz
volume = 320 320 320
voxelsize = 7.999999523162842e-01 7.999999523162842e-01 7.999999523162842e-01
xras   = -9.999999403953552e-01 0.000000000000000e+00 0.000000000000000e+00
yras   = 0.000000000000000e+00 0.000000000000000e+00 -9.999999403953552e-01
zras   = 0.000000000000000e+00 9.999999403953552e-01 0.000000000000000e+00
cras   = -9.204101562500000e-01 2.862113952636719e+00 1.344725036621094e+01
dst volume info
valid = 1  # volume info valid
filename = /opt/freesurfer/average/RB_all_2020-01-02.gca
volume = 256 256 256
voxelsize = 1.000000000000000e+00 1.000000000000000e+00 1.000000000000000e+00
xras   = -1.000000000000000e+00 0.000000000000000e+00 0.000000000000000e+00
yras   = 0.000000000000000e+00 0.000000000000000e+00 -1.000000000000000e+00
zras   = 0.000000000000000e+00 1.000000000000000e+00 0.000000000000000e+00
cras   = 0.000000000000000e+00 0.000000000000000e+00 0.000000000000000e+00
