#Insight Transform File V1.0
#Transform 0
Transform: AffineTransform_float_3_3
Parameters: 0.999999 -0.00172905 -0.000357969 0.00172795 0.999995 -0.00291062 0.000363031 0.00291038 0.999995 0.0675948 0.130673 0.143433
FixedParameters: 0 0 0

#Transform 1
Transform: AffineTransform_float_3_3
Parameters: 0.999999 -0.00138392 -0.000325104 0.00138308 0.999995 -0.00281645 0.000328897 0.00281655 0.999996 0.0613268 0.161054 0.0589207
FixedParameters: 0 0 0

#Transform 2
Transform: AffineTransform_float_3_3
Parameters: 0.999999 -0.00125696 1.73687e-05 0.00125704 0.999995 -0.00267998 -1.46312e-05 0.00268002 0.999997 0.0244474 0.153272 0.0685635
FixedParameters: 0 0 0

#Transform 3
Transform: AffineTransform_float_3_3
Parameters: 0.999999 -0.000903349 -0.000198415 0.000903651 0.999998 -0.00175518 0.000199586 0.00175482 0.999999 0.0178282 0.10743 0.11209
FixedParameters: 0 0 0

#Transform 4
Transform: AffineTransform_float_3_3
Parameters: 0.999999 -0.000691257 -0.000431587 0.000690742 0.999999 -0.000597298 0.000431412 0.000596702 0.999999 0.013004 0.0756431 0.162795
FixedParameters: 0 0 0

#Transform 5
Transform: AffineTransform_float_3_3
Parameters: 0.999999 -0.000792354 -0.000419331 0.000792646 1 -0.000844333 0.000419669 0.000844668 0.999999 0.0109556 0.0659115 0.170709
FixedParameters: 0 0 0

#Transform 6
Transform: AffineTransform_float_3_3
Parameters: 1 -0.000722481 -0.000701505 0.000722519 0.999999 -0.000685507 0.000702496 0.000685492 0.999999 0.0236704 0.0912258 0.163164
FixedParameters: 0 0 0

#Transform 7
Transform: AffineTransform_float_3_3
Parameters: 1 -0.000876558 -0.000491006 0.000875442 0.999999 -0.00113543 0.000491994 0.00113457 0.999999 0.0287543 0.138945 0.0906394
FixedParameters: 0 0 0

#Transform 8
Transform: AffineTransform_float_3_3
Parameters: 1 -0.00107194 0.00051222 0.00107306 0.999998 -0.00206945 -0.00050978 0.00207055 0.999997 0.0263395 0.153204 -0.0591492
FixedParameters: 0 0 0

#Transform 9
Transform: AffineTransform_float_3_3
Parameters: 0.999999 -0.00105192 0.000884479 0.00105408 0.999996 -0.00235407 -0.000881521 0.00235493 0.999997 0.0213958 0.0952953 -0.107944
FixedParameters: 0 0 0

#Transform 10
Transform: AffineTransform_float_3_3
Parameters: 0.999999 -0.00112846 0.00110759 0.00113054 0.999996 -0.00229275 -0.00110441 0.00229425 0.999997 0.0151435 0.0897245 -0.116911
FixedParameters: 0 0 0

#Transform 11
Transform: AffineTransform_float_3_3
Parameters: 0.999999 -0.00105657 0.000758991 0.00105843 0.999997 -0.0018822 -0.000757009 0.0018828 0.999998 0.0383424 0.0636473 -0.0496436
FixedParameters: 0 0 0

#Transform 12
Transform: AffineTransform_float_3_3
Parameters: 0.999999 -0.00104893 0.00070459 0.00105007 0.999999 -0.00151526 -0.000702409 0.00151574 0.999998 0.0286722 0.0599053 0.0212779
FixedParameters: 0 0 0

#Transform 13
Transform: AffineTransform_float_3_3
Parameters: 0.999999 -0.000834297 0.000491195 0.000834701 0.999998 -0.00143159 -0.000489806 0.00143141 0.999999 0.0417941 0.0676235 0.0257909
FixedParameters: 0 0 0

#Transform 14
Transform: AffineTransform_float_3_3
Parameters: 0.999999 -0.000895656 0.000240283 0.000895342 0.999998 -0.00143178 -0.000238718 0.00143221 0.999999 0.044018 0.100113 0.00976736
FixedParameters: 0 0 0

#Transform 15
Transform: AffineTransform_float_3_3
Parameters: 0.999999 -0.000867795 0.000143243 0.000868203 0.999998 -0.00143188 -0.000141757 0.00143212 0.999999 0.0552859 0.11709 -0.0395761
FixedParameters: 0 0 0

#Transform 16
Transform: AffineTransform_float_3_3
Parameters: 0.999999 -0.000779607 0.000248238 0.000780394 0.999999 -0.00158781 -0.000247761 0.00158819 0.999998 0.0392929 0.137443 -0.0764786
FixedParameters: 0 0 0

#Transform 17
Transform: AffineTransform_float_3_3
Parameters: 0.999999 -0.00087671 -0.000495745 0.000875288 0.999998 -0.00143243 0.000497253 0.00143156 0.999999 0.03929 0.0914118 -0.0597625
FixedParameters: 0 0 0

#Transform 18
Transform: AffineTransform_float_3_3
Parameters: 0.999999 0.000847479 -0.000496181 -0.00084752 0.999999 0.000966422 0.000496819 -0.00096558 1 -0.0144488 -0.0273337 0.0751164
FixedParameters: 0 0 0

#Transform 19
Transform: AffineTransform_float_3_3
Parameters: 1 9.20142e-05 0.000193993 -9.19858e-05 1 -7.30178e-05 -0.000194007 7.29821e-05 1 -0.000876632 -0.0523581 -0.0210412
FixedParameters: 0 0 0

#Transform 20
Transform: AffineTransform_float_3_3
Parameters: 1 0.000217158 0.000549937 -0.000217842 1 -0.00028712 -0.000550062 0.000286881 1 -0.0267313 0.0060297 0.0124378
FixedParameters: 0 0 0

#Transform 21
Transform: AffineTransform_float_3_3
Parameters: 1 0.00021685 0.000258126 -0.00021715 1 0.000580944 -0.000257874 -0.000581056 1 -0.00508449 -0.0188217 0.0620006
FixedParameters: 0 0 0

#Transform 22
Transform: AffineTransform_float_3_3
Parameters: 1 0.000217707 -0.000496691 -0.000217292 0.999999 0.00142311 0.00049731 -0.00142289 0.999999 0.0234492 0.0132264 0.0385367
FixedParameters: 0 0 0

#Transform 23
Transform: AffineTransform_float_3_3
Parameters: 1 -0.000189917 -0.000357044 0.000190083 1 0.000232932 0.000357956 -0.000233068 1 0.046512 0.0396133 -0.0392253
FixedParameters: 0 0 0

#Transform 24
Transform: AffineTransform_float_3_3
Parameters: 1 0.000216968 2.82478e-05 -0.000217032 1 0.00114199 -2.77522e-05 -0.00114201 1 0.0261434 0.0180299 -0.051771
FixedParameters: 0 0 0

#Transform 25
Transform: AffineTransform_float_3_3
Parameters: 1 -0.000208279 0.000243762 0.000207721 1 0.00114205 -0.000244237 -0.00114195 1 0.0426613 -0.0439122 -0.0631227
FixedParameters: 0 0 0

#Transform 26
Transform: AffineTransform_float_3_3
Parameters: 0.999999 -0.000209029 0.000900761 0.000207971 1 0.00114219 -0.000901238 -0.00114181 0.999999 0.017836 -0.0625044 -0.0351486
FixedParameters: 0 0 0

#Transform 27
Transform: AffineTransform_float_3_3
Parameters: 1 -2.96589e-05 0.000576967 2.9341e-05 1 0.00114202 -0.000577034 -0.00114198 0.999999 0.0274672 -0.0626429 -0.0218646
FixedParameters: 0 0 0

#Transform 28
Transform: AffineTransform_float_3_3
Parameters: 1 -0.000208036 2.77327e-05 0.000207965 0.999999 0.00128501 -2.72673e-05 -0.00128499 0.999999 0.0508756 -0.0443167 -0.0154254
FixedParameters: 0 0 0

#Transform 29
Transform: AffineTransform_float_3_3
Parameters: 1 -0.000208498 0.000442766 0.000207502 1 0.00112409 -0.000443234 -0.00112391 1 0.0351716 -0.041555 -0.00613998
FixedParameters: 0 0 0

#Transform 30
Transform: AffineTransform_float_3_3
Parameters: 1 -0.000208403 0.000427804 0.000207597 0.999999 0.000942089 -0.000428196 -0.000941911 1 0.0357152 0.00451263 -0.032812
FixedParameters: 0 0 0

#Transform 31
Transform: AffineTransform_float_3_3
Parameters: 1 -0.000503215 0.000368705 0.000502784 0.999999 0.000585185 -0.000369294 -0.000584814 1 0.0609621 0.0227178 -0.0628214
FixedParameters: 0 0 0

#Transform 32
Transform: AffineTransform_float_3_3
Parameters: 1 -0.000475175 0.000368774 0.000475824 1 0.000475175 -0.000369226 -0.000474824 1 0.0524727 0.0396283 -0.0741028
FixedParameters: 0 0 0

#Transform 33
Transform: AffineTransform_float_3_3
Parameters: 1 -0.000208662 0.000646787 0.000207338 1 0.00102414 -0.000646213 -0.00102387 1 0.0200957 -0.0314343 -0.0241589
FixedParameters: 0 0 0

#Transform 34
Transform: AffineTransform_float_3_3
Parameters: 0.999999 -0.000405458 0.000826776 0.000404541 1 0.000554335 -0.000827224 -0.000553665 1 0.0209389 -0.0355901 -0.0111789
FixedParameters: 0 0 0

#Transform 35
Transform: AffineTransform_float_3_3
Parameters: 0.999998 -0.00117616 0.00121684 0.00117584 1 0.000135431 -0.00121716 -0.000133569 1 0.00244099 -0.0190886 -0.0509855
FixedParameters: 0 0 0

#Transform 36
Transform: AffineTransform_float_3_3
Parameters: 0.999999 -0.000623468 0.00120528 0.000623532 0.999999 -0.000441249 -0.00120473 0.000441751 0.999999 -0.0139026 0.00223415 -0.0320185
FixedParameters: 0 0 0

#Transform 37
Transform: AffineTransform_float_3_3
Parameters: 0.999999 -0.000623359 0.00120533 0.00062364 0.999999 -0.000531249 -0.00120467 0.000531751 0.999999 -0.0139519 0.0370718 -0.0466249
FixedParameters: 0 0 0

#Transform 38
Transform: AffineTransform_float_3_3
Parameters: 1 -0.000744848 0.000773147 0.000745152 0.999999 -0.000196424 -0.000773853 0.000197576 0.999999 0.00398858 0.0763981 -0.101621
FixedParameters: 0 0 0

#Transform 39
Transform: AffineTransform_float_3_3
Parameters: 1 -0.000685836 0.000761148 0.000686164 0.999999 -0.000215478 -0.000760852 0.000215522 0.999999 0.00370705 0.0771087 -0.100544
FixedParameters: 0 0 0

#Transform 40
Transform: AffineTransform_float_3_3
Parameters: 0.999999 -0.000623676 0.00105519 0.000623325 1 -0.000307343 -0.00105481 0.000307658 1 -0.00825994 0.0546494 -0.116827
FixedParameters: 0 0 0

#Transform 41
Transform: AffineTransform_float_3_3
Parameters: 1 -0.000624357 0.000900752 0.000623642 0.999999 0.000397562 -0.000900247 -0.000396438 0.999999 -0.00740141 -0.03346 -0.106742
FixedParameters: 0 0 0

#Transform 42
Transform: AffineTransform_float_3_3
Parameters: 0.999999 -0.000717242 0.00124686 0.000716757 0.999999 0.000194894 -0.00124714 -0.000194106 0.999999 -0.0249738 -0.0257944 -0.059027
FixedParameters: 0 0 0

#Transform 43
Transform: AffineTransform_float_3_3
Parameters: 0.999999 -0.000624061 0.00105796 0.000623939 1 5.76602e-05 -0.00105804 -5.73398e-05 1 -0.0292498 -0.020617 -0.0774362
FixedParameters: 0 0 0

#Transform 44
Transform: AffineTransform_float_3_3
Parameters: 0.999999 -0.000624646 0.00105762 0.000623353 0.999999 0.00061166 -0.00105838 -0.000610339 1 -0.00828083 -0.041509 -0.0283929
FixedParameters: 0 0 0

#Transform 45
Transform: AffineTransform_float_3_3
Parameters: 0.999999 -0.000572193 0.00126191 0.000571808 1 0.000152722 -0.00126109 -0.000152279 0.999999 -0.0168189 0.00523172 -0.0535765
FixedParameters: 0 0 0

#Transform 46
Transform: AffineTransform_float_3_3
Parameters: 0.999999 -0.000569191 0.00170627 0.00056981 0.999999 -0.000474029 -0.00170573 0.000474972 0.999999 -0.0141078 0.0275862 -0.134535
FixedParameters: 0 0 0

#Transform 47
Transform: AffineTransform_float_3_3
Parameters: 0.999999 -0.000542137 0.00145432 0.000542863 0.999999 -0.000593211 -0.00145368 0.000593788 0.999999 -0.0156974 0.0598703 -0.155852
FixedParameters: 0 0 0

#Transform 48
Transform: AffineTransform_float_3_3
Parameters: 0.999999 -0.000623295 0.00118837 0.000623706 0.999999 -0.000593259 -0.00118863 0.000593741 0.999999 -0.00857215 0.0599153 -0.141751
FixedParameters: 0 0 0

#Transform 49
Transform: AffineTransform_float_3_3
Parameters: 0.999999 -0.000623964 0.00118802 0.000624036 1 -3.02587e-05 -0.00118798 3.07413e-05 1 -0.0143054 -0.00280341 -0.114289
FixedParameters: 0 0 0

#Transform 50
Transform: AffineTransform_float_3_3
Parameters: 0.999999 -0.000370043 0.00118799 0.000369958 1 3.54395e-05 -0.00118801 -3.55604e-05 1 -0.0213294 -0.0271008 -0.110839
FixedParameters: 0 0 0

#Transform 51
Transform: AffineTransform_float_3_3
Parameters: 0.999999 -0.000482322 0.00118787 0.000482678 1 0.000271574 -0.00118813 -0.000270427 1 -0.0173893 -0.0519139 -0.10701
FixedParameters: 0 0 0

#Transform 52
Transform: AffineTransform_float_3_3
Parameters: 0.999999 -0.000413756 0.00134677 0.000413244 1 0.000561557 -0.00134723 -0.000561443 0.999999 -0.0291258 -0.0359998 -0.10887
FixedParameters: 0 0 0

#Transform 53
Transform: AffineTransform_float_3_3
Parameters: 0.999999 -0.000624469 0.00130478 0.000623531 0.999999 0.000359814 -0.00130422 -0.000359186 0.999999 -0.0207575 -0.0425529 -0.0971864
FixedParameters: 0 0 0

#Transform 54
Transform: AffineTransform_float_3_3
Parameters: 0.999999 -0.000674482 0.00124274 0.000674517 0.999999 0.000388839 -0.00124326 -0.000387162 0.999999 -0.0188384 0.0278907 -0.121738
FixedParameters: 0 0 0

#Transform 55
Transform: AffineTransform_float_3_3
Parameters: 0.999999 -0.000623643 0.00131517 0.000623356 1 -0.00027018 -0.00131483 0.00027182 0.999999 -0.0215746 0.0526279 -0.152722
FixedParameters: 0 0 0

#Transform 56
Transform: AffineTransform_float_3_3
Parameters: 0.999999 -0.000691656 0.0011652 0.000691344 0.999999 -0.000295195 -0.0011658 0.000295807 1 -0.0142387 0.0635858 -0.167819
FixedParameters: 0 0 0

#Transform 57
Transform: AffineTransform_float_3_3
Parameters: 1 -0.000702088 0.00088193 0.000701912 0.999999 9.9619e-05 -0.00088207 -9.93807e-05 0.999999 -0.0097326 -0.00940608 -0.157831
FixedParameters: 0 0 0

#Transform 58
Transform: AffineTransform_float_3_3
Parameters: 1 -0.000624482 0.000864652 0.000623517 0.999999 0.00055854 -0.000865349 -0.00055746 1 -0.00755931 -0.0633542 -0.135178
FixedParameters: 0 0 0

#Transform 59
Transform: AffineTransform_float_3_3
Parameters: 1 -0.000434374 0.00095083 0.000433627 1 0.000392412 -0.00095117 -0.000392587 0.999999 -0.0153572 -0.0505277 -0.127265
FixedParameters: 0 0 0

#Transform 60
Transform: AffineTransform_float_3_3
Parameters: 1 -0.000425764 0.000983102 0.000426236 1 -0.000239581 -0.000982898 0.000240418 0.999999 -0.00497323 -0.026582 -0.165556
FixedParameters: 0 0 0

#Transform 61
Transform: AffineTransform_float_3_3
Parameters: 1 -0.000622453 0.00102694 0.000623548 0.999998 -0.00150736 -0.00102606 0.00150764 0.999999 -0.00361397 0.0462353 -0.194125
FixedParameters: 0 0 0

#Transform 62
Transform: AffineTransform_float_3_3
Parameters: 0.999998 -0.000620618 0.00149441 0.000623384 0.999997 -0.00226407 -0.00149359 0.00226493 0.999997 -0.0204084 0.108837 -0.26406
FixedParameters: 0 0 0

#Transform 63
Transform: AffineTransform_float_3_3
Parameters: 0.999999 -0.000772113 0.00111431 0.000773887 0.999999 -0.00169414 -0.00111269 0.00169486 0.999998 -0.0267687 0.163761 -0.310808
FixedParameters: 0 0 0

#Transform 64
Transform: AffineTransform_float_3_3
Parameters: 0.999998 -0.000617341 0.00179131 0.000623659 0.999993 -0.00371989 -0.00178869 0.00372011 0.999992 -0.0171553 0.202465 -0.562426
FixedParameters: 0 0 0

#Transform 65
Transform: AffineTransform_float_3_3
Parameters: 0.999998 -0.000612536 0.00216528 0.000623465 0.999986 -0.00529866 -0.00216173 0.00529933 0.999983 -0.0313948 0.138829 -0.657567
FixedParameters: 0 0 0

#Transform 66
Transform: AffineTransform_float_3_3
Parameters: 0.999997 -0.000413364 0.0023261 0.000425636 0.999988 -0.00500402 -0.0023239 0.00500498 0.999985 -0.0403556 0.197595 -0.561224
FixedParameters: 0 0 0

#Transform 67
Transform: AffineTransform_float_3_3
Parameters: 0.999997 -0.000430125 0.00210583 0.000438876 0.999991 -0.00421609 -0.00210417 0.00421691 0.999989 -0.031633 0.190517 -0.47298
FixedParameters: 0 0 0

#Transform 68
Transform: AffineTransform_float_3_3
Parameters: 0.999999 -0.000617895 0.00170822 0.000624109 0.999994 -0.00357594 -0.00170678 0.00357706 0.999992 -0.0136147 0.16779 -0.406611
FixedParameters: 0 0 0

#Transform 69
Transform: AffineTransform_float_3_3
Parameters: 0.999998 -0.000339415 0.00190319 0.000345586 0.999994 -0.00346135 -0.00190182 0.00346165 0.999992 -0.0250549 0.173085 -0.418771
FixedParameters: 0 0 0

#Transform 70
Transform: AffineTransform_float_3_3
Parameters: 0.999998 -0.000302463 0.00158507 0.000308536 0.999994 -0.00349351 -0.00158393 0.00349448 0.999992 -0.0137373 0.197413 -0.40233
FixedParameters: 0 0 0

#Transform 71
Transform: AffineTransform_float_3_3
Parameters: 0.999998 -0.000424111 0.00197849 0.000430888 0.999994 -0.00348315 -0.00197651 0.00348384 0.999992 -0.0266962 0.197288 -0.437821
FixedParameters: 0 0 0

#Transform 72
Transform: AffineTransform_float_3_3
Parameters: 0.999999 -0.000404251 0.00178132 0.000410751 0.999994 -0.00322827 -0.00178068 0.00322872 0.999993 -0.0196634 0.187678 -0.450797
FixedParameters: 0 0 0

#Transform 73
Transform: AffineTransform_float_3_3
Parameters: 0.999998 -0.000618056 0.00178207 0.000623944 0.999994 -0.00333689 -0.00177993 0.00333811 0.999993 -0.0165013 0.174374 -0.452292
FixedParameters: 0 0 0

#Transform 74
Transform: AffineTransform_float_3_3
Parameters: 0.999999 -0.000618859 0.00167591 0.000623142 0.999995 -0.00306896 -0.0016741 0.00307004 0.999994 -0.0124261 0.116456 -0.448531
FixedParameters: 0 0 0

#Transform 75
Transform: AffineTransform_float_3_3
Parameters: 0.999998 -0.000619164 0.00178169 0.000623837 0.999996 -0.00271489 -0.00178031 0.00271611 0.999994 -0.0272775 0.0623909 -0.421979
FixedParameters: 0 0 0

#Transform 76
Transform: AffineTransform_float_3_3
Parameters: 0.999999 -0.000553421 0.00178143 0.00055758 0.999996 -0.00257101 -0.00178057 0.00257199 0.999995 -0.0292793 0.0657955 -0.397687
FixedParameters: 0 0 0

#Transform 77
Transform: AffineTransform_float_3_3
Parameters: 0.999999 -0.000303475 0.00137078 0.000306525 0.999996 -0.00257158 -0.00137022 0.00257242 0.999996 -0.0165154 0.0724435 -0.381533
FixedParameters: 0 0 0

#Transform 78
Transform: AffineTransform_float_3_3
Parameters: 0.999999 -0.000407834 0.0014369 0.000411167 0.999998 -0.00220441 -0.0014361 0.00220459 0.999997 -0.0301261 0.0584721 -0.355129
FixedParameters: 0 0 0

#Transform 79
Transform: AffineTransform_float_3_3
Parameters: 0.999999 -0.000322802 0.0013038 0.000326199 0.999997 -0.00245358 -0.0013032 0.00245342 0.999996 -0.0118813 0.137536 -0.381228
FixedParameters: 0 0 0

#Transform 80
Transform: AffineTransform_float_3_3
Parameters: 0.999999 -0.000338187 0.00137095 0.000341813 0.999996 -0.00278153 -0.00137005 0.00278247 0.999995 -0.0101233 0.150002 -0.402663
FixedParameters: 0 0 0

#Transform 81
Transform: AffineTransform_float_3_3
Parameters: 0.999999 -0.000250348 0.00126673 0.000253653 0.999996 -0.00288368 -0.00126627 0.00288432 0.999995 -0.0101071 0.176775 -0.418939
FixedParameters: 0 0 0

#Transform 82
Transform: AffineTransform_float_3_3
Parameters: 0.999999 -8.9567e-05 0.00174123 9.34322e-05 0.999997 -0.00254584 -0.00174077 0.00254616 0.999995 -0.0339357 0.100362 -0.396831
FixedParameters: 0 0 0

#Transform 83
Transform: AffineTransform_float_3_3
Parameters: 0.999999 -9.17884e-05 0.00137022 9.5211e-05 0.999997 -0.00234387 -0.00136978 0.00234413 0.999997 -0.0288352 0.0626428 -0.391023
FixedParameters: 0 0 0

#Transform 84
Transform: AffineTransform_float_3_3
Parameters: 0.999999 0.00012234 0.00136979 -0.000119661 0.999998 -0.00170716 -0.00137021 0.00170783 0.999997 -0.0311918 0.0422964 -0.357701
FixedParameters: 0 0 0

#Transform 85
Transform: AffineTransform_float_3_3
Parameters: 0.999999 -0.00015001 0.00137022 0.00015199 0.999999 -0.00145279 -0.00136978 0.00145221 0.999998 -0.0307559 0.0328016 -0.34009
FixedParameters: 0 0 0

#Transform 86
Transform: AffineTransform_float_3_3
Parameters: 1 -0.000161527 0.00105723 0.000162472 0.999999 -0.00139283 -0.00105677 0.00139317 0.999998 -0.018579 0.0377812 -0.327181
FixedParameters: 0 0 0

#Transform 87
Transform: AffineTransform_float_3_3
Parameters: 0.999999 -0.000172441 0.000872309 0.000173559 0.999999 -0.00178785 -0.000871691 0.00178715 0.999998 -0.0161876 0.082891 -0.33272
FixedParameters: 0 0 0

#Transform 88
Transform: AffineTransform_float_3_3
Parameters: 0.999999 -0.00012023 0.000915234 0.00012177 0.999998 -0.00193489 -0.000914766 0.00193411 0.999997 -0.00972795 0.119684 -0.36808
FixedParameters: 0 0 0

#Transform 89
Transform: AffineTransform_float_3_3
Parameters: 1 -8.64696e-05 0.00117319 8.85299e-05 0.999997 -0.0021569 -0.00117281 0.0021571 0.999997 -0.023054 0.127717 -0.371576
FixedParameters: 0 0 0

#Transform 90
Transform: AffineTransform_float_3_3
Parameters: 1 -0.000129789 0.00114714 0.000131211 0.999999 -0.00105585 -0.00114686 0.00105615 0.999999 -0.0246896 0.0541486 -0.290823
FixedParameters: 0 0 0

#Transform 91
Transform: AffineTransform_float_3_3
Parameters: 0.999999 -4.92647e-05 0.00091104 4.97351e-05 0.999999 -0.000806955 -0.00091096 0.000807045 1 -0.0216156 0.0269047 -0.258433
FixedParameters: 0 0 0

#Transform 92
Transform: AffineTransform_float_3_3
Parameters: 1 0.000281689 0.000898785 -0.000281311 0.999999 -0.000766253 -0.000899217 0.000766747 1 -0.0218568 0.0330032 -0.212382
FixedParameters: 0 0 0

#Transform 93
Transform: AffineTransform_float_3_3
Parameters: 1 0.000546172 0.000154392 -0.000545828 0.999999 -0.00111409 -0.000154608 0.00111392 1 -0.0173505 0.0925482 -0.0587033
FixedParameters: 0 0 0

#Transform 94
Transform: AffineTransform_float_3_3
Parameters: 1 0.000538782 0.000417995 -0.000538219 0.999998 -0.00186723 -0.000419006 0.00186778 0.999998 -0.0355226 0.12697 -0.0528797
FixedParameters: 0 0 0

#Transform 95
Transform: AffineTransform_float_3_3
Parameters: 1 0.000318825 0.000435397 -0.000318176 0.999998 -0.00189314 -0.000435603 0.00189286 0.999998 -0.026879 0.141564 -0.0964832
FixedParameters: 0 0 0

#Transform 96
Transform: AffineTransform_float_3_3
Parameters: 1 0.000132011 0.000685806 -0.000130989 0.999999 -0.00147409 -0.000686193 0.00147391 0.999998 -0.031458 0.106741 -0.180383
FixedParameters: 0 0 0

#Transform 97
Transform: AffineTransform_float_3_3
Parameters: 0.999999 9.23843e-05 0.000851851 -9.06153e-05 0.999998 -0.00162508 -0.000852148 0.00162492 0.999999 -0.0371741 0.119725 -0.245029
FixedParameters: 0 0 0

#Transform 98
Transform: AffineTransform_float_3_3
Parameters: 0.999999 0.0001256 0.000781904 -0.0001244 0.999999 -0.000768098 -0.000781096 0.000767902 1 -0.0349484 0.0521397 -0.209656
FixedParameters: 0 0 0

#Transform 99
Transform: AffineTransform_float_3_3
Parameters: 1 -0.000231747 0.000477123 0.000232253 1 -0.000530889 -0.000476877 0.00053111 0.999999 -0.0182156 0.0348655 -0.152216
FixedParameters: 0 0 0

#Transform 100
Transform: AffineTransform_float_3_3
Parameters: 1 0.000125145 0.000178899 -0.000124855 0.999999 -0.000809022 -0.000179101 0.000808977 0.999999 0.00536997 0.053583 -0.0943656
FixedParameters: 0 0 0

#Transform 101
Transform: AffineTransform_float_3_3
Parameters: 1 -7.43387e-05 0.000423117 7.5661e-05 0.999999 -0.00156297 -0.000422882 0.00156303 0.999998 0.000418132 0.111876 -0.114153
FixedParameters: 0 0 0

#Transform 102
Transform: AffineTransform_float_3_3
Parameters: 1 1.65913e-05 0.000379975 -1.54087e-05 0.999999 -0.00155601 -0.000380024 0.00155599 0.999998 -0.00156849 0.113176 -0.134298
FixedParameters: 0 0 0

#Transform 103
Transform: AffineTransform_float_3_3
Parameters: 1 0.000125438 0.000307822 -0.000124561 0.999999 -0.00142404 -0.000308178 0.00142396 0.999999 -0.000390293 0.112238 -0.1402
FixedParameters: 0 0 0

#Transform 104
Transform: AffineTransform_float_3_3
Parameters: 1 0.000125655 0.000499836 -0.000125346 0.999999 -0.00131006 -0.000499165 0.00130994 0.999999 -0.00759887 0.111303 -0.210484
FixedParameters: 0 0 0

#Transform 105
Transform: AffineTransform_float_3_3
Parameters: 1 0.000126014 0.000665808 -0.000124985 0.999999 -0.00152308 -0.000666191 0.00152292 0.999998 -0.0105608 0.121753 -0.263686
FixedParameters: 0 0 0

#Transform 106
Transform: AffineTransform_float_3_3
Parameters: 1 0.000126069 0.000626786 -0.00012493 0.999998 -0.00170608 -0.000627214 0.00170592 0.999999 -0.0124261 0.107632 -0.287722
FixedParameters: 0 0 0

#Transform 107
Transform: AffineTransform_float_3_3
Parameters: 0.999999 0.000125734 0.000702869 -0.000125267 1 -0.00104309 -0.000703131 0.00104391 0.999999 -0.0132259 0.0473035 -0.248695
FixedParameters: 0 0 0

#Transform 108
Transform: AffineTransform_float_3_3
Parameters: 0.999999 0.000125809 0.000817876 -0.000125191 0.999999 -0.000989102 -0.000818124 0.000988897 0.999999 -0.0196374 0.0482531 -0.222801
FixedParameters: 0 0 0

#Transform 109
Transform: AffineTransform_float_3_3
Parameters: 0.999999 0.000125674 0.000698879 -0.000125325 0.999999 -0.000965088 -0.000699121 0.000964912 1 -0.0151384 0.0475245 -0.200085
FixedParameters: 0 0 0

#Transform 110
Transform: AffineTransform_float_3_3
Parameters: 0.999999 0.00012583 0.000902885 -0.00012517 0.999999 -0.000919113 -0.000903115 0.000918887 0.999999 -0.0168488 0.0540839 -0.177493
FixedParameters: 0 0 0

#Transform 111
Transform: AffineTransform_float_3_3
Parameters: 1 0.000126045 0.00110488 -0.000124955 1 -0.000946139 -0.00110512 0.000945862 0.999999 -0.0304106 0.0735519 -0.214803
FixedParameters: 0 0 0

#Transform 112
Transform: AffineTransform_float_3_3
Parameters: 0.999999 0.00012626 0.00103485 -0.000124739 1 -0.00121813 -0.00103515 0.00121787 0.999998 -0.0278788 0.0918686 -0.250791
FixedParameters: 0 0 0

#Transform 113
Transform: AffineTransform_float_3_3
Parameters: 0.999999 4.44244e-05 0.00134092 -4.15754e-05 0.999999 -0.00180806 -0.00134108 0.00180794 0.999998 -0.0381501 0.133099 -0.274895
FixedParameters: 0 0 0

#Transform 114
Transform: AffineTransform_float_3_3
Parameters: 1 0.0001264 0.00121085 -0.0001246 1 -0.00115615 -0.00121114 0.00115585 0.999998 -0.0401456 0.0625811 -0.234601
FixedParameters: 0 0 0

#Transform 115
Transform: AffineTransform_float_3_3
Parameters: 0.999999 0.000125743 0.000817886 -0.000125256 0.999999 -0.000909103 -0.000818114 0.000908897 1 -0.026328 0.0376568 -0.197491
FixedParameters: 0 0 0

#Transform 116
Transform: AffineTransform_float_3_3
Parameters: 0.999999 0.00032865 0.000849749 -0.000327349 0.999999 -0.000765278 -0.000850251 0.000764721 1 -0.0307867 0.045335 -0.190995
FixedParameters: 0 0 0

#Transform 117
Transform: AffineTransform_float_3_3
Parameters: 0.999999 0.000125499 0.000801921 -0.000124501 1 -0.0006221 -0.000802077 0.000621899 0.999999 -0.0267419 0.0268518 -0.168343
FixedParameters: 0 0 0

#Transform 118
Transform: AffineTransform_float_3_3
Parameters: 0.999999 0.000390325 0.000591785 -0.000389675 1 -0.00054923 -0.000592214 0.000548769 0.999999 -0.0252481 0.0238305 -0.15794
FixedParameters: 0 0 0

#Transform 119
Transform: AffineTransform_float_3_3
Parameters: 1 0.000397516 0.000579647 -0.000396484 0.999999 -0.00089023 -0.000579353 0.00088977 1 -0.014578 0.0783441 -0.197188
FixedParameters: 0 0 0

#Transform 120
Transform: AffineTransform_float_3_3
Parameters: 0.999999 0.000125913 0.000758849 -0.000125087 1 -0.0012031 -0.000759151 0.00120291 0.999999 -0.0173811 0.0731952 -0.230184
FixedParameters: 0 0 0

#Transform 121
Transform: AffineTransform_float_3_3
Parameters: 0.999999 0.000126071 0.000758822 -0.000124929 0.999999 -0.00141109 -0.000759177 0.0014109 0.999998 -0.0174085 0.0811052 -0.267592
FixedParameters: 0 0 0

#Transform 122
Transform: AffineTransform_float_3_3
Parameters: 0.999999 0.00012582 0.000841878 -0.000125181 0.999999 -0.000974105 -0.000841122 0.000973894 0.999999 -0.0353609 0.0241497 -0.261245
FixedParameters: 0 0 0

#Transform 123
Transform: AffineTransform_float_3_3
Parameters: 0.999999 0.000125286 0.00071495 -0.000124714 1 -0.000400089 -0.00071505 0.00039991 0.999999 -0.029262 0.00916646 -0.21364
FixedParameters: 0 0 0

#Transform 124
Transform: AffineTransform_float_3_3
Parameters: 0.999999 0.000453339 0.000657766 -0.00045266 1 -0.000516298 -0.000658233 0.000515701 0.999999 -0.0291026 0.0198181 -0.195286
FixedParameters: 0 0 0

#Transform 125
Transform: AffineTransform_float_3_3
Parameters: 1 0.000549418 0.000987768 -0.000548582 1 -0.000423542 -0.000987233 0.000422458 1 -0.0459473 0.0222679 -0.165858
FixedParameters: 0 0 0

#Transform 126
Transform: AffineTransform_float_3_3
Parameters: 1 0.000558383 0.000911767 -0.000557618 1 -0.000419509 -0.000912235 0.000419491 1 -0.0431236 0.0548965 -0.182826
FixedParameters: 0 0 0

#Transform 127
Transform: AffineTransform_float_3_3
Parameters: 1 0.000329355 0.000535781 -0.000328645 0.999999 -0.000663176 -0.000535218 0.000662823 0.999999 -0.0213647 0.0642748 -0.231426
FixedParameters: 0 0 0

#Transform 128
Transform: AffineTransform_float_3_3
Parameters: 1 0.0002776 0.00053569 -0.000277402 1 -0.00111815 -0.000535311 0.00111885 0.999999 -0.0111243 0.081479 -0.270164
FixedParameters: 0 0 0

#Transform 129
Transform: AffineTransform_float_3_3
Parameters: 1 0.000357695 0.000535536 -0.000356306 0.999999 -0.00129719 -0.000535462 0.00129681 0.999999 -0.0272479 0.0881929 -0.277389
FixedParameters: 0 0 0

#Transform 130
Transform: AffineTransform_float_3_3
Parameters: 0.999999 0.000520193 0.000535812 -0.000520807 1 -0.000361279 -0.000535188 0.000360722 1 -0.0258947 0.0101794 -0.253215
FixedParameters: 0 0 0

#Transform 131
Transform: AffineTransform_float_3_3
Parameters: 0.999999 0.000660111 0.000535862 -0.000659888 1 -0.000208354 -0.000535137 0.000207647 1 -0.0330698 -0.0149016 -0.205903
FixedParameters: 0 0 0

#Transform 132
Transform: AffineTransform_float_3_3
Parameters: 0.999999 0.000763032 0.000535953 -0.000762967 0.999999 -6.14089e-05 -0.000536046 6.0591e-05 1 -0.0359919 -0.0246214 -0.165532
FixedParameters: 0 0 0

#Transform 133
Transform: AffineTransform_float_3_3
Parameters: 0.999999 0.000708317 0.00053558 -0.000707682 0.999999 -0.000592379 -0.000535419 0.000592621 0.999999 -0.0357316 0.0258955 -0.168866
FixedParameters: 0 0 0

#Transform 134
Transform: AffineTransform_float_3_3
Parameters: 0.999999 0.000125332 0.000970957 -0.000124668 1 -0.000342121 -0.000971043 0.000341879 1 -0.0345109 0.0268405 -0.169965
FixedParameters: 0 0 0

#Transform 135
Transform: AffineTransform_float_3_3
Parameters: 0.999999 0.000350496 0.000751768 -0.000350503 0.999999 -0.000660263 -0.000752231 0.000659736 0.999999 -0.024825 0.0616909 -0.221972
FixedParameters: 0 0 0

#Transform 136
Transform: AffineTransform_float_3_3
Parameters: 1 0.000125969 0.000964875 -0.000125031 0.999999 -0.00100412 -0.000965127 0.00100388 0.999999 -0.0283863 0.0737247 -0.279219
FixedParameters: 0 0 0

#Transform 137
Transform: AffineTransform_float_3_3
Parameters: 0.999999 0.000313621 0.00129161 -0.000312378 0.999999 -0.00125541 -0.00129239 0.0012546 0.999999 -0.0465579 0.0829333 -0.292069
FixedParameters: 0 0 0

#Transform 138
Transform: AffineTransform_float_3_3
Parameters: 1 0.000446795 0.00100365 -0.000446204 0.999999 -0.000792448 -0.00100435 0.000791552 0.999999 -0.0483884 0.0227118 -0.283687
FixedParameters: 0 0 0

#Transform 139
Transform: AffineTransform_float_3_3
Parameters: 1 0.000458607 0.000958711 -0.000458393 0.999999 -0.00063344 -0.000959291 0.00063256 1 -0.0430126 -0.004015 -0.273867
FixedParameters: 0 0 0

#Transform 140
Transform: AffineTransform_float_3_3
Parameters: 1 0.000384952 0.000536034 -0.000385048 1 8.97936e-05 -0.000535965 -8.92063e-05 1 -0.0369543 -0.0312351 -0.212133
FixedParameters: 0 0 0

#Transform 141
Transform: AffineTransform_float_3_3
Parameters: 1 0.000509097 0.00044789 -0.000508903 1 -0.000216228 -0.00044811 0.000215772 1 -0.0112499 0.0226999 -0.168983
FixedParameters: 0 0 0

#Transform 142
Transform: AffineTransform_float_3_3
Parameters: 0.999999 0.000583049 0.000535945 -0.00058295 1 -9.33124e-05 -0.000536054 9.26875e-05 1 -0.0262909 0.0335029 -0.160867
FixedParameters: 0 0 0

#Transform 143
Transform: AffineTransform_float_3_3
Parameters: 0.999999 0.000677243 0.000689761 -0.000676756 0.999999 -0.000352467 -0.000690238 0.000352532 0.999999 -0.0350526 0.0485739 -0.176419
FixedParameters: 0 0 0

#Transform 144
Transform: AffineTransform_float_3_3
Parameters: 0.999999 0.000498365 0.00053566 -0.000497635 0.999999 -0.000681266 -0.000535339 0.000680733 0.999999 -0.0176248 0.0709736 -0.228121
FixedParameters: 0 0 0

#Transform 145
Transform: AffineTransform_float_3_3
Parameters: 1 0.000406808 0.000948655 -0.000406193 0.999999 -0.000851386 -0.000948347 0.000851614 0.999999 -0.0459851 0.102499 -0.24758
FixedParameters: 0 0 0

#Transform 146
Transform: AffineTransform_float_3_3
Parameters: 1 0.000422105 0.00107457 -0.000420896 1 -0.00102845 -0.00107443 0.00102755 0.999999 -0.0499648 0.088966 -0.262465
FixedParameters: 0 0 0

#Transform 147
Transform: AffineTransform_float_3_3
Parameters: 1 0.000499817 0.00107462 -0.000499184 0.999999 -0.000759537 -0.00107438 0.000759463 0.999999 -0.0565541 0.0161052 -0.252906
FixedParameters: 0 0 0

#Transform 148
Transform: AffineTransform_float_3_3
Parameters: 1 0.000605171 0.0010179 -0.00060483 1 -0.000167616 -0.0010181 0.000167384 0.999999 -0.0588807 -0.0318515 -0.237744
FixedParameters: 0 0 0

#Transform 149
Transform: AffineTransform_float_3_3
Parameters: 0.999999 0.00076813 0.000621838 -0.000768869 0.999999 -0.000210478 -0.000622162 0.000210522 1 -0.0494473 -0.0137544 -0.238074
FixedParameters: 0 0 0

#Transform 150
Transform: AffineTransform_float_3_3
Parameters: 0.999999 0.000660034 0.00120398 -0.000659964 1 -2.97946e-05 -0.00120402 2.82053e-05 1 -0.0715529 -0.0219514 -0.218281
FixedParameters: 0 0 0

#Transform 151
Transform: AffineTransform_float_3_3
Parameters: 0.999999 0.000671017 0.00110899 -0.000670982 1 -1.67441e-05 -0.00110901 1.52558e-05 1 -0.0582234 0.0109014 -0.208064
FixedParameters: 0 0 0

#Transform 152
Transform: AffineTransform_float_3_3
Parameters: 0.999999 0.00036868 0.00129781 -0.000368321 1 -0.000523478 -0.00129819 0.000523522 0.999999 -0.0579985 0.0508309 -0.253365
FixedParameters: 0 0 0

#Transform 153
Transform: AffineTransform_float_3_3
Parameters: 0.999999 0.000125629 0.00139794 -0.000124372 1 -0.000449174 -0.00139806 0.000449825 0.999999 -0.0566386 0.0716398 -0.265838
FixedParameters: 0 0 0

#Transform 154
Transform: AffineTransform_float_3_3
Parameters: 1 -0.000137457 0.00103907 0.000138543 1 -0.000522856 -0.00103893 0.000523143 1 -0.0398727 0.0918063 -0.251104
FixedParameters: 0 0 0

#Transform 155
Transform: AffineTransform_float_3_3
Parameters: 1 0.000193358 0.00103893 -0.000192643 1 -0.0003442 -0.00103807 0.0003448 1 -0.0418552 0.0142726 -0.199266
FixedParameters: 0 0 0

#Transform 156
Transform: AffineTransform_float_3_3
Parameters: 1 0.000125037 0.001039 -0.000124963 1 -3.61299e-05 -0.00103901 3.58701e-05 1 -0.0436828 0.0071469 -0.182353
FixedParameters: 0 0 0

#Transform 157
Transform: AffineTransform_float_3_3
Parameters: 1 0.000124902 0.00113501 -0.000125099 1 8.68581e-05 -0.00113499 -8.61418e-05 1 -0.0496582 -0.0129353 -0.175471
FixedParameters: 0 0 0

#Transform 158
Transform: AffineTransform_float_3_3
Parameters: 0.999999 0.000124771 0.00091803 -0.000125228 1 0.000248885 -0.000917968 -0.000249115 0.999999 -0.0424376 -0.00364183 -0.150629
FixedParameters: 0 0 0

#Transform 159
Transform: AffineTransform_float_3_3
Parameters: 0.999999 0.000602968 0.00110002 -0.000603033 1 2.93367e-05 -0.00109998 -2.96633e-05 1 -0.054764 0.0355246 -0.146805
FixedParameters: 0 0 0

#Transform 160
Transform: AffineTransform_float_3_3
Parameters: 1 0.000571167 0.000993904 -0.000570834 1 -0.000167567 -0.000994096 0.000167432 0.999999 -0.0423121 0.0326575 -0.163465
FixedParameters: 0 0 0

#Transform 161
Transform: AffineTransform_float_3_3
Parameters: 1 0.000319242 0.00103793 -0.000318759 1 -0.000232331 -0.00103808 0.000232669 1 -0.0424101 0.0559766 -0.222068
FixedParameters: 0 0 0

#Transform 162
Transform: AffineTransform_float_3_3
Parameters: 1 0.000125686 0.00110892 -0.000125314 1 -0.000619139 -0.00110808 0.000618861 0.999999 -0.0374955 0.0817653 -0.271238
FixedParameters: 0 0 0

#Transform 163
Transform: AffineTransform_float_3_3
Parameters: 1 0.000126289 0.00115386 -0.000124711 1 -0.00111714 -0.00115414 0.00111686 0.999998 -0.0471411 0.107598 -0.295605
FixedParameters: 0 0 0

#Transform 164
Transform: AffineTransform_float_3_3
Parameters: 1 0.000296909 0.00116577 -0.00029609 0.999999 -0.000780345 -0.00116623 0.000779654 0.999999 -0.035303 0.0243964 -0.300972
FixedParameters: 0 0 0

#Transform 165
Transform: AffineTransform_float_3_3
Parameters: 0.999999 0.000125741 0.00140393 -0.000125259 1 -0.000528176 -0.00140307 0.000527824 0.999999 -0.057204 -0.00355717 -0.286666
FixedParameters: 0 0 0

#Transform 166
Transform: AffineTransform_float_3_3
Parameters: 0.999999 0.000125224 0.00144598 -0.000124776 1 -0.000155181 -0.00144602 0.000154819 0.999999 -0.0645683 -0.0205458 -0.268473
FixedParameters: 0 0 0

#Transform 167
Transform: AffineTransform_float_3_3
Parameters: 0.999999 0.000305832 0.00131904 -0.000306169 1 0.000127596 -0.00131896 -0.000127404 0.999999 -0.0569361 -0.0246229 -0.236303
FixedParameters: 0 0 0

#Transform 168
Transform: AffineTransform_float_3_3
Parameters: 0.999999 0.000313086 0.00119398 -0.000312914 1 -7.23737e-05 -0.00119402 7.16262e-05 1 -0.0594188 -0.00236924 -0.223462
FixedParameters: 0 0 0

#Transform 169
Transform: AffineTransform_float_3_3
Parameters: 0.999998 0.000449493 0.00156886 -0.000448507 1 -0.000314704 -0.00156914 0.000314295 0.999998 -0.0739802 0.037386 -0.218478
FixedParameters: 0 0 0

#Transform 170
Transform: AffineTransform_float_3_3
Parameters: 0.999999 0.000556838 0.00127107 -0.000557162 1 0.000127292 -0.00127093 -0.000127708 0.999999 -0.0673823 0.0305701 -0.184799
FixedParameters: 0 0 0

#Transform 171
Transform: AffineTransform_float_3_3
Parameters: 0.999999 0.000529165 0.00135694 -0.000528835 1 -0.000121718 -0.00135706 0.000121282 0.999999 -0.0721955 0.0719663 -0.213328
FixedParameters: 0 0 0

#Transform 172
Transform: AffineTransform_float_3_3
Parameters: 0.999999 0.000428223 0.00177219 -0.000428777 1 0.000438241 -0.00177181 -0.00043876 0.999999 -0.0862366 0.0214874 -0.205442
FixedParameters: 0 0 0

#Transform 173
Transform: AffineTransform_float_3_3
Parameters: 0.999999 0.000125296 0.00140797 -0.000124704 1 -0.000210176 -0.00140803 0.000209824 0.999999 -0.0647396 0.0388851 -0.254183
FixedParameters: 0 0 0

#Transform 174
Transform: AffineTransform_float_3_3
Parameters: 0.999999 0.000326502 0.00142388 -0.000326498 1 -0.000352465 -0.00142412 0.000352535 0.999999 -0.0749464 -0.00645269 -0.268251
FixedParameters: 0 0 0

#Transform 175
Transform: AffineTransform_float_3_3
Parameters: 0.999999 0.000491374 0.00135686 -0.000490627 1 -0.000275666 -0.00135614 0.000275334 0.999999 -0.0681557 -0.00511174 -0.258275
FixedParameters: 0 0 0

#Transform 176
Transform: AffineTransform_float_3_3
Parameters: 0.999999 0.000589732 0.00135712 -0.000590268 1 0.000197199 -0.00135688 -0.0001978 0.999999 -0.0755261 -0.0344209 -0.243396
FixedParameters: 0 0 0

#Transform 177
Transform: AffineTransform_float_3_3
Parameters: 0.999999 0.000745887 0.00111708 -0.000746113 0.999999 0.000101167 -0.00111692 -0.000101833 1 -0.0632153 -0.0238499 -0.203839
FixedParameters: 0 0 0

#Transform 178
Transform: AffineTransform_float_3_3
Parameters: 0.999999 0.000800711 0.00122519 -0.000800288 0.999999 0.00023502 -0.00122481 -0.000235981 0.999999 -0.0682991 0.00453187 -0.190423
FixedParameters: 0 0 0

#Transform 179
Transform: AffineTransform_float_3_3
Parameters: 0.999999 0.000697223 0.00116587 -0.000696777 0.999999 -0.000191813 -0.00116613 0.000191187 1 -0.0635298 0.0539414 -0.22819
FixedParameters: 0 0 0

#Transform 180
Transform: AffineTransform_float_3_3
Parameters: 0.999999 0.000585971 0.00116551 -0.00058503 1 -0.000832683 -0.00116549 0.000832318 0.999999 -0.0551248 0.0666173 -0.253839
FixedParameters: 0 0 0

#Transform 181
Transform: AffineTransform_float_3_3
Parameters: 0.999999 0.00065279 0.00116556 -0.00065221 0.999999 -0.000677761 -0.00116544 0.00067724 0.999999 -0.0631587 0.0890438 -0.262497
FixedParameters: 0 0 0

#Transform 182
Transform: AffineTransform_float_3_3
Parameters: 0.999999 0.000680834 0.00123054 -0.000680166 0.999999 -0.000677837 -0.00123146 0.000677162 0.999999 -0.0625685 0.0320001 -0.251667
FixedParameters: 0 0 0

#Transform 183
Transform: AffineTransform_float_3_3
Parameters: 0.999999 0.000658997 0.001081 -0.000659002 1 1.28762e-06 -0.001081 -2.71238e-06 1 -0.062113 -0.0119908 -0.230653
FixedParameters: 0 0 0

#Transform 184
Transform: AffineTransform_float_3_3
Parameters: 0.999999 0.000513205 0.00119034 -0.000513796 0.999999 0.000668389 -0.00118966 -0.000668611 0.999999 -0.0588772 -0.0392003 -0.207067
FixedParameters: 0 0 0

#Transform 185
Transform: AffineTransform_float_3_3
Parameters: 0.999999 0.000477167 0.00139828 -0.000477832 0.999999 0.000595332 -0.00139772 -0.000595667 0.999999 -0.0466714 -0.0365166 -0.328253
FixedParameters: 0 0 0

#Transform 186
Transform: AffineTransform_float_3_3
Parameters: 1 0.000125057 0.00120699 -0.000124943 1 -4.71509e-05 -0.00120701 4.68491e-05 1 -0.0341915 0.0301622 -0.234814
FixedParameters: 0 0 0

#Transform 187
Transform: AffineTransform_float_3_3
Parameters: 0.999999 0.000124745 0.000702045 -0.000125255 1 0.000362912 -0.000701954 -0.000363088 0.999999 -0.0199709 0.0893476 -0.185824
FixedParameters: 0 0 0

#Transform 188
Transform: AffineTransform_float_3_3
Parameters: 1 0.00059601 0.00037956 -0.000596992 0.999997 0.00261477 -0.00037844 -0.00261523 0.999996 -0.0311271 0.226409 -0.297642
FixedParameters: 0 0 0

#Transform 189
Transform: AffineTransform_float_3_3
Parameters: 1 0.000982386 0.000612987 -0.000983615 0.999999 0.0010034 -0.000612014 -0.0010036 1 -0.0250079 -0.166123 -0.320746
