#Insight Transform File V1.0
#Transform 0
Transform: AffineTransform_float_3_3
Parameters: 0.999998 -0.00207906 -2.04926e-05 0.00207894 0.999995 -0.00264905 2.55072e-05 0.00264895 0.999997 0.0763039 0.0781069 0.175697
FixedParameters: 0 0 0

#Transform 1
Transform: AffineTransform_float_3_3
Parameters: 0.999999 -0.0018174 -0.000146068 0.0018176 0.999994 -0.00271427 0.000150933 0.00271373 0.999997 0.0696431 0.11498 0.114822
FixedParameters: 0 0 0

#Transform 2
Transform: AffineTransform_float_3_3
Parameters: 0.999998 -0.00167063 0.000138496 0.00167136 0.999995 -0.00269077 -0.000133503 0.00269123 0.999997 0.0526246 0.113807 0.0887938
FixedParameters: 0 0 0

#Transform 3
Transform: AffineTransform_float_3_3
Parameters: 0.999998 -0.00167106 -6.53823e-05 0.00167094 0.999998 -0.00096811 6.66173e-05 0.00096789 0.999999 0.0360788 0.0699057 0.147392
FixedParameters: 0 0 0

#Transform 4
Transform: AffineTransform_float_3_3
Parameters: 0.999999 -0.00144596 0.000253199 0.00144603 0.999999 -0.000137634 -0.0002538 0.000138367 1 0.0185929 0.0412299 0.197956
FixedParameters: 0 0 0

#Transform 5
Transform: AffineTransform_float_3_3
Parameters: 0.999999 -0.00156209 -0.000214314 0.0015619 0.999998 -0.000439335 0.000214685 0.000438665 1 0.0236501 0.0550281 0.192967
FixedParameters: 0 0 0

#Transform 6
Transform: AffineTransform_float_3_3
Parameters: 0.999999 -0.00154202 -4.02582e-05 0.00154198 0.999998 -0.000481062 4.07416e-05 0.000480938 1 0.0214742 0.0858874 0.1984
FixedParameters: 0 0 0

#Transform 7
Transform: AffineTransform_float_3_3
Parameters: 0.999998 -0.00167105 -0.000105164 0.00167095 0.999998 -0.000500176 0.000105835 0.000499824 1 0.043025 0.124705 0.107992
FixedParameters: 0 0 0

#Transform 8
Transform: AffineTransform_float_3_3
Parameters: 0.999999 -0.0016697 0.000709081 0.00167131 0.999997 -0.00184382 -0.000705919 0.00184518 0.999998 0.0364799 0.136202 -0.0391663
FixedParameters: 0 0 0

#Transform 9
Transform: AffineTransform_float_3_3
Parameters: 0.999998 -0.00153054 0.000699199 0.00153146 0.999996 -0.00208893 -0.000695801 0.00209007 0.999997 0.0560623 0.0594255 -0.101741
FixedParameters: 0 0 0

#Transform 10
Transform: AffineTransform_float_3_3
Parameters: 0.999999 -0.00166956 0.000757191 0.00167144 0.999997 -0.00190974 -0.000753808 0.00191126 0.999998 0.0546094 0.0466069 -0.109141
FixedParameters: 0 0 0

#Transform 11
Transform: AffineTransform_float_3_3
Parameters: 0.999998 -0.00141354 0.000892321 0.00141446 0.999997 -0.00164074 -0.000889679 0.00164226 0.999999 0.0547573 0.0143667 -0.0439234
FixedParameters: 0 0 0

#Transform 12
Transform: AffineTransform_float_3_3
Parameters: 0.999999 -0.00146245 0.000358256 0.00146355 0.999997 -0.00154248 -0.000356743 0.00154252 0.999998 0.0656544 0.0438812 0.0286245
FixedParameters: 0 0 0

#Transform 13
Transform: AffineTransform_float_3_3
Parameters: 0.999999 -0.00148678 0.000240362 0.00148722 0.999999 -0.000915644 -0.000238637 0.000916356 0.999999 0.0671591 0.0459646 0.0473136
FixedParameters: 0 0 0

#Transform 14
Transform: AffineTransform_float_3_3
Parameters: 0.999998 -0.00167097 4.49992e-05 0.00167103 0.999999 -0.000597926 -4.40006e-05 0.000598075 1 0.0737085 0.0953053 0.0205206
FixedParameters: 0 0 0

#Transform 15
Transform: AffineTransform_float_3_3
Parameters: 0.999999 -0.00150488 0.000126416 0.00150512 0.999999 -0.000940811 -0.000124584 0.000941189 0.999999 0.0645727 0.110958 -0.0213047
FixedParameters: 0 0 0

#Transform 16
Transform: AffineTransform_float_3_3
Parameters: 0.999999 -0.00143673 0.000315235 0.00143727 0.999998 -0.000859547 -0.000313764 0.000860451 0.999999 0.0553306 0.0973876 -0.0536423
FixedParameters: 0 0 0

#Transform 17
Transform: AffineTransform_float_3_3
Parameters: 0.999999 -0.00138468 0.000559797 0.00138532 0.999999 -0.000575225 -0.000559203 0.000575775 0.999999 0.0283933 0.0451253 -0.0445376
FixedParameters: 0 0 0

#Transform 18
Transform: AffineTransform_float_3_3
Parameters: 0.999999 0.000658554 -0.000389062 -0.000658445 0.999999 0.00142426 0.000389938 -0.00142374 0.999999 -0.00358921 -0.0976208 0.111232
FixedParameters: 0 0 0

#Transform 19
Transform: AffineTransform_float_3_3
Parameters: 1 -0.000532048 0.000147827 0.000531952 1 0.000325079 -0.000148173 -0.000324921 1 0.0226005 -0.0971776 0.0165186
FixedParameters: 0 0 0

#Transform 20
Transform: AffineTransform_float_3_3
Parameters: 1 -0.000485004 0.000350995 0.000484996 1 1.11702e-05 -0.000351005 -1.08298e-05 1 0.00960186 -0.0447081 0.034956
FixedParameters: 0 0 0

#Transform 21
Transform: AffineTransform_float_3_3
Parameters: 0.999999 -0.000706249 0.000329466 0.00070575 1 0.000756233 -0.000330533 -0.000755767 0.999999 0.0190591 -0.0182585 0.0902784
FixedParameters: 0 0 0

#Transform 22
Transform: AffineTransform_float_3_3
Parameters: 1 -0.000578433 -0.000330993 0.000579567 0.999999 0.00171581 0.000330006 -0.00171619 0.999998 0.0486219 -0.0172867 0.0538957
FixedParameters: 0 0 0

#Transform 23
Transform: AffineTransform_float_3_3
Parameters: 0.999999 -0.000862659 -0.000348845 0.000863341 0.999999 0.0009787 0.000348156 -0.000978301 1 0.0732514 -0.00748859 -0.008199
FixedParameters: 0 0 0

#Transform 24
Transform: AffineTransform_float_3_3
Parameters: 1 -0.000437888 -7.46586e-05 0.000438112 0.999999 0.00150397 7.43411e-05 -0.00150403 0.999999 0.0559617 -0.0315662 -0.0286473
FixedParameters: 0 0 0

#Transform 25
Transform: AffineTransform_float_3_3
Parameters: 0.999999 -0.000887547 0.000332544 0.000887452 0.999999 0.0016413 -0.000334456 -0.0016407 0.999998 0.0674247 -0.106754 -0.044447
FixedParameters: 0 0 0

#Transform 26
Transform: AffineTransform_float_3_3
Parameters: 0.999999 -0.000592693 0.000670388 0.000592306 1 0.0010334 -0.000671613 -0.0010336 0.999999 0.0346877 -0.109213 -0.0168406
FixedParameters: 0 0 0

#Transform 27
Transform: AffineTransform_float_3_3
Parameters: 1 -0.00062532 0.000270262 0.000624681 0.999999 0.00118117 -0.000270738 -0.00118083 1 0.0572168 -0.103666 -0.00226302
FixedParameters: 0 0 0

#Transform 28
Transform: AffineTransform_float_3_3
Parameters: 1 -0.000499648 0.000324003 0.000498352 0.999998 0.00199716 -0.000324996 -0.00199684 0.999998 0.0496479 -0.093345 0.0104519
FixedParameters: 0 0 0

#Transform 29
Transform: AffineTransform_float_3_3
Parameters: 0.999999 -0.000722731 0.000460855 0.000722268 0.999998 0.00158433 -0.000462145 -0.00158467 0.999998 0.0454951 -0.0599676 0.0170132
FixedParameters: 0 0 0

#Transform 30
Transform: AffineTransform_float_3_3
Parameters: 1 -0.000962425 0.000318722 0.000961576 0.999998 0.00132831 -0.000320278 -0.00132869 0.999999 0.0680833 -0.0110109 -0.000986042
FixedParameters: 0 0 0

#Transform 31
Transform: AffineTransform_float_3_3
Parameters: 1 -0.00113633 0.000265587 0.00113567 0.999998 0.0012443 -0.000267413 -0.0012437 0.999999 0.0768071 -0.0209223 -0.0368684
FixedParameters: 0 0 0

#Transform 32
Transform: AffineTransform_float_3_3
Parameters: 1 -0.00094139 0.000517293 0.000940611 1 0.000751487 -0.000518707 -0.000751512 0.999999 0.0634895 0.0022247 -0.0678457
FixedParameters: 0 0 0

#Transform 33
Transform: AffineTransform_float_3_3
Parameters: 0.999999 -0.000666598 0.000439092 0.000665401 0.999999 0.00136229 -0.000439906 -0.00136171 0.999999 0.0597121 -0.0885313 -0.00475318
FixedParameters: 0 0 0

#Transform 34
Transform: AffineTransform_float_3_3
Parameters: 1 -0.000857482 0.000439061 0.000856519 0.999999 0.00109638 -0.000439939 -0.00109562 1 0.0662942 -0.0763235 0.0114517
FixedParameters: 0 0 0

#Transform 35
Transform: AffineTransform_float_3_3
Parameters: 0.999998 -0.00138 0.000884439 0.001379 0.999999 0.00113222 -0.00088656 -0.00113078 0.999999 0.0387982 -0.0426254 -0.025938
FixedParameters: 0 0 0

#Transform 36
Transform: AffineTransform_float_3_3
Parameters: 0.999998 -0.00117139 0.00119859 0.00117161 0.999999 -0.000504597 -0.00119841 0.000505405 0.999999 0.00902306 -0.0277633 -0.0359409
FixedParameters: 0 0 0

#Transform 37
Transform: AffineTransform_float_3_3
Parameters: 0.999999 -0.00125904 0.00131396 0.00125896 0.999999 3.36543e-05 -0.00131404 -3.23456e-05 0.999999 0.00471594 0.0360219 -0.0332174
FixedParameters: 0 0 0

#Transform 38
Transform: AffineTransform_float_3_3
Parameters: 0.999999 -0.00129792 0.000886122 0.00129808 0.999999 -9.38498e-05 -0.000885877 9.51499e-05 0.999999 0.0242786 0.0471826 -0.0881617
FixedParameters: 0 0 0

#Transform 39
Transform: AffineTransform_float_3_3
Parameters: 1 -0.00100317 0.000634732 0.00100283 1 0.000267637 -0.000634268 -0.000267364 1 0.0337243 0.0401113 -0.0920712
FixedParameters: 0 0 0

#Transform 40
Transform: AffineTransform_float_3_3
Parameters: 0.999999 -0.00103908 0.000849899 0.00103892 1 9.78831e-05 -0.0008501 -9.61168e-05 0.999999 0.0216561 -0.0029711 -0.10236
FixedParameters: 0 0 0

#Transform 41
Transform: AffineTransform_float_3_3
Parameters: 0.999999 -0.000991574 0.00109548 0.000990428 1 0.000523086 -0.00109552 -0.000522915 1 0.0110558 -0.0993809 -0.0900669
FixedParameters: 0 0 0

#Transform 42
Transform: AffineTransform_float_3_3
Parameters: 0.999998 -0.00113038 0.00125966 0.00112962 1 0.000305424 -0.00125934 -0.000304577 0.999999 -0.00311123 -0.0829213 -0.0479765
FixedParameters: 0 0 0

#Transform 43
Transform: AffineTransform_float_3_3
Parameters: 0.999999 -0.000954309 0.00122976 0.000953692 1 0.000251173 -0.00123024 -0.000250826 0.999999 -0.00412523 -0.0739293 -0.0528856
FixedParameters: 0 0 0

#Transform 44
Transform: AffineTransform_float_3_3
Parameters: 0.999999 -0.000913559 0.000827385 0.000912443 1 0.000674756 -0.000827616 -0.000674245 1 0.0222865 -0.0707252 -0.0220168
FixedParameters: 0 0 0

#Transform 45
Transform: AffineTransform_float_3_3
Parameters: 0.999999 -0.000900282 0.00108077 0.000899717 0.999999 0.000261973 -0.00108124 -0.000261027 1 0.0128263 -0.0383555 -0.0471277
FixedParameters: 0 0 0

#Transform 46
Transform: AffineTransform_float_3_3
Parameters: 0.999999 -0.00090073 0.00152816 0.000901271 0.999999 -0.000176623 -0.00152784 0.000177376 0.999999 0.00862664 -0.0284651 -0.128639
FixedParameters: 0 0 0

#Transform 47
Transform: AffineTransform_float_3_3
Parameters: 0.999999 -0.000940912 0.00121107 0.000941087 0.999999 -7.18604e-05 -0.00121093 7.31395e-05 1 0.0184015 0.0263615 -0.141437
FixedParameters: 0 0 0

#Transform 48
Transform: AffineTransform_float_3_3
Parameters: 0.999999 -0.000791761 0.00121116 0.000792239 0.999999 -0.000197041 -0.00121084 0.000197959 0.999999 0.00925964 -0.0229327 -0.13791
FixedParameters: 0 0 0

#Transform 49
Transform: AffineTransform_float_3_3
Parameters: 0.999999 -0.000925067 0.00112495 0.000924934 1 6.00406e-05 -0.00112506 -5.89594e-05 1 0.0192539 -0.0703281 -0.103399
FixedParameters: 0 0 0

#Transform 50
Transform: AffineTransform_float_3_3
Parameters: 0.999999 -0.000893424 0.00103063 0.000892576 1 0.000411921 -0.00103137 -0.000410079 1 0.014862 -0.0886644 -0.0969713
FixedParameters: 0 0 0

#Transform 51
Transform: AffineTransform_float_3_3
Parameters: 0.999999 -0.000836456 0.00090758 0.000835543 0.999999 0.000503759 -0.000907421 -0.000502241 1 0.0283388 -0.0927268 -0.0959656
FixedParameters: 0 0 0

#Transform 52
Transform: AffineTransform_float_3_3
Parameters: 0.999999 -0.000919931 0.000974121 0.000919068 0.999999 0.000956896 -0.000974879 -0.000955104 0.999999 0.0142537 -0.0754714 -0.0916563
FixedParameters: 0 0 0

#Transform 53
Transform: AffineTransform_float_3_3
Parameters: 1 -0.000661403 0.000895703 0.000660598 0.999999 0.000449592 -0.000895297 -0.000449408 0.999999 0.0163397 -0.0965586 -0.0964455
FixedParameters: 0 0 0

#Transform 54
Transform: AffineTransform_float_3_3
Parameters: 0.999998 -0.00122755 0.00119444 0.00122645 0.999999 0.000457466 -0.00119556 -0.000456533 0.999999 0.0058252 0.00360527 -0.102145
FixedParameters: 0 0 0

#Transform 55
Transform: AffineTransform_float_3_3
Parameters: 0.999999 -0.00104049 0.00114555 0.00104051 1 0.000430193 -0.00114545 -0.000428809 1 0.0110321 0.00904135 -0.139362
FixedParameters: 0 0 0

#Transform 56
Transform: AffineTransform_float_3_3
Parameters: 0.999999 -0.000972467 0.00108658 0.000972534 1 0.000430058 -0.00108642 -0.000428944 1 0.0213395 0.00897149 -0.147137
FixedParameters: 0 0 0

#Transform 57
Transform: AffineTransform_float_3_3
Parameters: 1 -0.000892123 0.000667835 0.000892876 0.999999 0.000185596 -0.000668165 -0.000184404 1 0.021093 -0.0813849 -0.149411
FixedParameters: 0 0 0

#Transform 58
Transform: AffineTransform_float_3_3
Parameters: 1 -0.00089931 0.000670584 0.00089969 1 0.000462604 -0.000671415 -0.000461397 0.999999 0.0249438 -0.130484 -0.115913
FixedParameters: 0 0 0

#Transform 59
Transform: AffineTransform_float_3_3
Parameters: 0.999999 -0.00098649 0.00073034 0.000986511 1 0.000669722 -0.000731661 -0.000669279 1 0.0268971 -0.113483 -0.117547
FixedParameters: 0 0 0

#Transform 60
Transform: AffineTransform_float_3_3
Parameters: 1 -0.000868968 0.000731038 0.000869032 0.999999 -4.33647e-05 -0.000730962 4.36352e-05 0.999999 0.0366053 -0.0795431 -0.154187
FixedParameters: 0 0 0

#Transform 61
Transform: AffineTransform_float_3_3
Parameters: 0.999999 -0.00112505 0.000982089 0.00112595 0.999999 -0.000966895 -0.000980911 0.000968105 0.999999 0.0241243 0.000219383 -0.174683
FixedParameters: 0 0 0

#Transform 62
Transform: AffineTransform_float_3_3
Parameters: 0.999999 -0.00117964 0.00137802 0.00118236 0.999998 -0.00170937 -0.00137598 0.00171163 0.999997 0.0101981 0.0913269 -0.252694
FixedParameters: 0 0 0

#Transform 63
Transform: AffineTransform_float_3_3
Parameters: 0.999998 -0.00132412 0.00100316 0.00132488 0.999998 -0.000876672 -0.00100184 0.000878328 0.999999 0.00160439 0.134827 -0.299881
FixedParameters: 0 0 0

#Transform 64
Transform: AffineTransform_float_3_3
Parameters: 0.999998 -0.00113282 0.00158273 0.00113819 0.999994 -0.00327921 -0.00157928 0.0032808 0.999994 0.0161113 0.145437 -0.561617
FixedParameters: 0 0 0

#Transform 65
Transform: AffineTransform_float_3_3
Parameters: 0.999998 -0.000784495 0.00175492 0.000790504 0.999993 -0.00370862 -0.00175208 0.00371038 0.999991 0.00543403 0.0377601 -0.633842
FixedParameters: 0 0 0

#Transform 66
Transform: AffineTransform_float_3_3
Parameters: 0.999997 -0.000851544 0.00200461 0.000860457 0.99999 -0.00422128 -0.00200138 0.00422271 0.999989 -0.00441619 0.141308 -0.558305
FixedParameters: 0 0 0

#Transform 67
Transform: AffineTransform_float_3_3
Parameters: 0.999998 -0.000619258 0.00163419 0.000624743 0.999993 -0.00351498 -0.00163281 0.00351602 0.999993 0.00926799 0.131071 -0.469168
FixedParameters: 0 0 0

#Transform 68
Transform: AffineTransform_float_3_3
Parameters: 0.999999 -0.000604621 0.00142387 0.00060838 0.999995 -0.00307714 -0.00142213 0.00307786 0.999995 0.014942 0.103838 -0.401875
FixedParameters: 0 0 0

#Transform 69
Transform: AffineTransform_float_3_3
Parameters: 0.999998 -0.000470957 0.00163346 0.000476043 0.999995 -0.00308723 -0.00163254 0.00308877 0.999994 0.00750585 0.143582 -0.414401
FixedParameters: 0 0 0

#Transform 70
Transform: AffineTransform_float_3_3
Parameters: 0.999999 -0.000721935 0.00136915 0.000726068 0.999996 -0.00297101 -0.00136785 0.00297199 0.999994 0.0135854 0.159699 -0.399228
FixedParameters: 0 0 0

#Transform 71
Transform: AffineTransform_float_3_3
Parameters: 0.999998 -0.000781805 0.00152216 0.000786193 0.999996 -0.00275681 -0.00151984 0.00275819 0.999995 0.00880195 0.188381 -0.422818
FixedParameters: 0 0 0

#Transform 72
Transform: AffineTransform_float_3_3
Parameters: 0.999999 -0.000869588 0.00131426 0.000873411 0.999996 -0.00259786 -0.00131173 0.00259914 0.999996 0.0098785 0.152646 -0.43223
FixedParameters: 0 0 0

#Transform 73
Transform: AffineTransform_float_3_3
Parameters: 0.999999 -0.00047162 0.00147441 0.000476378 0.999996 -0.0029713 -0.00147259 0.0029727 0.999994 0.00600942 0.116346 -0.44467
FixedParameters: 0 0 0

#Transform 74
Transform: AffineTransform_float_3_3
Parameters: 0.999999 -0.00062221 0.00122542 0.000624792 0.999997 -0.00227824 -0.00122458 0.00227876 0.999996 0.0159129 0.026528 -0.434413
FixedParameters: 0 0 0

#Transform 75
Transform: AffineTransform_float_3_3
Parameters: 0.999998 -0.000990716 0.00147022 0.000993281 0.999997 -0.00223354 -0.00146778 0.00223546 0.999997 0.0040363 0.016484 -0.425183
FixedParameters: 0 0 0

#Transform 76
Transform: AffineTransform_float_3_3
Parameters: 0.999999 -0.000472586 0.00150608 0.000476414 0.999998 -0.00226729 -0.00150492 0.00226772 0.999997 -0.00270168 0.0176284 -0.386942
FixedParameters: 0 0 0

#Transform 77
Transform: AffineTransform_float_3_3
Parameters: 0.999999 -0.000737219 0.00134353 0.000740779 0.999997 -0.00207001 -0.00134147 0.00207099 0.999997 0.00730717 0.020202 -0.373735
FixedParameters: 0 0 0

#Transform 78
Transform: AffineTransform_float_3_3
Parameters: 0.999999 -0.00047372 0.00122488 0.00047628 0.999998 -0.00186142 -0.00122412 0.00186258 0.999998 0.0101414 0.0292369 -0.345412
FixedParameters: 0 0 0

#Transform 79
Transform: AffineTransform_float_3_3
Parameters: 0.999999 -0.000473417 0.001225 0.000476583 0.999997 -0.00210942 -0.001224 0.00210958 0.999997 0.0100778 0.0885155 -0.371903
FixedParameters: 0 0 0

#Transform 80
Transform: AffineTransform_float_3_3
Parameters: 0.999999 -0.000786215 0.00122579 0.000788785 0.999997 -0.00227304 -0.00122421 0.00227396 0.999996 0.0131299 0.0743758 -0.391278
FixedParameters: 0 0 0

#Transform 81
Transform: AffineTransform_float_3_3
Parameters: 0.999999 -0.000473383 0.00122501 0.000476616 0.999997 -0.00213642 -0.00122398 0.00213758 0.999997 0.0100532 0.0898526 -0.399601
FixedParameters: 0 0 0

#Transform 82
Transform: AffineTransform_float_3_3
Parameters: 0.999999 -0.000473213 0.00127704 0.000476786 0.999998 -0.00218239 -0.00127596 0.00218361 0.999997 0.00775275 0.0337807 -0.385743
FixedParameters: 0 0 0

#Transform 83
Transform: AffineTransform_float_3_3
Parameters: 0.999999 -0.000473609 0.00150375 0.000476391 0.999998 -0.00159028 -0.00150324 0.00159071 0.999997 -0.0025741 -0.000857429 -0.377447
FixedParameters: 0 0 0

#Transform 84
Transform: AffineTransform_float_3_3
Parameters: 0.999999 -0.000474649 0.00122452 0.000476352 1 -0.00110342 -0.00122447 0.00110358 0.999998 0.00436533 -0.0317884 -0.342243
FixedParameters: 0 0 0

#Transform 85
Transform: AffineTransform_float_3_3
Parameters: 0.999999 -0.000474477 0.00122459 0.000476523 0.999999 -0.00124342 -0.00122441 0.00124458 0.999999 -0.00584669 -0.0253911 -0.337315
FixedParameters: 0 0 0

#Transform 86
Transform: AffineTransform_float_3_3
Parameters: 0.999999 -0.000475406 0.000717393 0.000476592 0.999999 -0.000826658 -0.000716606 0.000827341 1 0.0147157 -0.0200411 -0.31075
FixedParameters: 0 0 0

#Transform 87
Transform: AffineTransform_float_3_3
Parameters: 1 -0.00047479 0.000919626 0.000476209 0.999999 -0.00131556 -0.000918374 0.00131644 0.999998 0.00410004 0.0194906 -0.323856
FixedParameters: 0 0 0

#Transform 88
Transform: AffineTransform_float_3_3
Parameters: 0.999999 -0.000474729 0.000717842 0.000476271 0.999999 -0.00177166 -0.000717157 0.00177234 0.999998 0.0244486 0.0694603 -0.372818
FixedParameters: 0 0 0

#Transform 89
Transform: AffineTransform_float_3_3
Parameters: 0.999999 -0.000395459 0.000869702 0.000396539 0.999999 -0.00177166 -0.000868298 0.00177234 0.999998 0.00969895 0.0715864 -0.372815
FixedParameters: 0 0 0

#Transform 90
Transform: AffineTransform_float_3_3
Parameters: 0.999999 -0.000475352 0.000772399 0.000476647 0.999999 -0.000838632 -0.0007716 0.000839367 1 0.0152155 -0.00473915 -0.279239
FixedParameters: 0 0 0

#Transform 91
Transform: AffineTransform_float_3_3
Parameters: 0.999999 -0.00047547 0.000772326 0.000476529 0.999999 -0.000685632 -0.000771673 0.000686367 1 0.0180097 -0.0496982 -0.252263
FixedParameters: 0 0 0

#Transform 92
Transform: AffineTransform_float_3_3
Parameters: 1 -0.000255706 0.000631119 0.000255293 1 -0.000464839 -0.000630881 0.000465161 0.999999 0.0147143 -0.0289963 -0.192694
FixedParameters: 0 0 0

#Transform 93
Transform: AffineTransform_float_3_3
Parameters: 0.999999 0.000796228 0.000207127 -0.000796772 0.999999 -0.00109717 -0.000207875 0.00109784 1 -0.00956944 0.0526643 -0.0412918
FixedParameters: 0 0 0

#Transform 94
Transform: AffineTransform_float_3_3
Parameters: 0.999999 0.000796233 0.000139678 -0.000796766 0.999999 -0.00166011 -0.000141323 0.00165989 0.999998 -0.02334 0.107717 -0.0396407
FixedParameters: 0 0 0

#Transform 95
Transform: AffineTransform_float_3_3
Parameters: 0.999999 -0.000430733 0.000817668 0.000432265 0.999998 -0.00154865 -0.000816331 0.00154935 0.999999 -0.0125514 0.13515 -0.079005
FixedParameters: 0 0 0

#Transform 96
Transform: AffineTransform_float_3_3
Parameters: 1 -0.000606757 0.00099476 0.000608244 0.999999 -0.0012504 -0.00099424 0.0012506 0.999998 -0.0114549 0.0888124 -0.164742
FixedParameters: 0 0 0

#Transform 97
Transform: AffineTransform_float_3_3
Parameters: 0.999999 -0.000539436 0.000687442 0.000540564 1 -0.000819629 -0.000687556 0.000820371 0.999999 -0.0012093 0.0893387 -0.212167
FixedParameters: 0 0 0

#Transform 98
Transform: AffineTransform_float_3_3
Parameters: 0.999999 -0.000669735 0.000502352 0.000670263 0.999999 -0.000525663 -0.000501647 0.000526336 0.999999 0.00828063 -0.0150799 -0.203081
FixedParameters: 0 0 0

#Transform 99
Transform: AffineTransform_float_3_3
Parameters: 1 -0.000785712 0.000747302 0.000786287 0.999999 -0.000384412 -0.000746697 0.000385587 0.999999 -0.000902312 -0.0214327 -0.150342
FixedParameters: 0 0 0

#Transform 100
Transform: AffineTransform_float_3_3
Parameters: 0.999999 -0.000745867 0.000175565 0.000746132 1 -0.000756869 -0.000174435 0.00075713 0.999999 0.0356432 -0.00466938 -0.0876368
FixedParameters: 0 0 0

#Transform 101
Transform: AffineTransform_float_3_3
Parameters: 0.999999 -0.000740729 0.000312642 0.00074127 1 -0.000866768 -0.000311357 0.000867231 0.999999 0.0285067 0.0650664 -0.103016
FixedParameters: 0 0 0

#Transform 102
Transform: AffineTransform_float_3_3
Parameters: 0.999999 -0.000642382 0.000489811 0.000642618 0.999999 -0.00126269 -0.000489189 0.00126331 0.999999 0.0178078 0.0951007 -0.116975
FixedParameters: 0 0 0

#Transform 103
Transform: AffineTransform_float_3_3
Parameters: 0.999999 -0.000603448 0.000636523 0.00060455 0.999999 -0.000866615 -0.000635476 0.000867384 1 0.0104392 0.0871094 -0.124739
FixedParameters: 0 0 0

#Transform 104
Transform: AffineTransform_float_3_3
Parameters: 0.999999 -0.000700502 0.000541645 0.000701497 1 -0.000919621 -0.000540355 0.00092038 1 0.0269347 0.0813487 -0.195059
FixedParameters: 0 0 0

#Transform 105
Transform: AffineTransform_float_3_3
Parameters: 1 -0.000717329 0.000774623 0.000717671 1 -0.000866445 -0.000773378 0.000867556 1 0.0161108 0.0839686 -0.239598
FixedParameters: 0 0 0

#Transform 106
Transform: AffineTransform_float_3_3
Parameters: 0.999999 -0.00058809 0.000751713 0.000588911 0.999999 -0.00121156 -0.000751287 0.00121144 0.999999 0.0147829 0.0874934 -0.266761
FixedParameters: 0 0 0

#Transform 107
Transform: AffineTransform_float_3_3
Parameters: 1 -0.000415763 0.000459214 0.000415236 1 -0.000514809 -0.000458786 0.000515191 1 0.0250339 -0.025827 -0.232387
FixedParameters: 0 0 0

#Transform 108
Transform: AffineTransform_float_3_3
Parameters: 1 -0.000683437 0.000839459 0.000684563 0.999999 -0.000670426 -0.000839542 0.000670574 1 0.00195262 0.00987634 -0.203797
FixedParameters: 0 0 0

#Transform 109
Transform: AffineTransform_float_3_3
Parameters: 1 -0.000483663 0.000812201 0.000484337 1 -0.000414607 -0.000811799 0.000415393 0.999999 0.0111448 -0.0110241 -0.17944
FixedParameters: 0 0 0

#Transform 110
Transform: AffineTransform_float_3_3
Parameters: 0.999999 -0.000494585 0.000671306 0.000495415 0.999999 -0.000618667 -0.000670693 0.000618331 0.999999 0.0213221 0.00824464 -0.17113
FixedParameters: 0 0 0

#Transform 111
Transform: AffineTransform_float_3_3
Parameters: 1 -0.000619435 0.00101035 0.000619565 0.999999 -0.000559374 -0.00100965 0.000559626 1 0.00914896 0.0361595 -0.194627
FixedParameters: 0 0 0

#Transform 112
Transform: AffineTransform_float_3_3
Parameters: 1 -0.000569418 0.000925359 0.000569581 0.999999 -0.000628473 -0.000924642 0.000629527 1 0.0112221 0.0640386 -0.242378
FixedParameters: 0 0 0

#Transform 113
Transform: AffineTransform_float_3_3
Parameters: 1 -0.000543922 0.000925635 0.000545079 0.999999 -0.0011655 -0.000925366 0.0011655 0.999999 0.00564068 0.0723895 -0.253042
FixedParameters: 0 0 0

#Transform 114
Transform: AffineTransform_float_3_3
Parameters: 1 -0.00052533 0.000925381 0.000525669 0.999999 -0.000723514 -0.00092462 0.000724486 1 -0.00386404 -0.0307593 -0.218632
FixedParameters: 0 0 0

#Transform 115
Transform: AffineTransform_float_3_3
Parameters: 0.999999 -0.000442236 0.00116829 0.000442765 0.999999 -0.000654483 -0.00116771 0.000654517 0.999999 -0.0158673 -0.0356124 -0.184174
FixedParameters: 0 0 0

#Transform 116
Transform: AffineTransform_float_3_3
Parameters: 1 -0.000113506 0.000980058 0.000113494 1 -0.000503889 -0.000979944 0.000504112 1 -0.00482681 -0.0214053 -0.179504
FixedParameters: 0 0 0

#Transform 117
Transform: AffineTransform_float_3_3
Parameters: 0.999999 -0.000113697 0.00100903 0.000114303 1 -0.000299885 -0.00100897 0.000300115 1 -0.0162675 -0.0373965 -0.154363
FixedParameters: 0 0 0

#Transform 118
Transform: AffineTransform_float_3_3
Parameters: 0.999999 -0.000113521 0.000788069 0.000114479 1 -0.00060791 -0.00078793 0.000608089 0.999999 -0.00614718 -0.015953 -0.140922
FixedParameters: 0 0 0

#Transform 119
Transform: AffineTransform_float_3_3
Parameters: 0.999999 -0.000113402 0.000928073 0.000113598 1 -0.000643895 -0.000928927 0.000644106 1 -0.0126036 0.0140298 -0.178601
FixedParameters: 0 0 0

#Transform 120
Transform: AffineTransform_float_3_3
Parameters: 0.999999 -0.0003633 0.000682373 0.000363701 1 -0.00102575 -0.000682627 0.00102625 0.999999 0.0155659 -0.00806404 -0.220449
FixedParameters: 0 0 0

#Transform 121
Transform: AffineTransform_float_3_3
Parameters: 0.999999 -0.000363204 0.000702412 0.000363796 1 -0.00113375 -0.000701588 0.00113426 0.999999 0.0159975 -0.00309819 -0.251556
FixedParameters: 0 0 0

#Transform 122
Transform: AffineTransform_float_3_3
Parameters: 1 -0.000113531 0.00065908 0.000114468 0.999999 -0.000710924 -0.000658918 0.000711074 0.999999 -0.000291694 -0.0574242 -0.24065
FixedParameters: 0 0 0

#Transform 123
Transform: AffineTransform_float_3_3
Parameters: 1 -0.000113907 0.00101401 0.000114093 1 -9.18844e-05 -0.00101399 9.21156e-05 1 -0.0163486 -0.0673739 -0.208507
FixedParameters: 0 0 0

#Transform 124
Transform: AffineTransform_float_3_3
Parameters: 0.999999 -0.000113867 0.000955015 0.000114133 1 -0.000138891 -0.000954983 0.000139109 0.999999 -0.0138006 -0.0548529 -0.170364
FixedParameters: 0 0 0

#Transform 125
Transform: AffineTransform_float_3_3
Parameters: 0.999999 -0.000113972 0.000999002 0.000114028 1 -2.78861e-05 -0.000998996 2.81139e-05 0.999999 -0.0157671 -0.0441902 -0.151971
FixedParameters: 0 0 0

#Transform 126
Transform: AffineTransform_float_3_3
Parameters: 1 -0.000113789 0.000536045 0.000114211 1 -0.000392939 -0.000535955 0.000393061 1 0.0053104 0.0108329 -0.165696
FixedParameters: 0 0 0

#Transform 127
Transform: AffineTransform_float_3_3
Parameters: 1 -0.000113619 0.000629068 0.00011438 1 -0.000604928 -0.000628931 0.000605071 0.999999 0.00102062 0.0105073 -0.21865
FixedParameters: 0 0 0

#Transform 128
Transform: AffineTransform_float_3_3
Parameters: 0.999999 -0.000363465 0.000683285 0.000363535 0.999999 -0.000783752 -0.000682716 0.000783248 1 0.00100612 0.0287233 -0.261161
FixedParameters: 0 0 0

#Transform 129
Transform: AffineTransform_float_3_3
Parameters: 1 -0.000113512 0.000601093 0.000114488 0.999999 -0.000811931 -0.000600907 0.000812068 1 0.00227608 0.0300263 -0.261418
FixedParameters: 0 0 0

#Transform 130
Transform: AffineTransform_float_3_3
Parameters: 1 -0.000113876 0.000642022 0.000114124 1 -0.000192927 -0.000641978 0.000193073 1 0.000494085 -0.052749 -0.239113
FixedParameters: 0 0 0

#Transform 131
Transform: AffineTransform_float_3_3
Parameters: 0.999999 -0.00011407 0.000751989 0.00011393 1 9.30857e-05 -0.00075201 -9.29142e-05 0.999999 -0.00822864 -0.0888746 -0.188857
FixedParameters: 0 0 0

#Transform 132
Transform: AffineTransform_float_3_3
Parameters: 0.999999 -0.000114086 0.000842988 0.000113914 1 0.000102096 -0.000843011 -0.000101904 0.999999 -0.00868738 -0.0805807 -0.149997
FixedParameters: 0 0 0

#Transform 133
Transform: AffineTransform_float_3_3
Parameters: 0.999999 -0.000113703 0.000950036 0.000114297 1 -0.000312892 -0.000949964 0.000313108 1 -0.0204028 -0.0349793 -0.154176
FixedParameters: 0 0 0

#Transform 134
Transform: AffineTransform_float_3_3
Parameters: 0.999999 -0.000363995 0.000919001 0.000364004 1 -4.66548e-06 -0.000918997 5.33451e-06 0.999999 -0.00971897 -0.0488873 -0.147091
FixedParameters: 0 0 0

#Transform 135
Transform: AffineTransform_float_3_3
Parameters: 1 -0.000294788 0.00103806 0.000295213 1 -0.000204694 -0.00103794 0.000204306 0.999999 -0.0158065 0.00427792 -0.212509
FixedParameters: 0 0 0

#Transform 136
Transform: AffineTransform_float_3_3
Parameters: 1 -0.000363543 0.000970172 0.000364457 1 -0.000470647 -0.000969829 0.000471353 1 -0.00714856 -0.00625596 -0.253163
FixedParameters: 0 0 0

#Transform 137
Transform: AffineTransform_float_3_3
Parameters: 0.999999 -0.000363286 0.0012902 0.000363714 1 -0.000552531 -0.0012908 0.000553469 0.999999 -0.0266041 -0.000868268 -0.27658
FixedParameters: 0 0 0

#Transform 138
Transform: AffineTransform_float_3_3
Parameters: 1 -0.000113597 0.00115504 0.000114403 1 -0.000348868 -0.00115496 0.000349132 1 -0.0281674 -0.0537618 -0.267522
FixedParameters: 0 0 0

#Transform 139
Transform: AffineTransform_float_3_3
Parameters: 1 -0.000113591 0.00117104 0.000114409 1 -0.000348866 -0.00117096 0.000349133 1 -0.0235436 -0.0803124 -0.261598
FixedParameters: 0 0 0

#Transform 140
Transform: AffineTransform_float_3_3
Parameters: 1 -0.000114188 0.00107098 0.000113811 1 0.000176122 -0.00107102 -0.000175878 1 -0.0190159 -0.0864455 -0.209228
FixedParameters: 0 0 0

#Transform 141
Transform: AffineTransform_float_3_3
Parameters: 0.999999 -0.000113997 0.000779 0.000114004 1 -4.91119e-06 -0.000778999 4.0888e-06 0.999999 -0.00575382 -0.044335 -0.151754
FixedParameters: 0 0 0

#Transform 142
Transform: AffineTransform_float_3_3
Parameters: 1 -0.000113925 0.000626013 0.000114075 1 -0.000119929 -0.000625986 0.000120071 1 0.00121444 -0.0236365 -0.152888
FixedParameters: 0 0 0

#Transform 143
Transform: AffineTransform_float_3_3
Parameters: 0.999999 -0.000113655 0.00077105 0.000114345 1 -0.000447912 -0.000770948 0.000448088 0.999999 -0.00541725 0.0351359 -0.158911
FixedParameters: 0 0 0

#Transform 144
Transform: AffineTransform_float_3_3
Parameters: 1 -0.000167779 0.000626059 0.000168221 1 -0.000352895 -0.00062594 0.000353105 0.999999 0.00172587 0.0331834 -0.212888
FixedParameters: 0 0 0

#Transform 145
Transform: AffineTransform_float_3_3
Parameters: 1 -0.000113519 0.00112405 0.000114481 1 -0.000427872 -0.00112395 0.000428128 1 -0.0301434 0.0640121 -0.230379
FixedParameters: 0 0 0

#Transform 146
Transform: AffineTransform_float_3_3
Parameters: 1 -0.000113311 0.00117707 0.000113688 1 -0.000584867 -0.00117693 0.000585134 0.999999 -0.0238337 0.0136062 -0.246825
FixedParameters: 0 0 0

#Transform 147
Transform: AffineTransform_float_3_3
Parameters: 0.999999 -0.000113533 0.00132304 0.000114467 1 -0.000352849 -0.00132296 0.000353151 0.999999 -0.0417434 -0.0527069 -0.239033
FixedParameters: 0 0 0

#Transform 148
Transform: AffineTransform_float_3_3
Parameters: 1 -0.000114149 0.00101798 0.000113851 1 0.000146116 -0.00101802 -0.000145884 1 -0.0293054 -0.0944207 -0.217933
FixedParameters: 0 0 0

#Transform 149
Transform: AffineTransform_float_3_3
Parameters: 1 -0.000114111 0.00109799 0.000113889 1 0.000101125 -0.00109801 -0.000100875 1 -0.0366286 -0.0778212 -0.218434
FixedParameters: 0 0 0

#Transform 150
Transform: AffineTransform_float_3_3
Parameters: 0.999999 -0.000114175 0.000983979 0.000113825 1 0.000178112 -0.000984019 -0.000177888 0.999999 -0.0237614 -0.0912522 -0.198136
FixedParameters: 0 0 0

#Transform 151
Transform: AffineTransform_float_3_3
Parameters: 1 4.87411e-06 0.001076 -5.12589e-06 1 0.000116995 -0.001076 -0.000117005 1 -0.0203936 -0.0452635 -0.192446
FixedParameters: 0 0 0

#Transform 152
Transform: AffineTransform_float_3_3
Parameters: 0.999999 -0.000114041 0.001324 0.000113959 1 3.11509e-05 -0.001324 -3.0849e-05 0.999999 -0.0305868 -0.02587 -0.232044
FixedParameters: 0 0 0

#Transform 153
Transform: AffineTransform_float_3_3
Parameters: 0.999999 -0.000588624 0.00132217 0.000589376 1 -0.000284221 -0.00132183 0.000284778 0.999999 -0.0259011 0.0435466 -0.247966
FixedParameters: 0 0 0

#Transform 154
Transform: AffineTransform_float_3_3
Parameters: 0.999998 -0.000793181 0.0014619 0.000793819 0.999999 0.000124161 -0.0014621 -0.00012384 0.999999 -0.0302744 0.0246095 -0.23124
FixedParameters: 0 0 0

#Transform 155
Transform: AffineTransform_float_3_3
Parameters: 0.999999 -0.000362235 0.00128593 0.000361766 1 0.000182465 -0.00128607 -0.000182534 0.999999 -0.0263532 -0.0780629 -0.166286
FixedParameters: 0 0 0

#Transform 156
Transform: AffineTransform_float_3_3
Parameters: 0.999999 -0.000364124 0.000875948 0.000363875 1 0.000142319 -0.000876051 -0.000141681 0.999999 -0.00774163 -0.0569713 -0.169576
FixedParameters: 0 0 0

#Transform 157
Transform: AffineTransform_float_3_3
Parameters: 1 -0.000364229 0.00102092 0.000363772 1 0.000223371 -0.00102108 -0.000223628 0.999999 -0.0142309 -0.0799039 -0.150869
FixedParameters: 0 0 0

#Transform 158
Transform: AffineTransform_float_3_3
Parameters: 0.999999 -0.0001142 0.000831972 0.000113799 1 0.000241095 -0.000832027 -0.000240905 0.999999 -0.00815126 -0.0588774 -0.141683
FixedParameters: 0 0 0

#Transform 159
Transform: AffineTransform_float_3_3
Parameters: 0.999999 -0.000114718 0.00125293 0.000114282 1 0.000573144 -0.00125307 -0.000572857 0.999999 -0.0272832 -0.0538689 -0.126813
FixedParameters: 0 0 0

#Transform 160
Transform: AffineTransform_float_3_3
Parameters: 0.999999 -0.000270388 0.00129792 0.000269613 1 0.00029835 -0.00129808 -0.000298649 0.999999 -0.0277508 0.00161963 -0.136874
FixedParameters: 0 0 0

#Transform 161
Transform: AffineTransform_float_3_3
Parameters: 1 -0.000364323 0.0011599 0.000363676 1 0.000279422 -0.0011601 -0.000278578 1 -0.0206517 0.0148133 -0.206361
FixedParameters: 0 0 0

#Transform 162
Transform: AffineTransform_float_3_3
Parameters: 1 -0.000302539 0.00117612 0.000302462 1 -0.000392645 -0.00117588 0.000392356 0.999999 -0.0102292 -0.00964175 -0.254939
FixedParameters: 0 0 0

#Transform 163
Transform: AffineTransform_float_3_3
Parameters: 1 -0.000363184 0.000889334 0.000363817 0.999999 -0.000917677 -0.000889667 0.000918323 0.999999 -0.0031789 0.0157969 -0.282992
FixedParameters: 0 0 0

#Transform 164
Transform: AffineTransform_float_3_3
Parameters: 0.999999 -0.000185391 0.00121809 0.000185609 1 -0.000499774 -0.00121791 0.000500226 0.999999 -0.0250015 -0.0569556 -0.291582
FixedParameters: 0 0 0

#Transform 165
Transform: AffineTransform_float_3_3
Parameters: 0.999999 -0.000279895 0.00126002 0.000280104 1 -8.26471e-05 -0.00125998 8.33527e-05 0.999999 -0.0259824 -0.0920756 -0.274539
FixedParameters: 0 0 0

#Transform 166
Transform: AffineTransform_float_3_3
Parameters: 0.999999 -0.000114078 0.00141299 0.000113922 1 5.5161e-05 -0.00141301 -5.48389e-05 0.999999 -0.0345991 -0.0756931 -0.255189
FixedParameters: 0 0 0

#Transform 167
Transform: AffineTransform_float_3_3
Parameters: 0.999999 -0.000364328 0.00149992 0.000363672 1 0.000218546 -0.00150008 -0.000218454 0.999999 -0.0361319 -0.0860985 -0.22503
FixedParameters: 0 0 0

#Transform 168
Transform: AffineTransform_float_3_3
Parameters: 1 -0.000114045 0.001158 0.000113955 1 3.9132e-05 -0.00115801 -3.8868e-05 1 -0.022931 -0.0477449 -0.206218
FixedParameters: 0 0 0

#Transform 169
Transform: AffineTransform_float_3_3
Parameters: 1 -0.000114206 0.00111398 0.000113794 1 0.000185127 -0.00111402 -0.000184873 1 -0.0298733 -0.0431572 -0.194526
FixedParameters: 0 0 0

#Transform 170
Transform: AffineTransform_float_3_3
Parameters: 1 -5.42294e-05 0.00105699 5.37706e-05 1 0.000217057 -0.00105701 -0.000216943 1 -0.0297903 -0.0356827 -0.174964
FixedParameters: 0 0 0

#Transform 171
Transform: AffineTransform_float_3_3
Parameters: 0.999998 -0.000114057 0.00162699 0.000113943 1 3.51854e-05 -0.001627 -3.48145e-05 0.999998 -0.0443517 0.0137991 -0.2013
FixedParameters: 0 0 0

#Transform 172
Transform: AffineTransform_float_3_3
Parameters: 0.999998 -0.000115039 0.00164893 0.000113961 1 0.000630189 -0.00164907 -0.000629811 0.999999 -0.055242 -0.0549963 -0.196834
FixedParameters: 0 0 0

#Transform 173
Transform: AffineTransform_float_3_3
Parameters: 1 -0.000113671 0.00118603 0.000114328 1 -0.000276865 -0.00118597 0.000277135 1 -0.0242275 -0.0416942 -0.252384
FixedParameters: 0 0 0

#Transform 174
Transform: AffineTransform_float_3_3
Parameters: 0.999999 -0.000114043 0.001447 0.000113956 1 3.01649e-05 -0.001447 -2.9835e-05 0.999999 -0.0438253 -0.0965276 -0.254089
FixedParameters: 0 0 0

#Transform 175
Transform: AffineTransform_float_3_3
Parameters: 0.999999 -0.000114084 0.00130899 0.000113916 1 6.41492e-05 -0.00130901 -6.38507e-05 0.999999 -0.0298236 -0.090061 -0.252025
FixedParameters: 0 0 0

#Transform 176
Transform: AffineTransform_float_3_3
Parameters: 0.999999 -0.000114622 0.00143995 0.000114378 1 0.000432165 -0.00144005 -0.000431835 0.999999 -0.0533189 -0.0997637 -0.23206
FixedParameters: 0 0 0

#Transform 177
Transform: AffineTransform_float_3_3
Parameters: 1 3.47574e-05 0.00118901 -3.52425e-05 1 0.000203958 -0.00118899 -0.000204042 1 -0.0348277 -0.0791653 -0.195018
FixedParameters: 0 0 0

#Transform 178
Transform: AffineTransform_float_3_3
Parameters: 0.999999 0.00011464 0.00125103 -0.00011436 1 0.000287857 -0.00125097 -0.000288144 0.999999 -0.0381053 -0.0568618 -0.185675
FixedParameters: 0 0 0

#Transform 179
Transform: AffineTransform_float_3_3
Parameters: 0.999999 -0.000114287 0.00131698 0.000113713 1 0.00021815 -0.00131703 -0.00021785 0.999999 -0.0302175 0.0218101 -0.213401
FixedParameters: 0 0 0

#Transform 180
Transform: AffineTransform_float_3_3
Parameters: 0.999999 -0.000338071 0.00132198 0.00033793 1 5.34468e-05 -0.00132202 -5.35531e-05 0.999999 -0.0282396 0.0291544 -0.238243
FixedParameters: 0 0 0

#Transform 181
Transform: AffineTransform_float_3_3
Parameters: 0.999999 -0.000284016 0.001281 0.000283984 1 1.23638e-05 -0.001281 -1.26362e-05 0.999999 -0.0268963 0.0515217 -0.238667
FixedParameters: 0 0 0

#Transform 182
Transform: AffineTransform_float_3_3
Parameters: 1 -1.07838e-05 0.001156 1.12162e-05 1 -0.000186987 -0.001156 0.000187013 1 -0.0296313 -0.0485515 -0.240561
FixedParameters: 0 0 0

#Transform 183
Transform: AffineTransform_float_3_3
Parameters: 1 -0.000114237 0.00119798 0.000113763 1 0.000198136 -0.00119802 -0.000197863 1 -0.032905 -0.0828338 -0.219687
FixedParameters: 0 0 0

#Transform 184
Transform: AffineTransform_float_3_3
Parameters: 0.999999 -0.000115028 0.00125091 0.000113972 0.999999 0.000822143 -0.00125109 -0.000821856 0.999999 -0.0271273 -0.12457 -0.186862
FixedParameters: 0 0 0

#Transform 185
Transform: AffineTransform_float_3_3
Parameters: 0.999999 -0.000114962 0.00137892 0.000114039 1 0.000697158 -0.00137908 -0.000697842 0.999999 -0.015223 -0.119114 -0.316833
FixedParameters: 0 0 0

#Transform 186
Transform: AffineTransform_float_3_3
Parameters: 0.999999 -0.000501031 0.00111999 0.00050097 1 2.75611e-05 -0.00112001 -2.74389e-05 1 0.00464376 -0.0313583 -0.224853
FixedParameters: 0 0 0

#Transform 187
Transform: AffineTransform_float_3_3
Parameters: 1 -0.000669416 0.000908694 0.000668583 0.999999 0.000458608 -0.000909307 -0.000457392 1 -0.00607676 0.130999 -0.185509
FixedParameters: 0 0 0

#Transform 188
Transform: AffineTransform_float_3_3
Parameters: 0.999999 0.000608221 -0.000791062 -0.000606778 0.999998 0.00154348 0.000791937 -0.00154352 0.999998 0.00123993 0.41472 -0.311051
FixedParameters: 0 0 0

#Transform 189
Transform: AffineTransform_float_3_3
Parameters: 1 0.00106793 0.000111715 -0.00106808 0.999999 0.000669881 -0.000111284 -0.000670119 1 -0.00558463 -0.195021 -0.327633
FixedParameters: 0 0 0

#Transform 190
