# transform file /out/sourcedata/freesurfer/sub-v2s11x28689_ses-1/mri/transforms/cc_up.lta
# created by oesteban on Tue Mar 10 17:12:17 2026

type      = 0 # LINEAR_VOX_TO_VOX
nxforms   = 1
mean      = 157.0000 162.0000 154.0000
sigma     = 10000.0000
1 4 4
9.999370574951172e-01 4.622129257768393e-03 -1.023398339748383e-02 -2.743493461608887e+01 
-4.621887113898993e-03 9.999893903732300e-01 4.730329601443373e-05 -2.128315162658691e+01 
1.023409329354763e-02 0.000000000000000e+00 9.999477267265320e-01 4.409869194030762e+00 
0.000000000000000e+00 0.000000000000000e+00 0.000000000000000e+00 1.000000000000000e+00 
src volume info
valid = 1  # volume info valid
filename = /out/sourcedata/freesurfer/sub-v2s11x28689_ses-1/mri/norm.mgz
volume = 320 320 320
voxelsize = 7.999999523162842e-01 7.999999523162842e-01 7.999999523162842e-01
xras   = -9.999999403953552e-01 0.000000000000000e+00 0.000000000000000e+00
yras   = 0.000000000000000e+00 0.000000000000000e+00 -9.999999403953552e-01
zras   = 0.000000000000000e+00 9.999999403953552e-01 0.000000000000000e+00
cras   = -9.204101562500000e-01 -6.656600952148438e+00 -2.296409606933594e+00
dst volume info
valid = 1  # volume info valid
filename = /out/sourcedata/freesurfer/sub-v2s11x28689_ses-1/mri/norm.mgz
volume = 320 320 320
voxelsize = 7.999999523162842e-01 7.999999523162842e-01 7.999999523162842e-01
xras   = -9.999999403953552e-01 0.000000000000000e+00 0.000000000000000e+00
yras   = 0.000000000000000e+00 0.000000000000000e+00 -9.999999403953552e-01
zras   = 0.000000000000000e+00 9.999999403953552e-01 0.000000000000000e+00
cras   = -9.204101562500000e-01 -6.656600952148438e+00 -2.296409606933594e+00
