# transform file /out/sourcedata/freesurfer/sub-v2s11x28710_ses-1/mri/transforms/cc_up.lta
# created by oesteban on Tue Mar 10 23:16:59 2026

type      = 0 # LINEAR_VOX_TO_VOX
nxforms   = 1
mean      = 153.0000 171.0000 157.0000
sigma     = 10000.0000
1 4 4
9.991911053657532e-01 -3.397576138377190e-02 -2.151276357471943e-02 -1.458736515045166e+01 
3.396788984537125e-02 9.994226694107056e-01 -7.313347305171192e-04 -3.293743133544922e+01 
2.152519114315510e-02 0.000000000000000e+00 9.997683167457581e-01 -1.421809768676758e+01 
0.000000000000000e+00 0.000000000000000e+00 0.000000000000000e+00 1.000000000000000e+00 
src volume info
valid = 1  # volume info valid
filename = /out/sourcedata/freesurfer/sub-v2s11x28710_ses-1/mri/norm.mgz
volume = 320 320 320
voxelsize = 7.999999523162842e-01 7.999999523162842e-01 7.999999523162842e-01
xras   = -9.999999403953552e-01 0.000000000000000e+00 0.000000000000000e+00
yras   = 0.000000000000000e+00 0.000000000000000e+00 -9.999999403953552e-01
zras   = 0.000000000000000e+00 9.999999403953552e-01 0.000000000000000e+00
cras   = -9.204101562500000e-01 -1.208656311035156e+00 -5.323043823242188e+00
dst volume info
valid = 1  # volume info valid
filename = /out/sourcedata/freesurfer/sub-v2s11x28710_ses-1/mri/norm.mgz
volume = 320 320 320
voxelsize = 7.999999523162842e-01 7.999999523162842e-01 7.999999523162842e-01
xras   = -9.999999403953552e-01 0.000000000000000e+00 0.000000000000000e+00
yras   = 0.000000000000000e+00 0.000000000000000e+00 -9.999999403953552e-01
zras   = 0.000000000000000e+00 9.999999403953552e-01 0.000000000000000e+00
cras   = -9.204101562500000e-01 -1.208656311035156e+00 -5.323043823242188e+00
