# transform file transforms/talairach.lta
# created by oesteban on Tue Mar 10 21:17:09 2026

type      = 0 # LINEAR_VOX_TO_VOX
nxforms   = 1
mean      = 153.0000 171.0000 156.0000
sigma     = 10000.0000
1 4 4
8.755027055740356e-01 -2.189853042364120e-02 3.100446891039610e-03 -5.714430809020996e+00 
2.076972462236881e-02 8.986003398895264e-01 2.978078126907349e-01 -8.901921081542969e+01 
-8.301179856061935e-03 -2.876827418804169e-01 7.795013189315796e-01 4.134697723388672e+01 
0.000000000000000e+00 0.000000000000000e+00 0.000000000000000e+00 1.000000000000000e+00 
src volume info
valid = 1  # volume info valid
filename = nu.mgz
volume = 320 320 320
voxelsize = 7.999999523162842e-01 7.999999523162842e-01 7.999999523162842e-01
xras   = -9.999999403953552e-01 0.000000000000000e+00 0.000000000000000e+00
yras   = 0.000000000000000e+00 0.000000000000000e+00 -9.999999403953552e-01
zras   = 0.000000000000000e+00 9.999999403953552e-01 0.000000000000000e+00
cras   = -9.204101562500000e-01 -1.208656311035156e+00 -5.323043823242188e+00
dst volume info
valid = 1  # volume info valid
filename = /opt/freesurfer/average/RB_all_2020-01-02.gca
volume = 256 256 256
voxelsize = 1.000000000000000e+00 1.000000000000000e+00 1.000000000000000e+00
xras   = -1.000000000000000e+00 0.000000000000000e+00 0.000000000000000e+00
yras   = 0.000000000000000e+00 0.000000000000000e+00 -1.000000000000000e+00
zras   = 0.000000000000000e+00 1.000000000000000e+00 0.000000000000000e+00
cras   = 0.000000000000000e+00 0.000000000000000e+00 0.000000000000000e+00
