#Insight Transform File V1.0
#Transform 0
Transform: AffineTransform_float_3_3
Parameters: 0.999999 0.00131 1.47506e-06 -0.00131 0.999998 0.001126 4.75061e-07 -0.001126 1 -0.038801 0.105775 0.145543
FixedParameters: 0 0 0

#Transform 1
Transform: AffineTransform_float_3_3
Parameters: 1 0.00100033 0.000533263 -0.00100067 0.999998 0.00126147 -0.000531739 -0.00126153 0.999999 -0.0316162 0.0892694 0.156173
FixedParameters: 0 0 0

#Transform 2
Transform: AffineTransform_float_3_3
Parameters: 1 0.000934076 0.000582486 -0.000934926 0.999999 0.00158946 -0.000581515 -0.00158954 0.999998 -0.0299143 0.0148296 0.179194
FixedParameters: 0 0 0

#Transform 3
Transform: AffineTransform_float_3_3
Parameters: 1 0.000747962 0.000757027 -0.000749038 0.999999 0.00137143 -0.000755973 -0.00137257 0.999999 -0.0249715 0.0455665 0.170816
FixedParameters: 0 0 0

#Transform 4
Transform: AffineTransform_float_3_3
Parameters: 0.999999 0.0005872 0.000592793 -0.0005878 0.999999 0.00134965 -0.000592207 -0.00135035 0.999999 -0.0216478 0.103053 0.154497
FixedParameters: 0 0 0

#Transform 5
Transform: AffineTransform_float_3_3
Parameters: 1 0.00058779 0.000179688 -0.00058821 0.999999 0.0011699 -0.000179312 -0.00117011 1 -0.0179774 0.25184 0.0673916
FixedParameters: 0 0 0

#Transform 6
Transform: AffineTransform_float_3_3
Parameters: 1 0.000587999 7.29708e-07 -0.000588001 0.999999 0.001241 -2.70291e-07 -0.001241 0.999999 -0.0121346 0.200151 0.0701345
FixedParameters: 0 0 0

#Transform 7
Transform: AffineTransform_float_3_3
Parameters: 0.999999 0.000837452 0.000386188 -0.000838546 0.999998 0.00141868 -0.00038481 -0.00141932 0.999999 -0.0229624 0.0827285 0.0999747
FixedParameters: 0 0 0

#Transform 8
Transform: AffineTransform_float_3_3
Parameters: 0.999999 0.000587025 0.000669855 -0.000587975 0.999999 0.00145661 -0.000669144 -0.00145639 0.999998 -0.0199456 -0.0118999 0.117366
FixedParameters: 0 0 0

#Transform 9
Transform: AffineTransform_float_3_3
Parameters: 0.999999 0.000375277 0.00069639 -0.000375723 1 0.00103874 -0.00069561 -0.00103826 0.999999 -0.011779 -0.0767105 0.149851
FixedParameters: 0 0 0

#Transform 10
Transform: AffineTransform_float_3_3
Parameters: 0.999999 0.000587474 0.000498621 -0.000588527 1 0.00105571 -0.000498379 -0.00105529 1 -0.0193988 0.0713694 0.119488
FixedParameters: 0 0 0

#Transform 11
Transform: AffineTransform_float_3_3
Parameters: 0.999999 0.000587476 0.000498619 -0.000588525 1 0.00105271 -0.000498381 -0.00105229 1 -0.0193828 0.128869 0.0698225
FixedParameters: 0 0 0

#Transform 12
Transform: AffineTransform_float_3_3
Parameters: 1 0.0004946 0.000498397 -0.0004944 0.999999 0.000802753 -0.000498603 -0.000802246 0.999999 -0.0120905 0.147295 0.0849429
FixedParameters: 0 0 0

#Transform 13
Transform: AffineTransform_float_3_3
Parameters: 0.999999 0.0005876 0.000498472 -0.0005884 0.999999 0.000802706 -0.000498528 -0.000802292 0.999999 -0.0103542 0.0603924 0.133787
FixedParameters: 0 0 0

#Transform 14
Transform: AffineTransform_float_3_3
Parameters: 1 1.86255e-05 0.000498014 -1.83745e-05 0.999999 0.00075199 -0.000497986 -0.000752009 0.999999 0.00646754 0.0650782 0.138556
FixedParameters: 0 0 0

#Transform 15
Transform: AffineTransform_float_3_3
Parameters: 1 0.000178928 0.000179072 -0.000179072 1 0.000402968 -0.000178928 -0.000403032 1 -0.00124704 0.151621 0.0598684
FixedParameters: 0 0 0

#Transform 16
Transform: AffineTransform_float_3_3
Parameters: 0.999999 0.000202304 -0.000731916 -0.000201696 1 0.000415148 0.000732083 -0.000414852 0.999999 -0.00290996 0.204022 -0.00383375
FixedParameters: 0 0 0

#Transform 17
Transform: AffineTransform_float_3_3
Parameters: 1 0.000269144 -0.000383899 -0.000268856 1 0.000376103 0.000384101 -0.000375897 1 0.00963028 0.172301 -0.00137056
FixedParameters: 0 0 0

#Transform 18
Transform: AffineTransform_float_3_3
Parameters: 1 0.000596024 -4.16477e-05 -0.000595975 0.999999 0.000591025 4.13522e-05 -0.000590975 1 -0.0114365 0.0652216 0.0425476
FixedParameters: 0 0 0

#Transform 19
Transform: AffineTransform_float_3_3
Parameters: 1 0.000494989 0.000171031 -0.00049501 1 6.19153e-05 -0.000170969 -6.20846e-05 1 -0.0106776 0.0567886 0.0345239
FixedParameters: 0 0 0

#Transform 20
Transform: AffineTransform_float_3_3
Parameters: 1 -6.99247e-05 -0.000384014 7.00753e-05 1 0.000195973 0.000383986 -0.000196027 1 0.00385857 0.0388076 0.0251649
FixedParameters: 0 0 0

#Transform 21
Transform: AffineTransform_float_3_3
Parameters: 1 -7.02142e-05 -0.000305951 7.07858e-05 1 -0.000700021 0.00030605 0.000699978 0.999999 0.00357223 0.214383 -0.0979226
FixedParameters: 0 0 0

#Transform 22
Transform: AffineTransform_float_3_3
Parameters: 1 0.000152943 -9.70902e-05 -0.000153057 1 -0.000589985 9.69097e-05 0.000590015 1 0.0138699 0.179229 -0.123697
FixedParameters: 0 0 0

#Transform 23
Transform: AffineTransform_float_3_3
Parameters: 1 0.000301948 -8.51827e-05 -0.000301051 1 -0.000604974 8.48179e-05 0.000605025 1 0.0109107 0.143945 -0.113327
FixedParameters: 0 0 0

#Transform 24
Transform: AffineTransform_float_3_3
Parameters: 1 0.00037706 0.000341934 -0.00037694 1 -0.000176129 -0.000342066 0.000175871 1 -0.00190394 0.0704123 -0.0582559
FixedParameters: 0 0 0

#Transform 25
Transform: AffineTransform_float_3_3
Parameters: 1 -6.99076e-05 0.000179036 7.00923e-05 1 -0.000515987 -0.000178964 0.000516012 1 0.0117442 0.115202 -0.0592078
FixedParameters: 0 0 0

#Transform 26
Transform: AffineTransform_float_3_3
Parameters: 1 -7.02853e-05 -0.000383948 7.07146e-05 0.999999 -0.000743027 0.000384052 0.000742973 0.999999 0.0088517 0.209606 -0.131314
FixedParameters: 0 0 0

#Transform 27
Transform: AffineTransform_float_3_3
Parameters: 1 -7.0427e-05 -0.000383922 7.0573e-05 1 -0.00111203 0.000384079 0.00111197 1 -0.000359586 0.1989 -0.17029
FixedParameters: 0 0 0

#Transform 28
Transform: AffineTransform_float_3_3
Parameters: 1 -0.000230285 -0.000383829 0.000229715 0.999999 -0.000743088 0.000384171 0.000742911 0.999999 0.00444611 0.122488 -0.102619
FixedParameters: 0 0 0

#Transform 29
Transform: AffineTransform_float_3_3
Parameters: 1 -0.000215369 -0.000383793 0.00021463 0.999999 -0.000962082 0.000384207 0.000961917 1 -0.0103152 0.0784549 -0.0775859
FixedParameters: 0 0 0

#Transform 30
Transform: AffineTransform_float_3_3
Parameters: 1 -0.000306448 -0.000537745 0.000306552 0.999999 -0.000833165 0.000538256 0.000832835 1 -0.000476929 0.0982166 -0.072537
FixedParameters: 0 0 0

#Transform 31
Transform: AffineTransform_float_3_3
Parameters: 1 -7.05575e-05 -0.000383898 7.04423e-05 0.999999 -0.00145203 0.000384103 0.00145197 0.999999 -0.0157709 0.19944 -0.166859
FixedParameters: 0 0 0

#Transform 32
Transform: AffineTransform_float_3_3
Parameters: 0.999999 -7.10813e-05 -0.000803905 6.99185e-05 0.999999 -0.00134506 0.000804094 0.00134494 0.999999 -0.0045912 0.162632 -0.176497
FixedParameters: 0 0 0

#Transform 33
Transform: AffineTransform_float_3_3
Parameters: 0.999999 -0.000389663 -0.000686624 0.000389337 1 -0.000966268 0.000686376 0.000965734 1 -0.00735618 0.092967 -0.138721
FixedParameters: 0 0 0

#Transform 34
Transform: AffineTransform_float_3_3
Parameters: 1 -0.000427294 -0.000297579 0.000426706 1 -0.000986128 0.000298421 0.000986873 1 -0.00757969 -0.0198318 -0.116558
FixedParameters: 0 0 0

#Transform 35
Transform: AffineTransform_float_3_3
Parameters: 0.999999 -0.000408954 -0.0006494 0.000408046 0.999999 -0.00146926 0.0006496 0.00146873 0.999998 -0.00684762 0.14728 -0.187801
FixedParameters: 0 0 0

#Transform 36
Transform: AffineTransform_float_3_3
Parameters: 1 -0.000320703 -0.000558597 0.000320298 0.999999 -0.00125818 0.000558403 0.00125782 0.999999 0.0070782 0.173846 -0.262304
FixedParameters: 0 0 0

#Transform 37
Transform: AffineTransform_float_3_3
Parameters: 1 -0.000320399 -0.000266521 0.000320602 0.999999 -0.00149609 0.00026648 0.00149591 0.999999 0.00512346 0.121409 -0.26285
FixedParameters: 0 0 0

#Transform 38
Transform: AffineTransform_float_3_3
Parameters: 1 -0.000320162 -0.000119566 0.000320838 0.999999 -0.00135504 0.000119435 0.00135496 0.999999 0.00241164 0.0496962 -0.232369
FixedParameters: 0 0 0

#Transform 39
Transform: AffineTransform_float_3_3
Parameters: 1 -0.000248632 0.000249367 0.000249367 0.999999 -0.00147594 -0.000248632 0.00147606 0.999999 -0.00988493 0.0611963 -0.228728
FixedParameters: 0 0 0

#Transform 40
Transform: AffineTransform_float_3_3
Parameters: 1 -0.000147372 -0.000218749 0.000146627 0.999998 -0.00170203 0.00021925 0.00170197 0.999998 -0.0116456 0.171172 -0.270352
FixedParameters: 0 0 0

#Transform 41
Transform: AffineTransform_float_3_3
Parameters: 0.999999 -0.000417282 -0.000597105 0.000416718 0.999997 -0.00214625 0.000597895 0.00214575 0.999997 0.00489824 0.225247 -0.345407
FixedParameters: 0 0 0

#Transform 42
Transform: AffineTransform_float_3_3
Parameters: 0.999999 -0.0004801 -0.000616144 0.0004789 0.999999 -0.0017853 0.000616856 0.00178471 0.999998 0.00971686 0.151856 -0.282606
FixedParameters: 0 0 0

#Transform 43
Transform: AffineTransform_float_3_3
Parameters: 1 -0.000541253 -0.00016115 0.000540746 0.999998 -0.00157009 0.000161849 0.00156991 0.999999 0.00849722 0.0794861 -0.23288
FixedParameters: 0 0 0

#Transform 44
Transform: AffineTransform_float_3_3
Parameters: 0.999999 -0.00072887 6.93726e-05 0.00072913 0.999998 -0.00188295 -6.86271e-05 0.00188305 0.999998 0.0207724 0.0923547 -0.256508
FixedParameters: 0 0 0

#Transform 45
Transform: AffineTransform_float_3_3
Parameters: 1 -0.000783805 -0.000757136 0.000782195 0.999997 -0.00238159 0.000758865 0.00238041 0.999997 0.0392798 0.18309 -0.373538
FixedParameters: 0 0 0

#Transform 46
Transform: AffineTransform_float_3_3
Parameters: 0.999999 -0.000591377 -0.000616683 0.000590622 0.999998 -0.00223037 0.000618318 0.00222964 0.999998 0.0353903 0.131541 -0.362325
FixedParameters: 0 0 0

#Transform 47
Transform: AffineTransform_float_3_3
Parameters: 0.999999 -0.000576379 -0.000617716 0.00057462 0.999998 -0.00223036 0.000619283 0.00222965 0.999998 0.0284286 0.0837471 -0.357472
FixedParameters: 0 0 0

#Transform 48
Transform: AffineTransform_float_3_3
Parameters: 0.999999 -0.000731028 -0.000856272 0.000728972 0.999997 -0.00236663 0.000857727 0.00236637 0.999997 0.0200211 0.0527212 -0.360828
FixedParameters: 0 0 0

#Transform 49
Transform: AffineTransform_float_3_3
Parameters: 0.999999 -0.000654681 -0.00162012 0.000649321 0.999995 -0.00288706 0.00162188 0.00288694 0.999995 0.0152383 0.187097 -0.442614
FixedParameters: 0 0 0

#Transform 50
Transform: AffineTransform_float_3_3
Parameters: 0.999998 -0.000485627 -0.0018783 0.000479374 0.999993 -0.00352691 0.0018797 0.00352609 0.999992 0.0259245 0.148964 -0.487529
FixedParameters: 0 0 0

#Transform 51
Transform: AffineTransform_float_3_3
Parameters: 0.999999 -0.000482887 -0.00128755 0.000479113 0.999996 -0.00301662 0.00128945 0.00301638 0.999994 0.0128829 0.0986842 -0.445285
FixedParameters: 0 0 0

#Transform 52
Transform: AffineTransform_float_3_3
Parameters: 0.999999 -0.000734069 -0.00164074 0.00072893 0.999995 -0.0030882 0.00164326 0.0030868 0.999994 0.0208988 0.127961 -0.468335
FixedParameters: 0 0 0

#Transform 53
Transform: AffineTransform_float_3_3
Parameters: 0.999997 -0.000737558 -0.00229227 0.000729444 0.999993 -0.00373168 0.00229474 0.00373032 0.999991 0.0272153 0.212528 -0.575685
FixedParameters: 0 0 0

#Transform 54
Transform: AffineTransform_float_3_3
Parameters: 0.999996 -0.000489813 -0.00298825 0.000479184 0.999994 -0.00361845 0.00299075 0.00361655 0.999989 0.0219132 0.171197 -0.574297
FixedParameters: 0 0 0

#Transform 55
Transform: AffineTransform_float_3_3
Parameters: 0.999995 -0.000492069 -0.0033301 0.000478933 0.999992 -0.00392362 0.0033319 0.00392238 0.999987 0.02214 0.0807269 -0.587949
FixedParameters: 0 0 0

#Transform 56
Transform: AffineTransform_float_3_3
Parameters: 0.999993 -0.000743358 -0.00346095 0.000729643 0.999991 -0.00414755 0.00346406 0.00414545 0.999986 0.0291929 0.132359 -0.60971
FixedParameters: 0 0 0

#Transform 57
Transform: AffineTransform_float_3_3
Parameters: 0.999992 -0.00050051 -0.00410744 0.000479488 0.999986 -0.00523601 0.00411057 0.00523399 0.999978 0.0148729 0.233405 -0.747844
FixedParameters: 0 0 0

#Transform 58
Transform: AffineTransform_float_3_3
Parameters: 0.99999 -0.000501787 -0.00457556 0.000479209 0.999987 -0.00498024 0.00457845 0.00497775 0.999977 0.0226352 0.21822 -0.770607
FixedParameters: 0 0 0

#Transform 59
Transform: AffineTransform_float_3_3
Parameters: 0.999989 -0.000502658 -0.00451443 0.000479338 0.999986 -0.00524022 0.00451757 0.00523778 0.999976 0.00982997 0.119892 -0.766178
FixedParameters: 0 0 0

#Transform 60
Transform: AffineTransform_float_3_3
Parameters: 0.99999 -0.000548419 -0.00441175 0.000530579 0.999991 -0.00417538 0.00441425 0.00417262 0.999981 0.00374915 0.0540614 -0.669526
FixedParameters: 0 0 0

#Transform 61
Transform: AffineTransform_float_3_3
Parameters: 0.999985 -0.000504332 -0.00542471 0.000479668 0.999989 -0.00467067 0.0054263 0.00466733 0.999975 -0.00488989 0.202984 -0.800043
FixedParameters: 0 0 0

#Transform 62
Transform: AffineTransform_float_3_3
Parameters: 0.999982 -0.000627861 -0.00605458 0.000604139 0.999992 -0.00394173 0.00605743 0.00393827 0.999974 0.0187824 0.175214 -0.800982
FixedParameters: 0 0 0

#Transform 63
Transform: AffineTransform_float_3_3
Parameters: 0.999987 -0.000801379 -0.00516934 0.000783622 0.999994 -0.0033631 0.00517166 0.0033589 0.999981 0.013897 0.121552 -0.716654
FixedParameters: 0 0 0

#Transform 64
Transform: AffineTransform_float_3_3
Parameters: 0.999991 -0.00125749 -0.0040921 0.00124751 0.999997 -0.00232013 0.0040949 0.00231487 0.999989 0.0198303 0.0973419 -0.614991
FixedParameters: 0 0 0

#Transform 65
Transform: AffineTransform_float_3_3
Parameters: 0.999982 -0.00090775 -0.00589669 0.000886253 0.999993 -0.00368929 0.00590031 0.00368471 0.999976 0.0193346 0.23341 -0.792872
FixedParameters: 0 0 0

#Transform 66
Transform: AffineTransform_float_3_3
Parameters: 0.999977 -0.000911568 -0.00663753 0.00088643 0.999992 -0.00385397 0.00664146 0.00384803 0.99997 0.0251006 0.20764 -0.828427
FixedParameters: 0 0 0

#Transform 67
Transform: AffineTransform_float_3_3
Parameters: 0.999985 -0.000561036 -0.00545458 0.000536967 0.99999 -0.004407 0.00545642 0.00440401 0.999976 0.0187222 0.150102 -0.797503
FixedParameters: 0 0 0

#Transform 68
Transform: AffineTransform_float_3_3
Parameters: 0.999983 -0.000600029 -0.00578316 0.000571965 0.999988 -0.00484739 0.00578684 0.00484361 0.999972 0.02015 0.156425 -0.784362
FixedParameters: 0 0 0

#Transform 69
Transform: AffineTransform_float_3_3
Parameters: 0.999975 -0.000923566 -0.0069351 0.000886432 0.999985 -0.00541828 0.0069399 0.00541172 0.999962 0.0350053 0.242413 -0.878827
FixedParameters: 0 0 0

#Transform 70
Transform: AffineTransform_float_3_3
Parameters: 0.999977 -0.000534365 -0.00672814 0.000497639 0.999984 -0.00555347 0.00673087 0.00555053 0.999962 0.0254318 0.238703 -0.894182
FixedParameters: 0 0 0

#Transform 71
Transform: AffineTransform_float_3_3
Parameters: 0.999979 -0.000463514 -0.00650163 0.000428483 0.999986 -0.0053099 0.00650336 0.0053061 0.999965 0.0181812 0.13222 -0.876913
FixedParameters: 0 0 0

#Transform 72
Transform: AffineTransform_float_3_3
Parameters: 0.999977 -0.000518636 -0.00665531 0.000483363 0.999985 -0.00535533 0.00665768 0.00535166 0.999963 0.00872725 0.209055 -0.913991
FixedParameters: 0 0 0

#Transform 73
Transform: AffineTransform_float_3_3
Parameters: 0.999969 -0.000329346 -0.00789138 0.000287647 0.999986 -0.00524044 0.00789361 0.00523757 0.999955 -0.0164949 0.276895 -0.940632
FixedParameters: 0 0 0

#Transform 74
Transform: AffineTransform_float_3_3
Parameters: 0.999962 -5.51778e-05 -0.00877783 8.18995e-07 0.999981 -0.00617225 0.00877818 0.00617176 0.999943 0.000590497 0.212038 -0.877309
FixedParameters: 0 0 0

#Transform 75
Transform: AffineTransform_float_3_3
Parameters: 0.999972 0.000146041 -0.00746277 -0.000180959 0.999989 -0.00468378 0.00746224 0.00468522 0.999961 -0.0247909 0.159088 -0.67317
FixedParameters: 0 0 0

#Transform 76
Transform: AffineTransform_float_3_3
Parameters: 0.999968 -8.66029e-05 -0.00799765 4.14046e-05 0.999985 -0.00557651 0.00799736 0.00557649 0.999953 -0.0191533 0.227839 -0.84067
FixedParameters: 0 0 0

#Transform 77
Transform: AffineTransform_float_3_3
Parameters: 0.999962 -1.8641e-05 -0.00871405 -3.26403e-05 0.999983 -0.00592595 0.00871396 0.00592607 0.999945 -0.0340266 0.235144 -0.976638
FixedParameters: 0 0 0

#Transform 78
Transform: AffineTransform_float_3_3
Parameters: 0.999965 5.80411e-05 -0.00828049 -0.000107964 0.999982 -0.00603331 0.00828049 0.00603368 0.999947 -0.0428673 0.200361 -0.984488
FixedParameters: 0 0 0

#Transform 79
Transform: AffineTransform_float_3_3
Parameters: 0.999967 -6.6886e-05 -0.00805474 1.91097e-05 0.999983 -0.00594535 0.00805525 0.00594466 0.99995 -0.0400964 0.15139 -0.981057
FixedParameters: 0 0 0

#Transform 80
Transform: AffineTransform_float_3_3
Parameters: 0.999962 -7.58751e-05 -0.00871369 1.91258e-05 0.999978 -0.00652741 0.00871331 0.00652658 0.99994 -0.0457972 0.237474 -1.07437
FixedParameters: 0 0 0

#Transform 81
Transform: AffineTransform_float_3_3
Parameters: 0.999956 -7.75233e-05 -0.00931768 1.14869e-05 0.999976 -0.00703141 0.00931731 0.00703158 0.999932 -0.0379433 0.28704 -1.13494
FixedParameters: 0 0 0

#Transform 82
Transform: AffineTransform_float_3_3
Parameters: 0.999955 -2.73668e-05 -0.00950406 -4.43655e-05 0.999971 -0.00761392 0.00950393 0.00761408 0.999926 -0.0359425 0.2513 -1.08296
FixedParameters: 0 0 0

#Transform 83
Transform: AffineTransform_float_3_3
Parameters: 0.999971 -0.000174027 -0.00769575 0.00010497 0.99996 -0.00896907 0.00769726 0.00896793 0.99993 -0.0406973 0.172524 -0.93645
FixedParameters: 0 0 0

#Transform 84
Transform: AffineTransform_float_3_3
Parameters: 0.999967 -0.000240566 -0.00809732 0.000175439 0.999967 -0.00809669 0.00809869 0.00809532 0.999935 -0.0458526 0.271789 -0.975319
FixedParameters: 0 0 0

#Transform 85
Transform: AffineTransform_float_3_3
Parameters: 0.999964 -0.00021055 -0.00856643 0.00013245 0.999958 -0.00916947 0.00856758 0.00916753 0.999922 -0.0275325 0.269448 -1.14144
FixedParameters: 0 0 0

#Transform 86
Transform: AffineTransform_float_3_3
Parameters: 0.999971 -0.000282242 -0.00752616 0.00022776 0.999974 -0.00720692 0.00752783 0.00720508 0.999945 -0.0269228 0.255503 -1.0007
FixedParameters: 0 0 0

#Transform 87
Transform: AffineTransform_float_3_3
Parameters: 0.999966 -0.000494958 -0.00814494 0.000423044 0.999961 -0.00883374 0.00814905 0.00883026 0.999928 -0.0122558 0.17888 -0.902246
FixedParameters: 0 0 0

#Transform 88
Transform: AffineTransform_float_3_3
Parameters: 0.999956 -0.000460697 -0.00929948 0.000358309 0.999939 -0.0110418 0.00930352 0.0110382 0.999896 -0.0242628 0.274799 -1.13739
FixedParameters: 0 0 0

#Transform 89
Transform: AffineTransform_float_3_3
Parameters: 0.999959 5.57201e-05 -0.00913014 -0.00015429 0.999942 -0.010764 0.00912987 0.010765 0.999901 -0.0341715 0.262769 -1.19235
FixedParameters: 0 0 0

#Transform 90
Transform: AffineTransform_float_3_3
Parameters: 0.999963 0.000208676 -0.00865911 -0.000282322 0.999963 -0.00858288 0.0086569 0.00858513 0.999925 -0.0494361 0.21308 -1.06195
FixedParameters: 0 0 0

#Transform 91
Transform: AffineTransform_float_3_3
Parameters: 0.999965 0.000226646 -0.00827694 -0.000289353 0.999971 -0.00753286 0.00827506 0.00753513 0.999938 -0.0680793 0.159695 -0.946042
FixedParameters: 0 0 0

#Transform 92
Transform: AffineTransform_float_3_3
Parameters: 0.999961 3.99073e-05 -0.00877557 -0.000108099 0.99997 -0.00775935 0.00877542 0.00775965 0.999932 -0.0599005 0.272309 -1.07274
FixedParameters: 0 0 0

#Transform 93
Transform: AffineTransform_float_3_3
Parameters: 0.999965 -0.000123027 -0.00845227 5.19691e-05 0.999964 -0.00840374 0.00845274 0.00840226 0.999929 -0.0369205 0.275638 -1.11001
FixedParameters: 0 0 0

#Transform 94
Transform: AffineTransform_float_3_3
Parameters: 0.999964 -0.000489877 -0.00844939 0.000423119 0.999968 -0.00791486 0.00845361 0.00791114 0.999933 -0.028901 0.221397 -0.888331
FixedParameters: 0 0 0

#Transform 95
Transform: AffineTransform_float_3_3
Parameters: 0.999957 -0.000497322 -0.00918828 0.000423678 0.999967 -0.00808924 0.00919172 0.00808477 0.999925 -0.0321516 0.266632 -0.937637
FixedParameters: 0 0 0

#Transform 96
Transform: AffineTransform_float_3_3
Parameters: 0.999955 -0.000199479 -0.00946162 0.000117513 0.999962 -0.0087175 0.00946339 0.0087155 0.999917 -0.0376061 0.296586 -1.11168
FixedParameters: 0 0 0

#Transform 97
Transform: AffineTransform_float_3_3
Parameters: 0.999956 -0.00033594 -0.00937942 0.000254057 0.999962 -0.00873576 0.00938258 0.00873323 0.999918 -0.0291668 0.272983 -1.14727
FixedParameters: 0 0 0

#Transform 98
Transform: AffineTransform_float_3_3
Parameters: 0.99996 -0.00049828 -0.00893412 0.000423729 0.999965 -0.00842512 0.00893788 0.00842188 0.999924 -0.0251172 0.204365 -1.10348
FixedParameters: 0 0 0

#Transform 99
Transform: AffineTransform_float_3_3
Parameters: 0.999956 3.43749e-05 -0.00944264 -0.000115622 0.999963 -0.00853828 0.00944136 0.0085387 0.999919 -0.0567628 0.222577 -1.11976
FixedParameters: 0 0 0

#Transform 100
Transform: AffineTransform_float_3_3
Parameters: 0.999949 0.000352906 -0.0101667 -0.000446097 0.999958 -0.00915594 0.0101633 0.00916006 0.999907 -0.0632251 0.296194 -1.18976
FixedParameters: 0 0 0

#Transform 101
Transform: AffineTransform_float_3_3
Parameters: 0.999945 0.00028686 -0.0104762 -0.000387142 0.999954 -0.00955748 0.0104738 0.00956154 0.9999 -0.0601144 0.284386 -1.19106
FixedParameters: 0 0 0

#Transform 102
Transform: AffineTransform_float_3_3
Parameters: 0.999951 0.000325753 -0.00995641 -0.000417256 0.999958 -0.0091643 0.0099536 0.0091677 0.999909 -0.063207 0.187244 -1.17683
FixedParameters: 0 0 0

#Transform 103
Transform: AffineTransform_float_3_3
Parameters: 0.99995 3.35008e-05 -0.0100197 -0.000127504 0.999957 -0.0093312 0.0100192 0.00933181 0.999907 -0.0538352 0.288427 -1.23478
FixedParameters: 0 0 0

#Transform 104
Transform: AffineTransform_float_3_3
Parameters: 0.999952 -0.000200238 -0.00975455 0.000108772 0.999957 -0.00935251 0.00975544 0.00935149 0.999908 -0.0307006 0.340769 -1.26659
FixedParameters: 0 0 0

#Transform 105
Transform: AffineTransform_float_3_3
Parameters: 0.999962 -0.000296997 -0.00873047 0.000209996 0.999951 -0.00996422 0.00873353 0.00996179 0.999912 -0.0211745 0.340049 -1.24582
FixedParameters: 0 0 0

#Transform 106
Transform: AffineTransform_float_3_3
Parameters: 0.999967 -0.000826623 -0.00816998 0.000754374 0.99996 -0.00888847 0.00817703 0.00888154 0.999927 0.00821326 0.235845 -1.16962
FixedParameters: 0 0 0

#Transform 107
Transform: AffineTransform_float_3_3
Parameters: 0.999977 -0.000932237 -0.00675451 0.000883772 0.999974 -0.00714013 0.00676048 0.00713486 0.999951 -0.0024182 0.260176 -1.13498
FixedParameters: 0 0 0

#Transform 108
Transform: AffineTransform_float_3_3
Parameters: 0.999971 -0.000939384 -0.00757233 0.000883619 0.999973 -0.0073139 0.00757866 0.00730709 0.999944 0.00776959 0.296504 -1.14303
FixedParameters: 0 0 0

#Transform 109
Transform: AffineTransform_float_3_3
Parameters: 0.999969 -0.00102448 -0.00780919 0.000963527 0.999968 -0.00787177 0.00781683 0.00786424 0.999939 0.0173691 0.350526 -1.21756
FixedParameters: 0 0 0

#Transform 110
Transform: AffineTransform_float_3_3
Parameters: 0.999968 -0.000941056 -0.00786038 0.000883953 0.999974 -0.00725818 0.00786662 0.00725182 0.999943 0.0206629 0.298288 -1.16836
FixedParameters: 0 0 0

#Transform 111
Transform: AffineTransform_float_3_3
Parameters: 0.999968 -0.00135701 -0.0078657 0.00130199 0.999974 -0.00699546 0.00787429 0.00698453 0.999944 0.0335814 0.202701 -1.16196
FixedParameters: 0 0 0

#Transform 112
Transform: AffineTransform_float_3_3
Parameters: 0.999971 -0.00135526 -0.00751859 0.00130275 0.999974 -0.007084 0.00752741 0.007074 0.999946 0.0361855 0.202025 -1.14612
FixedParameters: 0 0 0

#Transform 113
Transform: AffineTransform_float_3_3
Parameters: 0.999971 -0.000986819 -0.00752138 0.000935182 0.999976 -0.00689023 0.00752762 0.00688277 0.999948 0.0218388 0.244009 -1.14006
FixedParameters: 0 0 0

#Transform 114
Transform: AffineTransform_float_3_3
Parameters: 0.999969 -0.00109921 -0.00777473 0.00103979 0.99997 -0.00774332 0.00778328 0.00773569 0.99994 0.0312764 0.421483 -1.23948
FixedParameters: 0 0 0

#Transform 115
Transform: AffineTransform_float_3_3
Parameters: 0.999968 -0.00115199 -0.00788889 0.00109502 0.999974 -0.00722387 0.00789711 0.00721513 0.999943 0.0386032 0.394107 -1.20221
FixedParameters: 0 0 0

#Transform 116
Transform: AffineTransform_float_3_3
Parameters: 0.999968 -0.000802374 -0.00797181 0.000748624 0.999978 -0.00669618 0.00797719 0.00668981 0.999946 0.0157965 0.320496 -1.17775
FixedParameters: 0 0 0

#Transform 117
Transform: AffineTransform_float_3_3
Parameters: 0.999963 -0.000838324 -0.00854903 0.000785677 0.999981 -0.00612194 0.00855397 0.00611505 0.999944 0.00559825 0.218412 -1.1295
FixedParameters: 0 0 0

#Transform 118
Transform: AffineTransform_float_3_3
Parameters: 0.999962 -0.000868044 -0.00872207 0.000816955 0.999983 -0.00585435 0.00872693 0.00584665 0.999945 -0.00799809 0.261927 -1.0777
FixedParameters: 0 0 0

#Transform 119
Transform: AffineTransform_float_3_3
Parameters: 0.999954 -0.000609278 -0.00951364 0.000536715 0.999971 -0.00759845 0.00951835 0.00759254 0.999926 -0.0143914 0.356261 -1.27394
FixedParameters: 0 0 0

#Transform 120
Transform: AffineTransform_float_3_3
Parameters: 0.999958 -0.000347311 -0.00922227 0.000264693 0.99996 -0.00892482 0.00922473 0.00892217 0.999917 -0.0149241 0.36477 -1.31853
FixedParameters: 0 0 0

#Transform 121
Transform: AffineTransform_float_3_3
Parameters: 0.999961 5.87492e-06 -0.0088154 -8.41269e-05 0.99996 -0.0088626 0.0088146 0.00886239 0.999922 -0.0358545 0.293837 -1.18453
FixedParameters: 0 0 0

#Transform 122
Transform: AffineTransform_float_3_3
Parameters: 0.999962 0.000169674 -0.00869679 -0.000244321 0.999963 -0.0086602 0.00869521 0.0086628 0.999924 -0.0748469 0.255778 -1.11239
FixedParameters: 0 0 0

#Transform 123
Transform: AffineTransform_float_3_3
Parameters: 0.999956 5.68283e-05 -0.00935692 -0.000143173 0.999957 -0.00920906 0.00935608 0.00920993 0.999914 -0.0799104 0.342059 -1.20744
FixedParameters: 0 0 0

#Transform 124
Transform: AffineTransform_float_3_3
Parameters: 0.999945 -0.000121815 -0.0104373 1.21915e-05 0.999945 -0.0104247 0.0104377 0.0104243 0.999891 -0.066874 0.411331 -1.35427
FixedParameters: 0 0 0

#Transform 125
Transform: AffineTransform_float_3_3
Parameters: 0.999946 -0.000211998 -0.0103265 0.000116 0.999957 -0.0092957 0.0103285 0.00929431 0.999904 -0.0558976 0.329462 -1.31427
FixedParameters: 0 0 0

#Transform 126
Transform: AffineTransform_float_3_3
Parameters: 0.999949 -0.0003549 -0.0101433 0.000265092 0.99996 -0.00886315 0.0101468 0.00885985 0.99991 -0.0529976 0.271682 -1.28398
FixedParameters: 0 0 0

#Transform 127
Transform: AffineTransform_float_3_3
Parameters: 0.999957 -0.000955668 -0.00921885 0.000884327 0.99997 -0.00777549 0.00922615 0.00776652 0.999928 -0.0474797 0.236815 -1.12273
FixedParameters: 0 0 0

#Transform 128
Transform: AffineTransform_float_3_3
Parameters: 0.999956 -0.000763566 -0.00937392 0.000670436 0.999951 -0.00987372 0.00938108 0.00986728 0.999908 -0.044688 0.383904 -1.27979
FixedParameters: 0 0 0

#Transform 129
Transform: AffineTransform_float_3_3
Parameters: 0.999957 -0.000976434 -0.0092377 0.000884567 0.999949 -0.0100056 0.00924631 0.0099964 0.999908 -0.0375384 0.3568 -1.30607
FixedParameters: 0 0 0

#Transform 130
Transform: AffineTransform_float_3_3
Parameters: 0.999957 -0.000716285 -0.0093215 0.000625708 0.999953 -0.00968525 0.00932849 0.00967874 0.999909 -0.0392371 0.269155 -1.28688
FixedParameters: 0 0 0

#Transform 131
Transform: AffineTransform_float_3_3
Parameters: 0.999957 -0.000536538 -0.0092753 0.00044846 0.999955 -0.00954558 0.0092797 0.00954044 0.999912 -0.0322874 0.245824 -1.25078
FixedParameters: 0 0 0

#Transform 132
Transform: AffineTransform_float_3_3
Parameters: 0.999952 -0.000504906 -0.00973037 0.000406103 0.999949 -0.0101634 0.00973462 0.0101596 0.999901 -0.0417884 0.360375 -1.34333
FixedParameters: 0 0 0

#Transform 133
Transform: AffineTransform_float_3_3
Parameters: 0.999948 -0.000267096 -0.0102578 0.00016391 0.999949 -0.0100492 0.0102602 0.0100478 0.999897 -0.0542895 0.38494 -1.30258
FixedParameters: 0 0 0

#Transform 134
Transform: AffineTransform_float_3_3
Parameters: 0.999953 -0.000125918 -0.00968024 3.40768e-05 0.999955 -0.00949577 0.00968076 0.00949423 0.999908 -0.0724854 0.314463 -1.21545
FixedParameters: 0 0 0

#Transform 135
Transform: AffineTransform_float_3_3
Parameters: 0.999952 -0.000322695 -0.00980432 0.000226312 0.999953 -0.00975969 0.00980668 0.00975731 0.999905 -0.0549155 0.322266 -1.24772
FixedParameters: 0 0 0

#Transform 136
Transform: AffineTransform_float_3_3
Parameters: 0.999948 -0.000333005 -0.0101211 0.000226988 0.999945 -0.0104738 0.0101239 0.0104702 0.999894 -0.0526197 0.421246 -1.3575
FixedParameters: 0 0 0

#Transform 137
Transform: AffineTransform_float_3_3
Parameters: 0.999949 -0.000327327 -0.0100242 0.000226677 0.99995 -0.0100078 0.0100268 0.0100052 0.999899 -0.0415472 0.408671 -1.34358
FixedParameters: 0 0 0

#Transform 138
Transform: AffineTransform_float_3_3
Parameters: 0.999957 -0.000320419 -0.00934127 0.000226579 0.99995 -0.0100006 0.00934374 0.00999745 0.999907 -0.0439611 0.306053 -1.29342
FixedParameters: 0 0 0

#Transform 139
Transform: AffineTransform_float_3_3
Parameters: 0.999977 -0.000292337 -0.00669346 0.000226663 0.999953 -0.00976074 0.00669553 0.00975826 0.99993 -0.0688953 0.219276 -1.09143
FixedParameters: 0 0 0

#Transform 140
Transform: AffineTransform_float_3_3
Parameters: 0.999967 -0.000312499 -0.00805514 0.0002265 0.999943 -0.0106132 0.00805786 0.0106108 0.999911 -0.0625469 0.347848 -1.23316
FixedParameters: 0 0 0

#Transform 141
Transform: AffineTransform_float_3_3
Parameters: 0.99996 -0.00031938 -0.00891617 0.000226618 0.999947 -0.0103604 0.00891882 0.0103576 0.999906 -0.040692 0.340502 -1.26518
FixedParameters: 0 0 0

#Transform 142
Transform: AffineTransform_float_3_3
Parameters: 0.999962 -0.00124009 -0.0086999 0.00115192 0.999948 -0.0101224 0.0087121 0.0101126 0.999911 0.0318188 0.310215 -1.15604
FixedParameters: 0 0 0

#Transform 143
Transform: AffineTransform_float_3_3
Parameters: 0.999965 -0.00106201 -0.00838826 0.000981985 0.999954 -0.00953758 0.00839775 0.00952843 0.99992 0.000682394 0.267603 -1.09026
FixedParameters: 0 0 0

#Transform 144
Transform: AffineTransform_float_3_3
Parameters: 0.999962 -0.00101686 -0.00865234 0.000931135 0.999951 -0.00992144 0.00866266 0.00991357 0.999914 -0.00024844 0.379361 -1.19446
FixedParameters: 0 0 0

#Transform 145
Transform: AffineTransform_float_3_3
Parameters: 0.999961 -0.0010198 -0.00880016 0.000931195 0.999948 -0.0100896 0.00880984 0.0100804 0.999911 0.012347 0.409571 -1.23697
FixedParameters: 0 0 0

#Transform 146
Transform: AffineTransform_float_3_3
Parameters: 0.999961 -0.00115603 -0.00878171 0.00107497 0.999957 -0.0092268 0.00879128 0.0092162 0.999919 0.0171088 0.320984 -1.16593
FixedParameters: 0 0 0

#Transform 147
Transform: AffineTransform_float_3_3
Parameters: 0.99997 -0.00168549 -0.0075685 0.0016195 0.99996 -0.00878352 0.0075835 0.00877048 0.999933 0.0211142 0.25071 -1.00901
FixedParameters: 0 0 0

#Transform 148
Transform: AffineTransform_float_3_3
Parameters: 0.999967 -0.00169099 -0.00786787 0.001619 0.999957 -0.00914803 0.00788313 0.00913497 0.999927 0.0141782 0.351763 -1.05098
FixedParameters: 0 0 0

#Transform 149
Transform: AffineTransform_float_3_3
Parameters: 0.999955 -0.00156585 -0.00935978 0.00147214 0.999948 -0.0100262 0.00937522 0.0100118 0.999906 0.000162277 0.44665 -1.18091
FixedParameters: 0 0 0

#Transform 150
Transform: AffineTransform_float_3_3
Parameters: 0.999962 -0.00168755 -0.00856478 0.00161945 0.999966 -0.00800417 0.00857823 0.00798983 0.999932 0.00487669 0.270642 -0.902912
FixedParameters: 0 0 0

#Transform 151
Transform: AffineTransform_float_3_3
Parameters: 0.999979 -0.00143987 -0.0064242 0.00139913 0.99998 -0.00620612 0.0064328 0.00619687 0.99996 -0.00820056 0.216144 -0.54969
FixedParameters: 0 0 0

#Transform 152
Transform: AffineTransform_float_3_3
Parameters: 0.999981 -0.00123994 -0.0060732 0.00119606 0.999973 -0.00723341 0.00608181 0.0072266 0.999956 -0.000359301 0.298725 -0.677386
FixedParameters: 0 0 0

#Transform 153
Transform: AffineTransform_float_3_3
Parameters: 0.999971 -0.00148143 -0.00737497 0.00141557 0.999959 -0.0090047 0.00738804 0.00899332 0.999933 0.0164193 0.368344 -0.991294
FixedParameters: 0 0 0

#Transform 154
Transform: AffineTransform_float_3_3
Parameters: 0.999967 -0.00132765 -0.00795537 0.00125634 0.999958 -0.00900528 0.00796762 0.00899471 0.999928 0.0174888 0.390427 -1.04504
FixedParameters: 0 0 0

#Transform 155
Transform: AffineTransform_float_3_3
Parameters: 0.999969 -0.00132 -0.00784534 0.001255 0.999965 -0.00828411 0.00785666 0.00827389 0.999935 0.0134714 0.299113 -1.02463
FixedParameters: 0 0 0

#Transform 156
Transform: AffineTransform_float_3_3
Parameters: 0.999966 -0.0016782 -0.00806491 0.00161981 0.999971 -0.00734031 0.00807709 0.00732769 0.99994 0.0146346 0.224505 -0.812157
FixedParameters: 0 0 0

#Transform 157
Transform: AffineTransform_float_3_3
Parameters: 0.999968 -0.00190046 -0.00776952 0.00183554 0.999964 -0.00829553 0.00778448 0.00828047 0.999936 0.0147253 0.284783 -0.815367
FixedParameters: 0 0 0

#Transform 158
Transform: AffineTransform_float_3_3
Parameters: 0.999962 -0.00169553 -0.00853015 0.00161948 0.999959 -0.00896916 0.00854486 0.00895586 0.999924 -0.00521944 0.370669 -0.909611
FixedParameters: 0 0 0

#Transform 159
Transform: AffineTransform_float_3_3
Parameters: 0.999964 -0.00213091 -0.00822346 0.0020541 0.999954 -0.00934924 0.00824255 0.00933278 0.999923 -0.0118726 0.31969 -0.771249
FixedParameters: 0 0 0

#Transform 160
Transform: AffineTransform_float_3_3
Parameters: 0.999969 -0.00193602 -0.00771982 0.00186198 0.999953 -0.00958468 0.00773719 0.00956933 0.999925 -0.047622 0.308962 -0.695766
FixedParameters: 0 0 0

#Transform 161
Transform: AffineTransform_float_3_3
Parameters: 0.999949 -0.00215299 -0.00984356 0.002038 0.999929 -0.0116777 0.00986845 0.0116563 0.999884 -0.0210799 0.457679 -1.03907
FixedParameters: 0 0 0

#Transform 162
Transform: AffineTransform_float_3_3
Parameters: 0.999941 -0.00230611 -0.0106692 0.00219289 0.999942 -0.010601 0.0106928 0.010577 0.999887 -0.00601001 0.446581 -1.06792
FixedParameters: 0 0 0

#Transform 163
Transform: AffineTransform_float_3_3
Parameters: 0.999943 -0.00230972 -0.010483 0.00219227 0.999935 -0.0111326 0.010508 0.0111084 0.999883 -0.0104101 0.331104 -1.1136
FixedParameters: 0 0 0

#Transform 164
Transform: AffineTransform_float_3_3
Parameters: 0.999943 -0.00230354 -0.0104422 0.00219245 0.999941 -0.0105855 0.0104668 0.0105615 0.99989 0.00605156 0.332566 -1.09981
FixedParameters: 0 0 0

#Transform 165
Transform: AffineTransform_float_3_3
Parameters: 0.99994 -0.00254678 -0.0106729 0.00242621 0.999933 -0.0113146 0.0107011 0.0112874 0.999879 0.0295857 0.429312 -1.22051
FixedParameters: 0 0 0

#Transform 166
Transform: AffineTransform_float_3_3
Parameters: 0.999943 -0.00255669 -0.0104212 0.00244531 0.999939 -0.0107161 0.0104478 0.0106899 0.999889 0.0353118 0.442768 -1.19141
FixedParameters: 0 0 0

#Transform 167
Transform: AffineTransform_float_3_3
Parameters: 0.999944 -0.00327753 -0.0100022 0.00320046 0.999965 -0.00765843 0.0100267 0.00762555 0.99992 0.0764843 0.40034 -1.05492
FixedParameters: 0 0 0

#Transform 168
Transform: AffineTransform_float_3_3
Parameters: 0.999949 -0.00313154 -0.00958588 0.00306346 0.999969 -0.00715673 0.00960813 0.00712628 0.999929 0.0714686 0.275316 -0.914031
FixedParameters: 0 0 0

#Transform 169
Transform: AffineTransform_float_3_3
Parameters: 0.999941 -0.0027978 -0.0104973 0.00271921 0.999968 -0.00751299 0.0105177 0.00748401 0.999916 0.0388446 0.435172 -1.06635
FixedParameters: 0 0 0

#Transform 170
Transform: AffineTransform_float_3_3
Parameters: 0.999929 -0.00248001 -0.0116525 0.00240599 0.999977 -0.00636149 0.0116675 0.00633251 0.999912 -0.000900454 0.454586 -1.09371
FixedParameters: 0 0 0

#Transform 171
Transform: AffineTransform_float_3_3
Parameters: 0.999959 -0.00285199 -0.00866244 0.002795 0.999975 -0.00658449 0.00868156 0.00655951 0.999941 0.0111545 0.346572 -0.880862
FixedParameters: 0 0 0

#Transform 172
Transform: AffineTransform_float_3_3
Parameters: 0.999968 -0.00327756 -0.00738045 0.00322444 0.999969 -0.00725704 0.00740456 0.00723297 0.999947 0.00774389 0.411325 -0.857433
FixedParameters: 0 0 0

#Transform 173
Transform: AffineTransform_float_3_3
Parameters: 0.999966 -0.00346986 -0.00740228 0.00339713 0.999946 -0.00983348 0.00743672 0.00980752 0.999925 0.0446318 0.529846 -1.13462
FixedParameters: 0 0 0

#Transform 174
Transform: AffineTransform_float_3_3
Parameters: 0.999964 -0.00327996 -0.00776115 0.00320604 0.999949 -0.00952321 0.00779184 0.00949777 0.999924 0.0414847 0.492896 -1.10455
FixedParameters: 0 0 0

#Transform 175
Transform: AffineTransform_float_3_3
Parameters: 0.999967 -0.00327228 -0.00734884 0.00320572 0.999954 -0.00901286 0.00737815 0.00898915 0.999933 0.0192882 0.434495 -0.969649
FixedParameters: 0 0 0

#Transform 176
Transform: AffineTransform_float_3_3
Parameters: 0.999968 -0.00343488 -0.00714978 0.00336712 0.99995 -0.00948438 0.00718222 0.00945964 0.99993 0.0238059 0.548188 -1.09468
FixedParameters: 0 0 0

#Transform 177
Transform: AffineTransform_float_3_3
Parameters: 0.99996 -0.0035184 -0.00828957 0.0034236 0.999929 -0.0113748 0.00832844 0.0113462 0.999901 0.0375081 0.577878 -1.36566
FixedParameters: 0 0 0

#Transform 178
Transform: AffineTransform_float_3_3
Parameters: 0.999957 -0.00329407 -0.00875136 0.00320594 0.999945 -0.0100585 0.00878365 0.0100295 0.999911 0.027185 0.473162 -1.30363
FixedParameters: 0 0 0

#Transform 179
Transform: AffineTransform_float_3_3
Parameters: 0.999965 -0.0031647 -0.00776957 0.00309429 0.999954 -0.00909536 0.00779842 0.00907063 0.999928 0.0191793 0.403688 -1.20178
FixedParameters: 0 0 0

#Transform 180
Transform: AffineTransform_float_3_3
Parameters: 0.999979 -0.00266158 -0.00603349 0.00259541 0.999938 -0.0108519 0.0060625 0.0108351 0.999923 0.00848955 0.38199 -1.05574
FixedParameters: 0 0 0

#Transform 181
Transform: AffineTransform_float_3_3
Parameters: 0.999972 -0.00268585 -0.00689969 0.00259615 0.999912 -0.0129983 0.0069343 0.0129797 0.999891 0.0189057 0.48768 -1.33118
FixedParameters: 0 0 0

#Transform 182
Transform: AffineTransform_float_3_3
Parameters: 0.999972 -0.00263042 -0.00692606 0.00254157 0.999915 -0.0127449 0.00695893 0.012727 0.999895 0.024016 0.550471 -1.35038
FixedParameters: 0 0 0

#Transform 183
Transform: AffineTransform_float_3_3
Parameters: 0.999982 -0.00265899 -0.00536222 0.00259601 0.999928 -0.0117201 0.00539278 0.0117059 0.999917 0.0205399 0.476231 -1.17002
FixedParameters: 0 0 0

#Transform 184
Transform: AffineTransform_float_3_3
Parameters: 0.99998 -0.00248858 -0.00579344 0.00242144 0.99993 -0.0116413 0.00582156 0.0116277 0.999915 0.0323996 0.473958 -1.04921
FixedParameters: 0 0 0

#Transform 185
Transform: AffineTransform_float_3_3
Parameters: 0.999973 -0.00269324 -0.00692597 0.00259579 0.999899 -0.0140094 0.00696203 0.0139916 0.999878 0.0386031 0.561285 -1.34424
FixedParameters: 0 0 0

#Transform 186
Transform: AffineTransform_float_3_3
Parameters: 0.999971 -0.00270504 -0.00712757 0.00259596 0.99988 -0.015263 0.00716843 0.0152441 0.999858 0.0392303 0.558206 -1.4482
FixedParameters: 0 0 0

#Transform 187
Transform: AffineTransform_float_3_3
Parameters: 0.999974 -0.00269896 -0.00657467 0.00259605 0.999874 -0.0156185 0.00661533 0.0156015 0.999857 0.0364362 0.502247 -1.41238
FixedParameters: 0 0 0

#Transform 188
Transform: AffineTransform_float_3_3
Parameters: 0.99998 -0.00278533 -0.0056492 0.00270167 0.999885 -0.0148806 0.00568982 0.0148654 0.999874 0.0379669 0.468837 -1.30052
FixedParameters: 0 0 0

#Transform 189
Transform: AffineTransform_float_3_3
