# transform file /out/sourcedata/freesurfer/sub-v2s11x28687_ses-1/mri/transforms/cc_up.lta
# created by oesteban on Tue Mar 10 16:51:43 2026

type      = 0 # LINEAR_VOX_TO_VOX
nxforms   = 1
mean      = 159.0000 161.0000 154.0000
sigma     = 10000.0000
1 4 4
9.971120953559875e-01 4.297448694705963e-02 -6.261356920003891e-02 -2.929275703430176e+01 
-4.289000481367111e-02 9.990760684013367e-01 2.693274291232228e-03 -1.141218280792236e+01 
6.267146766185760e-02 0.000000000000000e+00 9.980341196060181e-01 -2.170485877990723e+01 
0.000000000000000e+00 0.000000000000000e+00 0.000000000000000e+00 1.000000000000000e+00 
src volume info
valid = 1  # volume info valid
filename = /out/sourcedata/freesurfer/sub-v2s11x28687_ses-1/mri/norm.mgz
volume = 320 320 320
voxelsize = 7.999999523162842e-01 7.999999523162842e-01 7.999999523162842e-01
xras   = -9.999999403953552e-01 0.000000000000000e+00 0.000000000000000e+00
yras   = 0.000000000000000e+00 0.000000000000000e+00 -9.999999403953552e-01
zras   = 0.000000000000000e+00 9.999999403953552e-01 0.000000000000000e+00
cras   = 3.693618774414062e-01 4.844596862792969e+00 2.814406967163086e+01
dst volume info
valid = 1  # volume info valid
filename = /out/sourcedata/freesurfer/sub-v2s11x28687_ses-1/mri/norm.mgz
volume = 320 320 320
voxelsize = 7.999999523162842e-01 7.999999523162842e-01 7.999999523162842e-01
xras   = -9.999999403953552e-01 0.000000000000000e+00 0.000000000000000e+00
yras   = 0.000000000000000e+00 0.000000000000000e+00 -9.999999403953552e-01
zras   = 0.000000000000000e+00 9.999999403953552e-01 0.000000000000000e+00
cras   = 3.693618774414062e-01 4.844596862792969e+00 2.814406967163086e+01
