#Insight Transform File V1.0
#Transform 0
Transform: AffineTransform_float_3_3
Parameters: 1 0.000950509 -0.000590183 -0.000949493 0.999999 0.000860561 0.000590818 -0.00086044 1 0.00549933 0.0277599 -0.149198
FixedParameters: 0 0 0

#Transform 1
Transform: AffineTransform_float_3_3
Parameters: 0.999999 0.00109757 -0.000884288 -0.00109643 0.999999 0.000649971 0.000884713 -0.00064903 1 0.0418202 0.0201779 -0.205509
FixedParameters: 0 0 0

#Transform 2
Transform: AffineTransform_float_3_3
Parameters: 0.999999 0.000442449 -0.000692712 -0.00044155 0.999999 0.000649306 0.000692286 -0.000648693 0.999999 -0.0802688 0.0216821 -0.212362
FixedParameters: 0 0 0

#Transform 3
Transform: AffineTransform_float_3_3
Parameters: 1 -6.99834e-05 -1.01154e-05 7.0018e-05 0.999998 0.001649 1.08846e-05 -0.001649 0.999998 -0.116995 0.0746628 -0.127699
FixedParameters: 0 0 0

#Transform 4
Transform: AffineTransform_float_3_3
Parameters: 1 0.000353738 0.000186497 -0.000353261 0.999999 0.00140393 -0.000185504 -0.00140407 0.999999 -0.0623132 0.0757811 -0.12319
FixedParameters: 0 0 0

#Transform 5
Transform: AffineTransform_float_3_3
Parameters: 1 0.000354405 -0.000297519 -0.000353595 0.999999 0.00135911 0.000298481 -0.00135889 0.999999 -0.0548348 0.0736136 -0.0878928
FixedParameters: 0 0 0

#Transform 6
Transform: AffineTransform_float_3_3
Parameters: 1 0.000639924 4.70373e-05 -0.000640075 0.999998 0.00162097 -4.59625e-05 -0.00162103 0.999998 0.0412108 0.0907109 -0.102006
FixedParameters: 0 0 0

#Transform 7
Transform: AffineTransform_float_3_3
Parameters: 1 0.000453161 -0.000148511 -0.000452839 1 0.00108007 0.000149489 -0.00107993 1 0.049113 0.0724429 -0.127145
FixedParameters: 0 0 0

#Transform 8
Transform: AffineTransform_float_3_3
Parameters: 1 0.000291318 -0.000148376 -0.000290682 0.999997 0.00214204 0.000148623 -0.00214196 0.999997 0.0871039 0.124575 -0.130221
FixedParameters: 0 0 0

#Transform 9
Transform: AffineTransform_float_3_3
Parameters: 0.999998 7.5842e-05 -0.00163196 -7.41577e-05 1 0.000516121 0.00163204 -0.000515877 0.999998 -0.0243452 0.059405 0.0189206
FixedParameters: 0 0 0

#Transform 10
Transform: AffineTransform_float_3_3
Parameters: 0.999999 -0.000349764 -0.00153737 0.000346236 0.999999 -0.00179854 0.00153762 0.00179747 0.999997 -0.196817 -0.0271078 0.245418
FixedParameters: 0 0 0

#Transform 11
Transform: AffineTransform_float_3_3
Parameters: 0.999999 -0.000643657 -0.00128017 0.000642343 0.999999 -0.00129382 0.00128183 0.00129318 0.999999 -0.106476 -0.0133652 0.185299
FixedParameters: 0 0 0

#Transform 12
Transform: AffineTransform_float_3_3
Parameters: 1 0.000220652 -0.000961311 -0.000222348 0.999999 -0.00140279 0.000960689 0.00140321 0.999998 0.00436144 -0.0414684 0.125811
FixedParameters: 0 0 0

#Transform 13
Transform: AffineTransform_float_3_3
Parameters: 0.999999 -1.28183e-05 -0.000855988 1.21816e-05 0.999999 -0.000956011 0.000856012 0.000955989 0.999999 0.0493686 -0.0134277 0.0813473
FixedParameters: 0 0 0

#Transform 14
Transform: AffineTransform_float_3_3
Parameters: 0.999999 -0.000186994 -0.000811001 0.000187006 1 6.84834e-06 0.000810998 -7.15165e-06 0.999999 0.121143 0.0337641 0.0131262
FixedParameters: 0 0 0

#Transform 15
Transform: AffineTransform_float_3_3
Parameters: 1 -0.000352009 -0.000191983 0.000351991 1 -4.80676e-05 0.000192017 4.79324e-05 1 0.122062 0.0228319 0.0224859
FixedParameters: 0 0 0

#Transform 16
Transform: AffineTransform_float_3_3
Parameters: 1 -0.000351993 -3.40707e-05 0.000352007 1 0.000200988 3.39292e-05 -0.000201012 1 0.0575954 0.0218272 0.066001
FixedParameters: 0 0 0

#Transform 17
Transform: AffineTransform_float_3_3
Parameters: 0.999999 -0.000962012 0.000233947 0.000961986 0.999999 5.52251e-05 -0.000234053 -5.47748e-05 1 0.082554 0.0154774 0.0600017
FixedParameters: 0 0 0

#Transform 18
Transform: AffineTransform_float_3_3
Parameters: 1 -0.000961944 0.000434124 0.000962056 0.999999 -0.000128582 -0.000433877 0.000128417 1 0.0709853 0.0168931 0.0576634
FixedParameters: 0 0 0

#Transform 19
Transform: AffineTransform_float_3_3
Parameters: 0.999999 -0.000619275 0.000753773 0.000618724 0.999999 0.000366466 -0.000753226 -0.000365533 0.999999 0.128775 0.0381475 -0.0218974
FixedParameters: 0 0 0

#Transform 20
Transform: AffineTransform_float_3_3
Parameters: 1 -0.000901964 -0.00053606 0.000902036 0.999999 6.65165e-05 0.00053594 -6.74834e-05 1 -0.0428909 0.0232505 0.0117604
FixedParameters: 0 0 0

#Transform 21
Transform: AffineTransform_float_3_3
Parameters: 1 -0.00107606 -0.000135536 0.00107594 1 -0.000431146 0.000135464 0.000430855 1 -0.0564587 0.0117955 0.0735901
FixedParameters: 0 0 0

#Transform 22
Transform: AffineTransform_float_3_3
Parameters: 1 -0.000650907 0.000130461 0.000650092 0.999999 -0.000708915 -0.000129539 0.000709084 0.999999 0.046581 -0.00413674 0.0738727
FixedParameters: 0 0 0

#Transform 23
Transform: AffineTransform_float_3_3
Parameters: 1 -0.000365966 7.11724e-05 0.000366033 1 -0.000470974 -7.08276e-05 0.000471026 1 0.112122 0.024345 0.022484
FixedParameters: 0 0 0

#Transform 24
Transform: AffineTransform_float_3_3
Parameters: 1 0.000698962 -9.32788e-05 -0.000698037 0.999999 -0.000398935 9.37214e-05 0.000399065 1 0.13611 0.0336091 -0.0173448
FixedParameters: 0 0 0

#Transform 25
Transform: AffineTransform_float_3_3
Parameters: 0.999999 0.00116181 -0.000475466 -0.00116219 0.999999 -0.000400448 0.000475535 0.000400553 1 0.124272 0.0142485 -0.120528
FixedParameters: 0 0 0

#Transform 26
Transform: AffineTransform_float_3_3
Parameters: 0.999999 0.00120747 -0.00079381 -0.00120853 0.999999 -0.000670042 0.000793189 0.000671959 1 0.0536687 0.0232137 -0.194947
FixedParameters: 0 0 0

#Transform 27
Transform: AffineTransform_float_3_3
Parameters: 1 0.000617357 -0.000930428 -0.000617643 0.999999 -0.000691426 0.000929574 0.000691574 1 -0.0769992 0.0238205 -0.217484
FixedParameters: 0 0 0

#Transform 28
Transform: AffineTransform_float_3_3
Parameters: 0.999999 0.000426915 -0.000763047 -0.000427084 1 -0.000110674 0.000762952 0.000111326 0.999999 -0.149727 0.0443315 -0.15422
FixedParameters: 0 0 0

#Transform 29
Transform: AffineTransform_float_3_3
Parameters: 1 0.000466418 -0.000491603 -0.000465582 0.999999 0.000850228 0.000491396 -0.00084977 0.999999 -0.116059 0.0686861 -0.127601
FixedParameters: 0 0 0

#Transform 30
Transform: AffineTransform_float_3_3
Parameters: 1 4.12278e-05 -0.000267965 -4.07722e-05 0.999999 0.00085001 0.000268035 -0.000849988 0.999999 -0.0511972 0.0710597 -0.149885
FixedParameters: 0 0 0

#Transform 31
Transform: AffineTransform_float_3_3
Parameters: 1 0.000466086 -0.000101604 -0.000465913 0.999999 0.000850047 0.000102396 -0.000849952 0.999999 0.0216314 0.0580758 -0.145359
FixedParameters: 0 0 0

#Transform 32
Transform: AffineTransform_float_3_3
Parameters: 1 0.000466228 -0.000232543 -0.000465772 1 0.000979108 0.000233456 -0.000978891 0.999999 0.0538951 0.0680852 -0.116009
FixedParameters: 0 0 0

#Transform 33
Transform: AffineTransform_float_3_3
Parameters: 1 0.000466085 -0.0001317 -0.000465915 0.999999 0.000643061 0.0001313 -0.000642939 1 0.124528 0.0505365 -0.120031
FixedParameters: 0 0 0

#Transform 34
Transform: AffineTransform_float_3_3
Parameters: 0.999999 0.000622209 -0.000577775 -0.000621791 0.999999 0.000361359 0.000578225 -0.00036164 1 0.086407 0.0370467 -0.118232
FixedParameters: 0 0 0

#Transform 35
Transform: AffineTransform_float_3_3
Parameters: 1 0.000466141 -0.000377826 -0.000465859 1 0.000373176 0.000378174 -0.000372824 1 0.0923561 0.0442139 -0.0916582
FixedParameters: 0 0 0

#Transform 36
Transform: AffineTransform_float_3_3
Parameters: 1 0.000466058 -0.000136802 -0.000465942 1 0.000425064 0.000137198 -0.000424936 1 0.0984279 0.0459654 -0.111677
FixedParameters: 0 0 0

#Transform 37
Transform: AffineTransform_float_3_3
Parameters: 1 0.000523677 0.000414408 -0.000523323 0.999999 0.000778783 -0.000414593 -0.000778217 0.999999 0.100406 0.0581781 -0.129769
FixedParameters: 0 0 0

#Transform 38
Transform: AffineTransform_float_3_3
Parameters: 0.999999 0.000768504 0.000510748 -0.000768497 0.999999 0.000972609 -0.000510253 -0.000972393 1 0.0643712 0.0616533 -0.116901
FixedParameters: 0 0 0

#Transform 39
Transform: AffineTransform_float_3_3
Parameters: 0.999999 0.000718628 0.000510523 -0.000719371 0.999999 0.000728632 -0.000509476 -0.000728366 0.999999 0.0545298 0.0606247 -0.120204
FixedParameters: 0 0 0

#Transform 40
Transform: AffineTransform_float_3_3
Parameters: 1 0.000465628 0.000510339 -0.000465371 0.999999 0.000728762 -0.000509661 -0.000728237 0.999999 0.0461789 0.0565906 -0.129527
FixedParameters: 0 0 0

#Transform 41
Transform: AffineTransform_float_3_3
Parameters: 0.999999 0.000897834 0.000255582 -0.000898165 1 0.000647771 -0.000254418 -0.000648229 1 0.0262582 0.0527781 -0.130322
FixedParameters: 0 0 0

#Transform 42
Transform: AffineTransform_float_3_3
Parameters: 1 0.000470854 0.000302227 -0.000471145 1 0.000481857 -0.000301773 -0.000482142 1 0.05059 0.0478753 -0.134122
FixedParameters: 0 0 0

#Transform 43
Transform: AffineTransform_float_3_3
Parameters: 0.999999 0.000908812 0.000258662 -0.000908188 1 0.000728765 -0.000258339 -0.000728235 0.999999 0.0628909 0.0635423 -0.123261
FixedParameters: 0 0 0

#Transform 44
Transform: AffineTransform_float_3_3
Parameters: 0.999999 0.000641616 0.000355693 -0.000641383 0.999999 0.00107977 -0.000354307 -0.00108023 1 0.0984965 0.0682501 -0.130486
FixedParameters: 0 0 0

#Transform 45
Transform: AffineTransform_float_3_3
Parameters: 1 0.000516792 0.00024344 -0.000517206 0.999999 0.000851873 -0.000242559 -0.000852125 0.999999 0.110912 0.0606639 -0.1214
FixedParameters: 0 0 0

#Transform 46
Transform: AffineTransform_float_3_3
Parameters: 1 0.000516925 0.000110353 -0.000517075 0.999999 0.000681943 -0.000109647 -0.000682056 1 0.108109 0.0547732 -0.132715
FixedParameters: 0 0 0

#Transform 47
Transform: AffineTransform_float_3_3
Parameters: 1 0.000517039 -7.17172e-05 -0.00051696 0.999999 0.000547037 7.22828e-05 -0.000546962 1 0.101832 0.0731021 -0.113393
FixedParameters: 0 0 0

#Transform 48
Transform: AffineTransform_float_3_3
Parameters: 1 0.000516832 -0.000415209 -0.000517168 1 -0.000404785 0.00041479 0.000405214 1 0.021379 0.0172846 -0.0152947
FixedParameters: 0 0 0

#Transform 49
Transform: AffineTransform_float_3_3
Parameters: 1 -0.000267057 -0.000298949 0.000266943 1 -0.00019208 0.000299051 0.00019192 1 -0.0656206 0.0553503 0.295961
FixedParameters: 0 0 0

#Transform 50
Transform: AffineTransform_float_3_3
Parameters: 1 -0.000890692 -0.000744174 0.000889309 0.999999 -0.000928663 0.000744827 0.000928338 1 -0.023828 0.00147235 0.214064
FixedParameters: 0 0 0

#Transform 51
Transform: AffineTransform_float_3_3
Parameters: 0.999999 -0.000832432 -0.00116498 0.000831568 0.999999 -0.00122897 0.00116602 0.00122803 0.999998 0.030319 -0.0119965 0.167614
FixedParameters: 0 0 0

#Transform 52
Transform: AffineTransform_float_3_3
Parameters: 0.999999 -0.000831381 -0.000303958 0.000831618 0.999999 -0.00125325 0.000305042 0.00125275 0.999999 0.116707 -0.00878365 0.0460018
FixedParameters: 0 0 0

#Transform 53
Transform: AffineTransform_float_3_3
Parameters: 1 -0.000484183 -0.000198554 0.000483817 1 -0.000921096 0.000199446 0.000920904 0.999999 0.116276 -0.0129309 0.114266
FixedParameters: 0 0 0

#Transform 54
Transform: AffineTransform_float_3_3
Parameters: 0.999999 0.000806895 -0.000157541 -0.000807105 1 -0.000669873 0.000156459 0.000670127 1 0.154736 -0.00479069 0.113471
FixedParameters: 0 0 0

#Transform 55
Transform: AffineTransform_float_3_3
Parameters: 1 0.000158052 -0.000151946 -0.000157948 1 0.000340024 0.000152054 -0.000339976 1 0.185186 0.0432579 0.100583
FixedParameters: 0 0 0

#Transform 56
Transform: AffineTransform_float_3_3
Parameters: 1 -0.000186978 8.7048e-05 0.000187022 1 -0.000256984 -8.69519e-05 0.000257016 1 0.147859 0.0339152 0.0865063
FixedParameters: 0 0 0

#Transform 57
Transform: AffineTransform_float_3_3
Parameters: 1 -0.000183853 0.000575047 0.000184148 1 -0.000256894 -0.000574953 0.000256106 1 0.130328 0.03384 0.0509031
FixedParameters: 0 0 0

#Transform 58
Transform: AffineTransform_float_3_3
Parameters: 1 -0.000410679 0.000535246 0.00041132 0.999999 -0.00059878 -0.000534753 0.000599219 0.999999 0.111341 0.0225455 0.0657844
FixedParameters: 0 0 0

#Transform 59
Transform: AffineTransform_float_3_3
Parameters: 1 -0.000249965 0.000381023 0.000250035 1 -9.29047e-05 -0.000380977 9.30952e-05 1 0.110147 0.0397249 0.0802682
FixedParameters: 0 0 0

#Transform 60
Transform: AffineTransform_float_3_3
Parameters: 1 -0.000173134 0.000354934 0.000172866 1 0.000378061 -0.000355065 -0.000377938 1 0.112832 0.0558616 0.0736801
FixedParameters: 0 0 0

#Transform 61
Transform: AffineTransform_float_3_3
Parameters: 1 -0.000184014 0.000164985 0.000183986 1 8.20304e-05 -0.000165015 -8.19696e-05 1 0.106222 0.0306773 0.0753217
FixedParameters: 0 0 0

#Transform 62
Transform: AffineTransform_float_3_3
Parameters: 1 -0.000198087 0.00034495 0.000197913 1 0.000252068 -0.00034505 -0.000251932 1 0.112326 0.0463729 0.0834033
FixedParameters: 0 0 0

#Transform 63
Transform: AffineTransform_float_3_3
Parameters: 1 -0.00048512 0.000280792 0.000484879 1 0.000429136 -0.000281208 -0.000428864 1 0.144078 0.0480276 0.0805461
FixedParameters: 0 0 0

#Transform 64
Transform: AffineTransform_float_3_3
Parameters: 1 -0.0003822 0.000349781 0.0003828 1 0.000572134 -0.000349219 -0.000571866 1 0.139323 0.0711676 0.0893132
FixedParameters: 0 0 0

#Transform 65
Transform: AffineTransform_float_3_3
Parameters: 1 -0.000482078 7.9529e-05 0.000481922 1 0.000977038 -8.04708e-05 -0.000976961 0.999999 0.133038 0.0760146 0.100081
FixedParameters: 0 0 0

#Transform 66
Transform: AffineTransform_float_3_3
Parameters: 1 5.7925e-05 4.50964e-05 -5.80748e-05 0.999998 0.001664 -4.49034e-05 -0.001664 0.999998 0.17978 0.114846 0.0196839
FixedParameters: 0 0 0

#Transform 67
Transform: AffineTransform_float_3_3
Parameters: 1 0.000326798 -0.000495474 -0.000326202 0.999998 0.00161116 0.000495526 -0.00161084 0.999998 0.187277 0.0962164 -0.0937266
FixedParameters: 0 0 0

#Transform 68
Transform: AffineTransform_float_3_3
Parameters: 0.999999 0.000701748 -0.00130653 -0.00069825 0.999997 0.00210291 0.00130847 -0.00210208 0.999997 0.0570597 0.105227 -0.211123
FixedParameters: 0 0 0

#Transform 69
Transform: AffineTransform_float_3_3
Parameters: 0.999998 0.000703506 -0.0014338 -0.000698493 0.999995 0.00314101 0.0014362 -0.00313999 0.999994 -0.124898 0.135734 -0.238308
FixedParameters: 0 0 0

#Transform 70
Transform: AffineTransform_float_3_3
Parameters: 0.999999 0.000702616 -0.00125098 -0.000698383 0.999995 0.00288888 0.00125302 -0.00288812 0.999995 -0.228886 0.11772 -0.287003
FixedParameters: 0 0 0

#Transform 71
Transform: AffineTransform_float_3_3
Parameters: 0.999999 0.000239319 -0.000844346 -0.000236679 0.999996 0.0027462 0.000845653 -0.0027458 0.999996 -0.288432 0.11605 -0.000252621
FixedParameters: 0 0 0

#Transform 72
Transform: AffineTransform_float_3_3
Parameters: 1 -0.000333335 -0.000264838 0.000333665 0.999997 0.00251291 0.000264162 -0.00251309 0.999997 -0.249911 0.160484 0.0602319
FixedParameters: 0 0 0

#Transform 73
Transform: AffineTransform_float_3_3
Parameters: 1 -0.000277945 0.000307147 0.000277055 0.999995 0.00307309 -0.000307853 -0.00307292 0.999995 -0.0312336 0.190368 0.165852
FixedParameters: 0 0 0

#Transform 74
Transform: AffineTransform_float_3_3
Parameters: 1 -0.000306836 0.000202741 0.000306163 0.999992 0.00410906 -0.00020426 -0.00410894 0.999991 0.220397 0.209051 0.0513787
FixedParameters: 0 0 0

#Transform 75
Transform: AffineTransform_float_3_3
Parameters: 1 -0.000234571 0.000158157 0.00023343 0.999993 0.00359903 -0.000158841 -0.00359896 0.999993 0.283773 0.165337 0.0964601
FixedParameters: 0 0 0

#Transform 76
Transform: AffineTransform_float_3_3
Parameters: 1 -3.59494e-06 -0.000122013 4.40502e-06 0.999995 0.00332 0.000121986 -0.00332 0.999994 0.377106 0.157436 0.055126
FixedParameters: 0 0 0

#Transform 77
Transform: AffineTransform_float_3_3
Parameters: 1 -0.000108293 -0.000231332 0.000108706 0.999996 0.00305698 0.000230669 -0.00305703 0.999996 0.365931 0.143484 -0.0856046
FixedParameters: 0 0 0

#Transform 78
Transform: AffineTransform_float_3_3
Parameters: 1 7.98505e-05 5.52169e-05 -8.01517e-05 0.999997 0.002714 -5.57827e-05 -0.00271401 0.999997 0.157069 0.140467 -0.00339434
FixedParameters: 0 0 0

#Transform 79
Transform: AffineTransform_float_3_3
Parameters: 1 -3.86229e-06 -6.0009e-05 4.13769e-06 0.999998 0.002295 5.99907e-05 -0.002295 0.999998 0.0631579 0.126747 -0.00847079
FixedParameters: 0 0 0

#Transform 80
Transform: AffineTransform_float_3_3
Parameters: 1 -0.000254615 0.000324519 0.000254384 0.999998 0.00189308 -0.000325482 -0.00189292 0.999998 -0.0339954 0.110726 -0.0125117
FixedParameters: 0 0 0

#Transform 81
Transform: AffineTransform_float_3_3
Parameters: 0.999999 -7.27161e-05 0.000942869 7.02836e-05 0.999999 0.00182007 -0.000943129 -0.00181993 0.999998 -0.0650026 0.125034 0.0245541
FixedParameters: 0 0 0

#Transform 82
Transform: AffineTransform_float_3_3
Parameters: 0.999999 -0.000219836 0.000846525 0.000218163 0.999997 0.00216819 -0.000847475 -0.00216781 0.999998 -0.0307069 0.120391 0.053196
FixedParameters: 0 0 0

#Transform 83
Transform: AffineTransform_float_3_3
Parameters: 1 -0.000123564 0.000636698 0.000122438 0.999997 0.00245608 -0.000636302 -0.00245592 0.999997 -0.0333983 0.131978 0.0527528
FixedParameters: 0 0 0

#Transform 84
Transform: AffineTransform_float_3_3
Parameters: 1 7.34939e-05 0.000564198 -7.45056e-05 0.999997 0.00266996 -0.000563803 -0.00267004 0.999997 0.113884 0.135142 0.0521865
FixedParameters: 0 0 0

#Transform 85
Transform: AffineTransform_float_3_3
Parameters: 1 -0.000164028 0.000632477 0.00016197 0.999995 0.0032061 -0.000633522 -0.0032059 0.999994 0.178002 0.158348 0.0292905
FixedParameters: 0 0 0

#Transform 86
Transform: AffineTransform_float_3_3
Parameters: 1 7.24807e-05 0.000702265 -7.45182e-05 0.999993 0.00358795 -0.000701737 -0.00358805 0.999994 0.232777 0.186994 0.0893967
FixedParameters: 0 0 0

#Transform 87
Transform: AffineTransform_float_3_3
Parameters: 1 0.000221218 0.000579683 -0.000222779 0.999995 0.00307487 -0.000578318 -0.00307513 0.999995 0.255442 0.179257 0.0979023
FixedParameters: 0 0 0

#Transform 88
Transform: AffineTransform_float_3_3
Parameters: 1 0.000221838 0.000511506 -0.000223163 0.999998 0.00227289 -0.000511494 -0.00227312 0.999998 0.231132 0.163658 0.102618
FixedParameters: 0 0 0

#Transform 89
Transform: AffineTransform_float_3_3
Parameters: 1 0.000112621 0.000624251 -0.000114379 0.999997 0.00220993 -0.000623749 -0.00221007 0.999998 0.215284 0.1505 0.0945179
FixedParameters: 0 0 0

#Transform 90
Transform: AffineTransform_float_3_3
Parameters: 0.999999 0.000274408 0.00100071 -0.000276592 0.999996 0.00259072 -0.00100029 -0.00259128 0.999996 0.16025 0.150479 0.0903024
FixedParameters: 0 0 0

#Transform 91
Transform: AffineTransform_float_3_3
Parameters: 1 0.00013569 0.00116639 -0.000138309 0.999996 0.00283784 -0.00116561 -0.00283816 0.999996 0.135115 0.176171 0.0881881
FixedParameters: 0 0 0

#Transform 92
Transform: AffineTransform_float_3_3
Parameters: 1 0.000167703 0.00092542 -0.000169296 0.999997 0.00248285 -0.000924583 -0.00248316 0.999997 0.11567 0.15547 0.050246
FixedParameters: 0 0 0

#Transform 93
Transform: AffineTransform_float_3_3
Parameters: 1 0.000241558 0.000543643 -0.000243443 0.999996 0.00265387 -0.000543356 -0.00265413 0.999997 0.150009 0.168341 -0.0749823
FixedParameters: 0 0 0

#Transform 94
Transform: AffineTransform_float_3_3
Parameters: 1 0.000964446 0.000704133 -0.000966554 0.999997 0.00220932 -0.000701866 -0.00221068 0.999998 0.147952 0.159224 -0.210189
FixedParameters: 0 0 0

#Transform 95
Transform: AffineTransform_float_3_3
Parameters: 0.999999 0.00134272 0.000226653 -0.00134328 0.999999 0.0012307 -0.000225348 -0.0012303 0.999999 0.0902747 0.0930115 -0.319933
FixedParameters: 0 0 0

#Transform 96
Transform: AffineTransform_float_3_3
Parameters: 1 0.000965964 3.79524e-05 -0.000966038 0.999999 0.000985963 -3.70475e-05 -0.000986036 0.999999 -0.0648787 0.0818047 -0.317559
FixedParameters: 0 0 0

#Transform 97
Transform: AffineTransform_float_3_3
Parameters: 1 0.00109986 0.000225663 -0.00110014 0.999999 0.000602752 -0.000225337 -0.000603248 1 -0.122494 0.0740647 -0.180578
FixedParameters: 0 0 0

#Transform 98
Transform: AffineTransform_float_3_3
Parameters: 0.999999 0.00111354 0.000609835 -0.00111446 0.999999 0.000749321 -0.000609165 -0.000749679 0.999999 -0.0407288 0.0731821 -0.166597
FixedParameters: 0 0 0

#Transform 99
Transform: AffineTransform_float_3_3
Parameters: 0.999999 0.00122084 0.00080277 -0.00122216 0.999998 0.00144902 -0.000801229 -0.00144998 0.999998 0.0768369 0.0971938 -0.0947067
FixedParameters: 0 0 0

#Transform 100
Transform: AffineTransform_float_3_3
Parameters: 0.999998 0.00111177 0.00119907 -0.00111423 0.999997 0.00186266 -0.00119692 -0.00186433 0.999997 0.14209 0.113965 -0.0806737
FixedParameters: 0 0 0

#Transform 101
Transform: AffineTransform_float_3_3
Parameters: 0.999999 0.00111242 0.00104169 -0.00111459 0.999998 0.00152184 -0.0010403 -0.00152316 0.999999 0.196068 0.105005 -0.0652993
FixedParameters: 0 0 0

#Transform 102
Transform: AffineTransform_float_3_3
Parameters: 1 0.000854864 0.000816192 -0.000856136 0.999998 0.0013933 -0.000814808 -0.0013937 0.999998 0.193727 0.10105 -0.0645673
FixedParameters: 0 0 0

#Transform 103
Transform: AffineTransform_float_3_3
Parameters: 0.999999 0.000791102 0.000588207 -0.000791897 0.999998 0.00152553 -0.000587792 -0.00152646 0.999998 0.181665 0.109863 -0.064496
FixedParameters: 0 0 0

#Transform 104
Transform: AffineTransform_float_3_3
Parameters: 1 0.000710742 0.000828082 -0.000712258 0.999998 0.00152041 -0.000826918 -0.00152059 0.999998 0.147681 0.102128 -0.0649521
FixedParameters: 0 0 0

#Transform 105
Transform: AffineTransform_float_3_3
Parameters: 1 0.000480497 0.0010407 -0.000481505 0.999999 0.0014455 -0.00104031 -0.0014455 0.999999 0.122236 0.116782 -0.0876903
FixedParameters: 0 0 0

#Transform 106
Transform: AffineTransform_float_3_3
Parameters: 0.999999 0.000709944 0.00104141 -0.000712055 0.999998 0.00197526 -0.0010396 -0.00197574 0.999998 0.0745384 0.134709 -0.069741
FixedParameters: 0 0 0

#Transform 107
Transform: AffineTransform_float_3_3
Parameters: 0.999999 0.000710428 0.00108803 -0.000711572 0.999998 0.00144523 -0.00108697 -0.00144577 0.999999 0.0561666 0.108672 -0.0708512
FixedParameters: 0 0 0

#Transform 108
Transform: AffineTransform_float_3_3
Parameters: 1 0.000711334 0.000858553 -0.000711666 1 0.00077539 -0.000857448 -0.000776611 1 0.0454799 0.0793055 -0.0878926
FixedParameters: 0 0 0

#Transform 109
Transform: AffineTransform_float_3_3
Parameters: 1 0.000711112 0.000830761 -0.000711888 0.999999 0.00106841 -0.00083024 -0.00106959 0.999999 0.0413221 0.0993827 -0.0709826
FixedParameters: 0 0 0

#Transform 110
Transform: AffineTransform_float_3_3
Parameters: 0.999999 0.000710248 0.00107416 -0.000711751 0.999998 0.00163124 -0.00107284 -0.00163176 0.999998 0.100879 0.109962 -0.0757237
FixedParameters: 0 0 0

#Transform 111
Transform: AffineTransform_float_3_3
Parameters: 1 0.000711478 0.000719516 -0.000711521 0.999999 0.000724488 -0.000718484 -0.000725511 0.999999 0.0886419 0.0764149 -0.095982
FixedParameters: 0 0 0

#Transform 112
Transform: AffineTransform_float_3_3
Parameters: 0.999999 0.000592181 0.000719675 -0.000593819 0.999999 0.00113857 -0.000719324 -0.00113843 0.999999 0.127287 0.0848804 -0.100946
FixedParameters: 0 0 0

#Transform 113
Transform: AffineTransform_float_3_3
Parameters: 0.999999 0.000710939 0.000720048 -0.00071206 0.999998 0.00147349 -0.000718951 -0.00147351 0.999998 0.13761 0.106206 -0.0652732
FixedParameters: 0 0 0

#Transform 114
Transform: AffineTransform_float_3_3
Parameters: 1 0.000612857 0.00030129 -0.000613142 0.999999 0.000472815 -0.00030171 -0.000473185 1 0.126868 0.049259 -0.0992851
FixedParameters: 0 0 0

#Transform 115
Transform: AffineTransform_float_3_3
Parameters: 0.999999 0.000711603 0.000480587 -0.000712396 1 0.000825658 -0.000479411 -0.000826341 0.999999 0.133728 0.0642269 -0.087875
FixedParameters: 0 0 0

#Transform 116
Transform: AffineTransform_float_3_3
Parameters: 0.999999 0.00071163 0.000288912 -0.000712369 0.999999 0.00128079 -0.000288088 -0.00128121 0.999999 0.0713574 0.0800031 -0.0542276
FixedParameters: 0 0 0

#Transform 117
Transform: AffineTransform_float_3_3
Parameters: 1 0.000230008 -0.000273993 -0.000229992 1 2.9063e-05 0.000274007 -2.8937e-05 1 0.0281841 0.0607975 0.172172
FixedParameters: 0 0 0

#Transform 118
Transform: AffineTransform_float_3_3
Parameters: 0.999999 -0.000895124 -0.00029262 0.000894876 1 -0.000424262 0.000293379 0.000423738 1 -0.0406341 0.0411065 0.189792
FixedParameters: 0 0 0

#Transform 119
Transform: AffineTransform_float_3_3
Parameters: 1 -0.000138029 0.000129969 0.000137971 1 0.000224018 -0.000129031 -0.000223982 1 0.0676713 0.0719839 0.168514
FixedParameters: 0 0 0

#Transform 120
Transform: AffineTransform_float_3_3
Parameters: 1 0.000247309 -0.00031776 -0.000246691 1 0.000972079 0.00031824 -0.000971922 1 0.146689 0.0901263 0.00852405
FixedParameters: 0 0 0

#Transform 121
Transform: AffineTransform_float_3_3
Parameters: 1 0.000205184 -9.05834e-05 -0.000204815 0.999998 0.00203102 9.14162e-05 -0.00203098 0.999998 0.262922 0.126913 -0.299907
FixedParameters: 0 0 0

#Transform 122
Transform: AffineTransform_float_3_3
Parameters: 1 0.000469003 -1.10374e-06 -0.000468997 0.999998 0.001911 1.89626e-06 -0.001911 0.999998 0.133194 0.103267 -0.360694
FixedParameters: 0 0 0

#Transform 123
Transform: AffineTransform_float_3_3
Parameters: 0.999999 0.000725799 0.000131115 -0.0007262 0.999998 0.0015359 -0.000129885 -0.00153609 0.999999 0.0062957 0.0923048 -0.213973
FixedParameters: 0 0 0

#Transform 124
Transform: AffineTransform_float_3_3
Parameters: 1 0.000639843 0.000130772 -0.000640156 0.999999 0.00120592 -0.000129228 -0.00120608 1 0.00989058 0.0847212 -0.18413
FixedParameters: 0 0 0

#Transform 125
Transform: AffineTransform_float_3_3
Parameters: 0.999999 0.000653276 0.000539878 -0.000653724 0.999999 0.00134265 -0.000539123 -0.00134235 0.999999 0.0306162 0.0874614 -0.163005
FixedParameters: 0 0 0

#Transform 126
Transform: AffineTransform_float_3_3
Parameters: 0.999999 0.000531327 0.000539663 -0.000531673 0.999999 0.00124671 -0.000539337 -0.00124729 0.999999 0.0367537 0.0815607 -0.152273
FixedParameters: 0 0 0

#Transform 127
Transform: AffineTransform_float_3_3
Parameters: 1 0.000466531 0.000372588 -0.000466468 0.999999 0.00125983 -0.000371412 -0.00126017 0.999999 0.0740081 0.0897404 -0.156314
FixedParameters: 0 0 0

#Transform 128
Transform: AffineTransform_float_3_3
Parameters: 1 0.000280461 0.00032147 -0.000281539 0.999998 0.00167591 -0.000321528 -0.00167609 0.999998 0.0878096 0.0983124 -0.13547
FixedParameters: 0 0 0

#Transform 129
Transform: AffineTransform_float_3_3
Parameters: 1 0.00024989 8.53229e-05 -0.000250111 0.999999 0.00129198 -8.56769e-05 -0.00129202 0.999999 0.111901 0.0985855 -0.150916
FixedParameters: 0 0 0

#Transform 130
Transform: AffineTransform_float_3_3
Parameters: 1 0.00020884 8.5393e-05 -0.000208161 0.999998 0.00188098 -8.56086e-05 -0.00188102 0.999998 0.128638 0.116426 -0.128026
FixedParameters: 0 0 0

#Transform 131
Transform: AffineTransform_float_3_3
Parameters: 1 0.000353712 0.000235434 -0.000354288 0.999999 0.00122592 -0.000234566 -0.00122608 0.999999 0.134318 0.0961137 -0.126371
FixedParameters: 0 0 0

#Transform 132
Transform: AffineTransform_float_3_3
Parameters: 1 0.000495866 8.57771e-05 -0.000496134 0.999998 0.00156696 -8.52226e-05 -0.00156704 0.999999 0.111637 0.107703 -0.0579937
FixedParameters: 0 0 0

#Transform 133
Transform: AffineTransform_float_3_3
Parameters: 1 7.38454e-06 0.000502009 -8.61545e-06 0.999999 0.001226 -0.00050199 -0.001226 0.999999 0.0969164 0.102089 0.0406037
FixedParameters: 0 0 0

#Transform 134
Transform: AffineTransform_float_3_3
Parameters: 1 9.59742e-05 0.000409006 -9.60257e-05 1 6.29607e-05 -0.000408994 -6.30393e-05 1 0.083927 0.0605688 0.0600866
FixedParameters: 0 0 0

#Transform 135
Transform: AffineTransform_float_3_3
Parameters: 1 7.95619e-06 0.000227002 -8.04381e-06 1 0.000192998 -0.000226998 -0.000193002 1 0.134821 0.0612911 -0.0346527
FixedParameters: 0 0 0

#Transform 136
Transform: AffineTransform_float_3_3
Parameters: 1 8.32949e-05 -0.000396938 -8.2705e-05 0.999999 0.000743032 0.000397061 -0.000742967 0.999999 0.193104 0.0739655 -0.272314
FixedParameters: 0 0 0

#Transform 137
Transform: AffineTransform_float_3_3
Parameters: 0.999999 0.000874253 -0.000162644 -0.000874748 0.999999 0.00155114 0.000163357 -0.00155086 0.999999 0.143724 0.106422 -0.356011
FixedParameters: 0 0 0

#Transform 138
Transform: AffineTransform_float_3_3
Parameters: 0.999998 0.00164804 -2.86021e-05 -0.00164795 0.999997 0.00145505 3.13978e-05 -0.00145495 0.999999 0.0416268 0.093135 -0.35596
FixedParameters: 0 0 0

#Transform 139
Transform: AffineTransform_float_3_3
Parameters: 1 0.00118602 -1.42803e-05 -0.00118598 0.999998 0.00145002 1.57197e-05 -0.00144998 0.999999 -0.0672503 0.0978153 -0.291955
FixedParameters: 0 0 0

#Transform 140
Transform: AffineTransform_float_3_3
Parameters: 0.999999 0.000936023 -1.23292e-05 -0.000935975 0.999998 0.00178501 1.46707e-05 -0.00178499 0.999999 -0.0827275 0.102052 -0.248148
FixedParameters: 0 0 0

#Transform 141
Transform: AffineTransform_float_3_3
Parameters: 0.999999 0.00150943 0.000313734 -0.00151056 0.999997 0.00181053 -0.000310266 -0.00181047 0.999999 0.00581385 0.102735 -0.231315
FixedParameters: 0 0 0

#Transform 142
Transform: AffineTransform_float_3_3
Parameters: 0.999999 0.00144522 -0.000114251 -0.00144478 0.999997 0.00190217 0.000116748 -0.00190183 0.999998 0.0408369 0.0953904 -0.230801
FixedParameters: 0 0 0

#Transform 143
Transform: AffineTransform_float_3_3
Parameters: 1 0.00117424 -0.000114587 -0.00117376 0.999997 0.00205514 0.000116412 -0.00205486 0.999998 0.100582 0.103019 -0.219084
FixedParameters: 0 0 0

#Transform 144
Transform: AffineTransform_float_3_3
Parameters: 0.999999 0.00144522 -0.000114274 -0.00144478 0.999997 0.00188617 0.000116726 -0.00188683 0.999998 0.129498 0.104814 -0.182426
FixedParameters: 0 0 0

#Transform 145
Transform: AffineTransform_float_3_3
Parameters: 0.999999 0.0014452 -0.000114565 -0.00144481 0.999998 0.00168517 0.000116434 -0.00168483 0.999998 0.143751 0.105996 -0.171107
FixedParameters: 0 0 0

#Transform 146
Transform: AffineTransform_float_3_3
Parameters: 0.999999 0.00144525 -0.000113818 -0.00144475 0.999997 0.00220217 0.000116183 -0.00220283 0.999997 0.122852 0.111451 -0.151288
FixedParameters: 0 0 0

#Transform 147
Transform: AffineTransform_float_3_3
Parameters: 0.999999 0.00144526 -0.000113813 -0.00144475 0.999997 0.00220517 0.000116187 -0.00220583 0.999997 0.111298 0.124253 -0.134394
FixedParameters: 0 0 0

#Transform 148
Transform: AffineTransform_float_3_3
Parameters: 0.999999 0.00144544 -0.000244396 -0.00144456 0.999998 0.00180236 0.000247605 -0.00180265 0.999999 0.0666795 0.114529 -0.119002
FixedParameters: 0 0 0

#Transform 149
Transform: AffineTransform_float_3_3
Parameters: 0.999999 0.00144524 -0.000114001 -0.00144476 0.999997 0.00207517 0.000116998 -0.00207483 0.999998 0.0548493 0.116189 -0.122493
FixedParameters: 0 0 0

#Transform 150
Transform: AffineTransform_float_3_3
Parameters: 0.999999 0.00144469 0.00013442 -0.00144532 0.999996 0.00236681 -0.000131579 -0.00236719 0.999997 0.0493411 0.127269 -0.0983289
FixedParameters: 0 0 0

#Transform 151
Transform: AffineTransform_float_3_3
Parameters: 0.999999 0.00144495 2.7653e-05 -0.00144505 0.999998 0.00183596 -2.43469e-05 -0.00183604 0.999999 0.0105339 0.111591 -0.0753007
FixedParameters: 0 0 0

#Transform 152
Transform: AffineTransform_float_3_3
Parameters: 0.999999 0.0013621 -0.000115854 -0.0013619 0.999998 0.000841158 0.000116145 -0.000840842 0.999999 -0.0108541 0.0820631 0.0447646
FixedParameters: 0 0 0

#Transform 153
Transform: AffineTransform_float_3_3
Parameters: 0.999999 0.000863084 -0.000116378 -0.000862916 1 0.000721101 0.000116622 -0.0007209 0.999999 0.0295937 0.078835 0.128855
FixedParameters: 0 0 0

#Transform 154
Transform: AffineTransform_float_3_3
Parameters: 0.999999 0.000710048 -0.000298885 -0.000709951 0.999999 0.000162212 0.000299116 -0.000162788 1 0.0909027 0.0597491 0.117839
FixedParameters: 0 0 0

#Transform 155
Transform: AffineTransform_float_3_3
Parameters: 0.999999 -0.000341501 0.000697754 0.000341499 0.999999 0.000718238 -0.000697245 -0.000717762 0.999999 0.142982 0.0589853 0.14283
FixedParameters: 0 0 0

#Transform 156
Transform: AffineTransform_float_3_3
Parameters: 1 0.000575799 0.000220525 -0.0005762 1 0.000910874 -0.000219475 -0.000911127 1 0.185399 0.0790877 0.166439
FixedParameters: 0 0 0

#Transform 157
Transform: AffineTransform_float_3_3
Parameters: 1 -0.000169011 1.08236e-05 0.000168988 1 0.001044 -1.11764e-05 -0.001044 1 0.216954 0.0918897 0.109661
FixedParameters: 0 0 0

#Transform 158
Transform: AffineTransform_float_3_3
Parameters: 1 -3.43707e-05 0.000410969 3.46292e-05 0.999999 0.000902013 -0.000411031 -0.000901985 0.999999 0.137538 0.0867478 0.0454231
FixedParameters: 0 0 0

#Transform 159
Transform: AffineTransform_float_3_3
Parameters: 1 -3.03427e-05 0.00052798 3.06573e-05 1 0.000649016 -0.00052802 -0.000648984 0.999999 0.112001 0.0697901 0.0203085
FixedParameters: 0 0 0

#Transform 160
Transform: AffineTransform_float_3_3
Parameters: 1 0.000165083 0.00111814 -0.000165917 0.999999 0.000819815 -0.00111786 -0.000820185 0.999999 0.0698934 0.0835069 0.0294674
FixedParameters: 0 0 0

#Transform 161
Transform: AffineTransform_float_3_3
Parameters: 1 -0.000111718 0.000946916 0.000111282 0.999999 0.000758106 -0.000947085 -0.000757895 1 0.0878631 0.0818483 0.0149377
FixedParameters: 0 0 0

#Transform 162
Transform: AffineTransform_float_3_3
Parameters: 1 2.07711e-06 0.001197 -2.92288e-06 0.999999 0.000770997 -0.001197 -0.000771003 0.999999 0.0720987 0.079006 0.019991
FixedParameters: 0 0 0

#Transform 163
Transform: AffineTransform_float_3_3
Parameters: 1 -0.000258721 0.000946804 0.000258279 0.999999 0.000761245 -0.000947198 -0.000760755 1 0.0934261 0.0822829 0.00344522
FixedParameters: 0 0 0

#Transform 164
Transform: AffineTransform_float_3_3
Parameters: 1 -9.28885e-05 0.00101892 9.21114e-05 0.999999 0.000872094 -0.00101908 -0.000871906 0.999999 0.133167 0.0857696 -0.0228479
FixedParameters: 0 0 0

#Transform 165
Transform: AffineTransform_float_3_3
Parameters: 0.999999 -0.000198858 0.00094682 0.000198142 0.999999 0.000906188 -0.00094718 -0.000905812 0.999999 0.118766 0.0871247 -0.011334
FixedParameters: 0 0 0

#Transform 166
Transform: AffineTransform_float_3_3
Parameters: 0.999999 -0.000115049 0.000946873 0.000114951 1 0.00110811 -0.000947127 -0.00110789 0.999999 0.170869 0.0939337 0.00356501
FixedParameters: 0 0 0

#Transform 167
Transform: AffineTransform_float_3_3
Parameters: 1 -0.000259218 0.00100669 0.000257781 0.999999 0.00121026 -0.00100731 -0.00120974 0.999999 0.172693 0.0976758 -0.00685824
FixedParameters: 0 0 0

#Transform 168
Transform: AffineTransform_float_3_3
Parameters: 0.999999 -2.70123e-05 0.000946971 2.59876e-05 1 0.00106903 -0.000947028 -0.00106898 0.999999 0.17116 0.0923111 -0.00626693
FixedParameters: 0 0 0

#Transform 169
Transform: AffineTransform_float_3_3
Parameters: 0.999999 4.98942e-05 0.00124804 -5.11065e-05 0.999999 0.000885936 -0.00124896 -0.000886063 0.999999 0.163597 0.0858559 -0.00646363
FixedParameters: 0 0 0

#Transform 170
Transform: AffineTransform_float_3_3
Parameters: 1 6.80363e-05 0.00104406 -6.89645e-05 0.999999 0.000922928 -0.00104494 -0.000923071 0.999999 0.138277 0.0872072 -0.00602465
FixedParameters: 0 0 0

#Transform 171
Transform: AffineTransform_float_3_3
Parameters: 0.999999 0.00031804 0.000966316 -0.00031896 1 0.000993693 -0.000965683 -0.000993308 0.999999 0.120701 0.08911 0.00908776
FixedParameters: 0 0 0

#Transform 172
Transform: AffineTransform_float_3_3
Parameters: 0.999999 0.000331893 0.00146625 -0.000333108 0.999999 0.000755512 -0.00146575 -0.000755487 0.999998 0.125948 0.0808927 -0.00641343
FixedParameters: 0 0 0

#Transform 173
Transform: AffineTransform_float_3_3
Parameters: 0.999999 0.000432945 0.00139733 -0.000434055 0.999999 0.000755394 -0.00139667 -0.000755605 0.999998 0.144713 0.0806323 -0.00629437
FixedParameters: 0 0 0

#Transform 174
Transform: AffineTransform_float_3_3
Parameters: 0.999999 5.22212e-06 0.000913005 -5.77787e-06 0.999999 0.000851995 -0.000912995 -0.000852005 0.999999 0.126732 0.0848842 0.0245148
FixedParameters: 0 0 0

#Transform 175
Transform: AffineTransform_float_3_3
Parameters: 0.999999 5.40023e-06 0.000952003 -5.59975e-06 1 0.000629995 -0.000951997 -0.000630006 1 0.151704 0.0771336 -0.00617919
FixedParameters: 0 0 0

#Transform 176
Transform: AffineTransform_float_3_3
Parameters: 1 5.01263e-06 0.00102001 -5.98838e-06 0.999999 0.000968994 -0.00102 -0.000968005 0.999999 0.128475 0.0827382 0.0135513
FixedParameters: 0 0 0

#Transform 177
Transform: AffineTransform_float_3_3
Parameters: 0.999999 4.87502e-06 0.000746008 -6.12496e-06 0.999999 0.001508 -0.000745991 -0.001508 0.999998 0.144638 0.103899 0.00608016
FixedParameters: 0 0 0

#Transform 178
Transform: AffineTransform_float_3_3
Parameters: 1 0.000281899 0.000105271 -0.000282101 1 0.00096297 -0.000104728 -0.00096303 0.999999 0.219412 0.0769546 -0.144087
FixedParameters: 0 0 0

#Transform 179
Transform: AffineTransform_float_3_3
Parameters: 1 0.000547257 -0.000166154 -0.000546742 0.999998 0.00154609 0.000166845 -0.00154591 0.999999 0.157151 0.0960699 -0.263907
FixedParameters: 0 0 0

#Transform 180
Transform: AffineTransform_float_3_3
Parameters: 0.999999 0.000941594 -0.000346389 -0.000941406 0.999998 0.00171133 0.000347611 -0.00171067 0.999999 0.100944 0.090095 -0.349322
FixedParameters: 0 0 0

#Transform 181
Transform: AffineTransform_float_3_3
Parameters: 0.999999 0.000726596 -0.000299557 -0.000725404 0.999998 0.00198622 0.000300442 -0.00198678 0.999998 -0.113448 0.099918 -0.277642
FixedParameters: 0 0 0

#Transform 182
Transform: AffineTransform_float_3_3
Parameters: 1 0.00110792 3.45605e-05 -0.00110708 0.999996 0.00231096 -3.24416e-05 -0.00231104 0.999998 -0.199615 0.110659 -0.218458
FixedParameters: 0 0 0

#Transform 183
Transform: AffineTransform_float_3_3
Parameters: 0.999999 0.00127852 0.000176499 -0.00127848 0.999996 0.00273578 -0.000173503 -0.00273623 0.999996 -0.144865 0.124883 -0.16682
FixedParameters: 0 0 0

#Transform 184
Transform: AffineTransform_float_3_3
Parameters: 0.999998 0.00158259 0.000176691 -0.00158341 0.999996 0.00233172 -0.000173308 -0.00233228 0.999998 -0.0165049 0.102132 -0.165582
FixedParameters: 0 0 0

#Transform 185
Transform: AffineTransform_float_3_3
Parameters: 0.999999 0.00149993 0.000340723 -0.00150107 0.999994 0.00314749 -0.000336277 -0.00314751 0.999995 0.0585114 0.124734 -0.143724
FixedParameters: 0 0 0

#Transform 186
Transform: AffineTransform_float_3_3
Parameters: 0.999999 0.00133166 0.00050754 -0.00133334 0.999995 0.00265633 -0.00050346 -0.00265667 0.999997 0.185047 0.104983 -0.142623
FixedParameters: 0 0 0

#Transform 187
Transform: AffineTransform_float_3_3
Parameters: 0.999998 0.0016597 0.000463671 -0.0016613 0.999994 0.00281323 -0.000459328 -0.00281377 0.999996 0.237392 0.116271 -0.143198
FixedParameters: 0 0 0

#Transform 188
Transform: AffineTransform_float_3_3
Parameters: 0.999999 0.00153243 0.000229799 -0.00153356 0.999996 0.00247865 -0.000226199 -0.00247935 0.999997 0.180104 0.103724 -0.122437
FixedParameters: 0 0 0

#Transform 189
Transform: AffineTransform_float_3_3
Parameters: 0.999999 0.00133191 0.000443301 -0.0013331 0.999996 0.00247741 -0.000440699 -0.00247759 0.999997 0.186965 0.111303 -0.127976
FixedParameters: 0 0 0

#Transform 190
Transform: AffineTransform_float_3_3
Parameters: 0.999999 0.00164672 0.000508179 -0.00164728 0.999996 0.00253617 -0.000503824 -0.00253683 0.999996 0.127754 0.112262 -0.112726
FixedParameters: 0 0 0

#Transform 191
Transform: AffineTransform_float_3_3
