#Insight Transform File V1.0
#Transform 0
Transform: AffineTransform_float_3_3
Parameters: 1 0.000927545 -0.000601162 -0.000927457 0.999999 0.000904559 0.00060184 -0.000904443 1 0.0123219 0.00919823 -0.15659
FixedParameters: 0 0 0

#Transform 1
Transform: AffineTransform_float_3_3
Parameters: 0.999999 0.000979808 -0.00110128 -0.000979192 1 0.000734079 0.00110172 -0.000732922 0.999999 0.0395527 0.0145123 -0.204247
FixedParameters: 0 0 0

#Transform 2
Transform: AffineTransform_float_3_3
Parameters: 1 0.00061468 -0.000959565 -0.000614321 0.999999 0.00070859 0.000959436 -0.000708411 1 -0.0623505 0.00205076 -0.218265
FixedParameters: 0 0 0

#Transform 3
Transform: AffineTransform_float_3_3
Parameters: 1 0.000316965 2.24989e-05 -0.000317034 0.999998 0.00157399 -2.1501e-05 -0.00157401 0.999999 -0.0866376 0.0574112 -0.126435
FixedParameters: 0 0 0

#Transform 4
Transform: AffineTransform_float_3_3
Parameters: 0.999999 0.000892302 -0.000181521 -0.000891698 0.999998 0.00165816 0.000182478 -0.00165784 0.999998 -0.0368613 0.0695148 -0.12672
FixedParameters: 0 0 0

#Transform 5
Transform: AffineTransform_float_3_3
Parameters: 0.999999 0.000809076 -5.69167e-05 -0.000808923 0.999999 0.00133905 5.80832e-05 -0.00133895 0.999999 -0.0127539 0.0552169 -0.0933809
FixedParameters: 0 0 0

#Transform 6
Transform: AffineTransform_float_3_3
Parameters: 1 0.000672095 -5.68938e-05 -0.000671905 0.999999 0.00164604 5.8106e-05 -0.00164596 0.999998 0.0451274 0.0841847 -0.110328
FixedParameters: 0 0 0

#Transform 7
Transform: AffineTransform_float_3_3
Parameters: 0.999999 0.000672287 -0.000245214 -0.000671713 0.999999 0.00117017 0.000245786 -0.00116984 1 0.0591057 0.0665018 -0.136591
FixedParameters: 0 0 0

#Transform 8
Transform: AffineTransform_float_3_3
Parameters: 0.999999 0.000673032 -0.000503623 -0.000671968 0.999997 0.00204734 0.000504376 -0.00204666 0.999998 0.0693525 0.104942 -0.140338
FixedParameters: 0 0 0

#Transform 9
Transform: AffineTransform_float_3_3
Parameters: 0.999999 0.000673091 -0.00139747 -0.000671909 1 0.00078094 0.00139852 -0.00078006 0.999998 -0.0137672 0.0564087 0.00905276
FixedParameters: 0 0 0

#Transform 10
Transform: AffineTransform_float_3_3
Parameters: 0.999999 5.07823e-05 -0.00139804 -5.22176e-05 0.999999 -0.000870927 0.00139795 0.000871071 0.999998 -0.159386 0.0259478 0.00893233
FixedParameters: 0 0 0

#Transform 11
Transform: AffineTransform_float_3_3
Parameters: 0.999999 0.000135222 -0.00139817 -0.000136778 0.999999 -0.00127181 0.00139783 0.00127219 0.999998 -0.0924 -0.0254399 0.150639
FixedParameters: 0 0 0

#Transform 12
Transform: AffineTransform_float_3_3
Parameters: 0.999999 0.000333246 -0.00122548 -0.000334754 0.999999 -0.00143059 0.00122552 0.00143141 0.999998 -0.00794222 -0.0314977 0.104728
FixedParameters: 0 0 0

#Transform 13
Transform: AffineTransform_float_3_3
Parameters: 0.999999 0.000416356 -0.000631425 -0.000417644 1 -0.00101974 0.000631574 0.00102026 1 0.0448809 -0.0132715 0.0409682
FixedParameters: 0 0 0

#Transform 14
Transform: AffineTransform_float_3_3
Parameters: 0.999999 -0.000187945 -0.000736014 0.000188055 1 7.48616e-05 0.000735985 -7.51383e-05 0.999999 0.120237 0.0295443 0.0199181
FixedParameters: 0 0 0

#Transform 15
Transform: AffineTransform_float_3_3
Parameters: 1 -0.000188008 -0.000213993 0.000187992 1 -3.80402e-05 0.000214007 3.79598e-05 1 0.118661 0.0251478 0.0150799
FixedParameters: 0 0 0

#Transform 16
Transform: AffineTransform_float_3_3
Parameters: 1 -0.000330002 4.89845e-05 0.000329998 1 4.70162e-05 -4.90155e-05 -4.69838e-05 1 0.0598211 0.0284534 0.0438245
FixedParameters: 0 0 0

#Transform 17
Transform: AffineTransform_float_3_3
Parameters: 0.999999 -0.000835051 0.000320866 0.000834948 0.999999 0.000160268 -0.000321133 -0.000159732 1 0.0811777 0.0144912 0.0401244
FixedParameters: 0 0 0

#Transform 18
Transform: AffineTransform_float_3_3
Parameters: 0.999999 -0.000834926 0.000545111 0.000835072 0.999999 -0.000133545 -0.000544888 0.000134455 1 0.076114 0.021984 0.0521324
FixedParameters: 0 0 0

#Transform 19
Transform: AffineTransform_float_3_3
Parameters: 1 -0.000500011 -3.1823e-05 0.000499988 1 -0.000354016 3.2177e-05 0.000353984 1 0.0999673 0.00632307 -0.0428821
FixedParameters: 0 0 0

#Transform 20
Transform: AffineTransform_float_3_3
Parameters: 1 -8.19231e-05 -0.00061501 8.20768e-05 1 0.00012495 0.00061499 -0.00012505 1 -0.016709 0.0329092 -0.00301051
FixedParameters: 0 0 0

#Transform 21
Transform: AffineTransform_float_3_3
Parameters: 1 -8.10149e-05 -3.19622e-05 8.0985e-05 1 -0.000467002 3.20378e-05 0.000466997 1 -0.0422915 -0.0037379 0.062191
FixedParameters: 0 0 0

#Transform 22
Transform: AffineTransform_float_3_3
Parameters: 1 -0.000322907 0.000199151 0.000323093 1 -0.000466936 -0.000199849 0.000467064 1 0.0498157 0.0174896 0.0626139
FixedParameters: 0 0 0

#Transform 23
Transform: AffineTransform_float_3_3
Parameters: 1 -0.000249936 0.000136117 0.000250064 1 -0.000466966 -0.000136883 0.000467034 1 0.107093 0.0175553 0.00757921
FixedParameters: 0 0 0

#Transform 24
Transform: AffineTransform_float_3_3
Parameters: 0.999999 0.000809985 -3.03782e-05 -0.000810014 0.999999 -0.000466975 3.06217e-05 0.000467025 1 0.145473 0.0294098 -0.0185622
FixedParameters: 0 0 0

#Transform 25
Transform: AffineTransform_float_3_3
Parameters: 0.999999 0.00144771 -0.000407042 -0.00144829 0.999998 -0.000719411 0.000405958 0.000719588 0.999999 0.133395 0.00624559 -0.106478
FixedParameters: 0 0 0

#Transform 26
Transform: AffineTransform_float_3_3
Parameters: 0.999998 0.00141411 -0.000889415 -0.00141489 0.999998 -0.000999743 0.000887584 0.00100126 0.999999 0.0492082 0.00176551 -0.185355
FixedParameters: 0 0 0

#Transform 27
Transform: AffineTransform_float_3_3
Parameters: 0.999998 0.00118719 -0.00107689 -0.00118881 0.999999 -0.000752721 0.00107611 0.000753279 0.999999 -0.0596826 0.0178924 -0.2037
FixedParameters: 0 0 0

#Transform 28
Transform: AffineTransform_float_3_3
Parameters: 0.999999 0.00102101 -0.000750989 -0.00102099 0.999999 1.07668e-05 0.000751011 -1.02332e-05 0.999999 -0.134378 0.0508087 -0.137552
FixedParameters: 0 0 0

#Transform 29
Transform: AffineTransform_float_3_3
Parameters: 1 0.00102132 -0.000438266 -0.00102168 0.999999 0.000719448 0.000439734 -0.000718551 0.999999 -0.0976538 0.062364 -0.131233
FixedParameters: 0 0 0

#Transform 30
Transform: AffineTransform_float_3_3
Parameters: 1 0.00102125 -0.000219857 -0.00102175 0.999999 0.00111923 0.000221144 -0.00111877 1 -0.0243526 0.0776961 -0.149665
FixedParameters: 0 0 0

#Transform 31
Transform: AffineTransform_float_3_3
Parameters: 0.999999 0.000679469 -0.00034207 -0.000679531 0.999999 0.00136923 0.00034293 -0.00136877 0.999999 0.013399 0.0876096 -0.134006
FixedParameters: 0 0 0

#Transform 32
Transform: AffineTransform_float_3_3
Parameters: 0.999999 0.000737382 -0.000439359 -0.000737617 1 0.000869324 0.000440641 -0.000868675 0.999999 0.0403234 0.0516277 -0.111581
FixedParameters: 0 0 0

#Transform 33
Transform: AffineTransform_float_3_3
Parameters: 0.999999 0.000610273 -0.00043962 -0.000609726 0.999999 0.000622268 0.000440379 -0.000621731 0.999999 0.109337 0.0423447 -0.112798
FixedParameters: 0 0 0

#Transform 34
Transform: AffineTransform_float_3_3
Parameters: 1 0.000972986 -0.000690021 -0.000973016 1 -2.13286e-05 0.000689979 2.16714e-05 1 0.0840915 0.0170961 -0.107923
FixedParameters: 0 0 0

#Transform 35
Transform: AffineTransform_float_3_3
Parameters: 1 0.000904255 -0.000439478 -0.000903747 1 0.000577398 0.000440522 -0.000577602 0.999999 0.0866112 0.040247 -0.0937575
FixedParameters: 0 0 0

#Transform 36
Transform: AffineTransform_float_3_3
Parameters: 1 0.000904104 -0.000439788 -0.000903897 0.999999 0.000235398 0.000440213 -0.000235602 1 0.089782 0.0271574 -0.0927405
FixedParameters: 0 0 0

#Transform 37
Transform: AffineTransform_float_3_3
Parameters: 0.999999 0.000903849 0.000220619 -0.00090415 1 0.000684801 -0.000219381 -0.000684199 0.999999 0.100111 0.0444283 -0.129088
FixedParameters: 0 0 0

#Transform 38
Transform: AffineTransform_float_3_3
Parameters: 0.999999 0.000903745 0.000274838 -0.000904254 0.999999 0.000926752 -0.000274162 -0.000927248 0.999999 0.0623844 0.0537387 -0.13178
FixedParameters: 0 0 0

#Transform 39
Transform: AffineTransform_float_3_3
Parameters: 0.999999 0.000903724 0.000350711 -0.000904275 1 0.000786683 -0.000349288 -0.000787316 0.999999 0.0531362 0.0483238 -0.131214
FixedParameters: 0 0 0

#Transform 40
Transform: AffineTransform_float_3_3
Parameters: 0.999999 0.000903895 0.000166568 -0.000904105 1 0.00062885 -0.000166431 -0.000629151 1 0.0298776 0.0422899 -0.130528
FixedParameters: 0 0 0

#Transform 41
Transform: AffineTransform_float_3_3
Parameters: 0.999999 0.00125679 0.00034279 -0.00125622 0.999999 0.00062857 -0.000342211 -0.00062843 0.999999 0.033711 0.0420692 -0.126543
FixedParameters: 0 0 0

#Transform 42
Transform: AffineTransform_float_3_3
Parameters: 0.999999 0.000881912 0.000140555 -0.000882089 1 0.000628876 -0.000140445 -0.000629124 1 0.0520664 0.0423142 -0.127891
FixedParameters: 0 0 0

#Transform 43
Transform: AffineTransform_float_3_3
Parameters: 0.999999 0.00139083 0.00025095 -0.00139017 0.999999 0.000682652 -0.00025005 -0.000683348 0.999999 0.058279 0.0525192 -0.125005
FixedParameters: 0 0 0

#Transform 44
Transform: AffineTransform_float_3_3
Parameters: 0.999999 0.000782826 0.000162837 -0.000783174 0.999999 0.00106887 -0.000162163 -0.00106913 1 0.0955657 0.0673018 -0.132112
FixedParameters: 0 0 0

#Transform 45
Transform: AffineTransform_float_3_3
Parameters: 0.999999 0.000782969 3.27407e-05 -0.000783031 0.999999 0.000945974 -3.22592e-05 -0.000946025 0.999999 0.102615 0.047774 -0.131717
FixedParameters: 0 0 0

#Transform 46
Transform: AffineTransform_float_3_3
Parameters: 1 0.000970219 -0.000297291 -0.000970783 1 0.000731289 0.000297711 -0.000731711 0.999999 0.0907333 0.0565911 -0.1306
FixedParameters: 0 0 0

#Transform 47
Transform: AffineTransform_float_3_3
Parameters: 1 0.00100919 -0.000297364 -0.00100881 1 0.0006303 0.000298637 -0.000630699 1 0.10087 0.0631844 -0.119929
FixedParameters: 0 0 0

#Transform 48
Transform: AffineTransform_float_3_3
Parameters: 0.999999 0.000782724 -0.000626344 -0.000783275 0.999999 -0.000439509 0.000625656 0.00043949 0.999999 0.0176426 0.0223994 -0.026885
FixedParameters: 0 0 0

#Transform 49
Transform: AffineTransform_float_3_3
Parameters: 1 0.000281776 -0.000298212 -0.000282224 0.999999 -0.000751915 0.000297788 0.000752083 0.999999 -0.0488337 0.0107796 0.268532
FixedParameters: 0 0 0

#Transform 50
Transform: AffineTransform_float_3_3
Parameters: 1 -0.000140451 -0.000534881 0.000139548 0.999999 -0.000844074 0.000535118 0.000843924 0.999999 0.0290039 0.013805 0.166481
FixedParameters: 0 0 0

#Transform 51
Transform: AffineTransform_float_3_3
Parameters: 0.999999 -0.000780388 -0.00122311 0.000779612 0.999999 -0.00113495 0.00122388 0.00113405 0.999998 0.0349957 -0.00751481 0.154397
FixedParameters: 0 0 0

#Transform 52
Transform: AffineTransform_float_3_3
Parameters: 0.999999 -0.000531625 -0.000585433 0.000531374 1 -0.00106731 0.000586567 0.00106669 1 0.118251 -0.00502058 0.0364413
FixedParameters: 0 0 0

#Transform 53
Transform: AffineTransform_float_3_3
Parameters: 1 -4.01654e-05 -0.000154957 3.98346e-05 1 -0.00106701 0.000155043 0.00106699 1 0.122037 -0.016565 0.109149
FixedParameters: 0 0 0

#Transform 54
Transform: AffineTransform_float_3_3
Parameters: 0.999999 0.00136227 0.000381027 -0.00136173 0.999999 -0.000714519 -0.000381972 0.00071348 0.999999 0.162842 -0.0116612 0.0946537
FixedParameters: 0 0 0

#Transform 55
Transform: AffineTransform_float_3_3
Parameters: 1 0.000454054 -0.000279911 -0.000453945 1 0.000195127 0.000280088 -0.000194873 1 0.183184 0.00769486 0.0945509
FixedParameters: 0 0 0

#Transform 56
Transform: AffineTransform_float_3_3
Parameters: 1 -4.42735e-05 -0.000279957 4.37264e-05 0.999999 -0.000977012 0.000280043 0.000976988 1 0.138906 -0.0117945 0.0684098
FixedParameters: 0 0 0

#Transform 57
Transform: AffineTransform_float_3_3
Parameters: 1 2.52999e-05 0.000306976 -2.47e-05 0.999999 -0.000977008 -0.000307024 0.000976992 1 0.124865 -0.00899517 0.0469312
FixedParameters: 0 0 0

#Transform 58
Transform: AffineTransform_float_3_3
Parameters: 1 -0.000257628 0.000386248 0.000258372 1 -0.0009629 -0.000385751 0.000963099 0.999999 0.108564 -0.012936 0.0437977
FixedParameters: 0 0 0

#Transform 59
Transform: AffineTransform_float_3_3
Parameters: 1 -0.000191965 0.000386017 0.000191035 1 -9.09263e-05 -0.000385983 9.00741e-05 1 0.107797 0.0373933 0.0637268
FixedParameters: 0 0 0

#Transform 60
Transform: AffineTransform_float_3_3
Parameters: 1 8.18878e-05 0.000402023 -8.21121e-05 1 0.000278967 -0.000401977 -0.000279033 1 0.109443 0.0515091 0.0584953
FixedParameters: 0 0 0

#Transform 61
Transform: AffineTransform_float_3_3
Parameters: 1 -1.00795e-05 0.000385998 9.92048e-06 1 0.000206004 -0.000386002 -0.000205996 1 0.117954 0.0457545 0.0318791
FixedParameters: 0 0 0

#Transform 62
Transform: AffineTransform_float_3_3
Parameters: 1 3.70236e-05 0.000536998 -3.69764e-05 1 -4.40199e-05 -0.000537001 4.39801e-05 1 0.125911 0.039057 0.0677142
FixedParameters: 0 0 0

#Transform 63
Transform: AffineTransform_float_3_3
Parameters: 1 -0.000350295 0.000441766 0.000349704 0.999999 0.000668154 -0.000442233 -0.000667845 0.999999 0.145665 0.0463411 0.0493265
FixedParameters: 0 0 0

#Transform 64
Transform: AffineTransform_float_3_3
Parameters: 1 -0.000124235 0.000385924 0.000123764 1 0.000610048 -0.000386075 -0.000609952 0.999999 0.144498 0.0644563 0.0685769
FixedParameters: 0 0 0

#Transform 65
Transform: AffineTransform_float_3_3
Parameters: 1 -0.000251179 0.000155712 0.000250822 1 0.00114704 -0.000155288 -0.00114696 1 0.135165 0.0604252 0.0814518
FixedParameters: 0 0 0

#Transform 66
Transform: AffineTransform_float_3_3
Parameters: 1 0.000287087 -6.15947e-05 -0.000286912 0.999999 0.00141202 6.24052e-05 -0.00141198 0.999999 0.17924 0.0914118 0.0113856
FixedParameters: 0 0 0

#Transform 67
Transform: AffineTransform_float_3_3
Parameters: 0.999999 0.000529256 -0.000787157 -0.000528743 0.999998 0.00159542 0.000787844 -0.00159458 0.999999 0.176509 0.0848097 -0.0995949
FixedParameters: 0 0 0

#Transform 68
Transform: AffineTransform_float_3_3
Parameters: 0.999998 0.000740398 -0.00151234 -0.000737603 0.999997 0.00224612 0.00151366 -0.00224488 0.999997 0.0488061 0.101403 -0.202099
FixedParameters: 0 0 0

#Transform 69
Transform: AffineTransform_float_3_3
Parameters: 0.999997 0.00111037 -0.00185279 -0.00110463 0.999995 0.00289905 0.00185621 -0.00289695 0.999994 -0.0986481 0.11876 -0.234227
FixedParameters: 0 0 0

#Transform 70
Transform: AffineTransform_float_3_3
Parameters: 0.999998 0.00122257 -0.00145217 -0.00121744 0.999995 0.00313977 0.00145583 -0.00313823 0.999994 -0.202587 0.111247 -0.287948
FixedParameters: 0 0 0

#Transform 71
Transform: AffineTransform_float_3_3
Parameters: 0.999999 0.000647986 -0.0012064 -0.000645013 0.999996 0.00247378 0.0012086 -0.00247322 0.999996 -0.260939 0.109284 -0.00315281
FixedParameters: 0 0 0

#Transform 72
Transform: AffineTransform_float_3_3
Parameters: 1 9.74353e-05 -0.000580761 -9.5564e-05 0.999997 0.00247106 0.000581238 -0.00247094 0.999997 -0.228308 0.142624 0.0501762
FixedParameters: 0 0 0

#Transform 73
Transform: AffineTransform_float_3_3
Parameters: 1 0.000420461 0.000505285 -0.000422539 0.999996 0.00305079 -0.000503714 -0.00305021 0.999995 -0.00181396 0.169544 0.139906
FixedParameters: 0 0 0

#Transform 74
Transform: AffineTransform_float_3_3
Parameters: 1 1.64763e-06 8.70074e-05 -1.35234e-06 0.999992 0.00405 -8.69952e-05 -0.00405 0.999992 0.208476 0.189792 0.0456765
FixedParameters: 0 0 0

#Transform 75
Transform: AffineTransform_float_3_3
Parameters: 1 0.000127015 0.000504504 -0.000128983 0.999992 0.00393694 -0.000503496 -0.00393707 0.999992 0.291235 0.181455 0.073823
FixedParameters: 0 0 0

#Transform 76
Transform: AffineTransform_float_3_3
Parameters: 1 0.000422275 -7.85335e-05 -0.000422723 0.999994 0.00347403 8.0469e-05 -0.00347397 0.999994 0.36177 0.153183 0.0440555
FixedParameters: 0 0 0

#Transform 77
Transform: AffineTransform_float_3_3
Parameters: 1 0.000235358 -0.000395195 -0.000233643 0.999994 0.00343209 0.000395804 -0.00343191 0.999994 0.351272 0.151098 -0.101989
FixedParameters: 0 0 0

#Transform 78
Transform: AffineTransform_float_3_3
Parameters: 1 0.000422116 -3.97887e-05 -0.000421883 0.999996 0.00287002 4.1211e-05 -0.00286998 0.999996 0.162024 0.139865 -0.0227973
FixedParameters: 0 0 0

#Transform 79
Transform: AffineTransform_float_3_3
Parameters: 1 0.000347775 9.48273e-05 -0.000348225 0.999997 0.00237797 -9.41722e-05 -0.00237803 0.999997 0.0764053 0.120966 -0.0134807
FixedParameters: 0 0 0

#Transform 80
Transform: AffineTransform_float_3_3
Parameters: 0.999999 0.000420317 0.000934758 -0.000422684 0.999999 0.00180161 -0.00093424 -0.00180139 0.999998 0.0186638 0.0986487 -0.024524
FixedParameters: 0 0 0

#Transform 81
Transform: AffineTransform_float_3_3
Parameters: 1 0.000419903 0.00109081 -0.000422097 0.999998 0.00192254 -0.00109019 -0.00192346 0.999997 -0.0448547 0.106027 0.0121616
FixedParameters: 0 0 0

#Transform 82
Transform: AffineTransform_float_3_3
Parameters: 0.999999 0.000419721 0.000943017 -0.000422281 0.999997 0.0024176 -0.000942981 -0.0024184 0.999996 -0.014415 0.122554 0.0349206
FixedParameters: 0 0 0

#Transform 83
Transform: AffineTransform_float_3_3
Parameters: 0.999999 0.000548267 0.000669423 -0.000549735 0.999997 0.00259164 -0.000668578 -0.00259137 0.999997 -0.00273643 0.129067 0.00260974
FixedParameters: 0 0 0

#Transform 84
Transform: AffineTransform_float_3_3
Parameters: 1 0.000359474 0.000511077 -0.000361526 0.999996 0.00298882 -0.000509922 -0.00298919 0.999996 0.116697 0.144475 0.0414947
FixedParameters: 0 0 0

#Transform 85
Transform: AffineTransform_float_3_3
Parameters: 0.999999 0.000419733 0.000669426 -0.000422269 0.999994 0.00338972 -0.000668572 -0.00339028 0.999994 0.171152 0.159821 -0.00438709
FixedParameters: 0 0 0

#Transform 86
Transform: AffineTransform_float_3_3
Parameters: 0.999999 0.000419612 0.000620621 -0.00042239 0.999993 0.00385274 -0.000619377 -0.00385326 0.999993 0.22683 0.18121 0.0467433
FixedParameters: 0 0 0

#Transform 87
Transform: AffineTransform_float_3_3
Parameters: 0.999999 0.000600466 0.000450054 -0.000602533 0.999994 0.00341573 -0.000447944 -0.00341627 0.999994 0.237512 0.178515 0.0449666
FixedParameters: 0 0 0

#Transform 88
Transform: AffineTransform_float_3_3
Parameters: 0.999999 0.000420441 0.000636032 -0.000422558 0.999997 0.00245173 -0.000634965 -0.00245227 0.999997 0.231751 0.123975 0.0766036
FixedParameters: 0 0 0

#Transform 89
Transform: AffineTransform_float_3_3
Parameters: 0.999999 0.000420455 0.000698932 -0.000422545 0.999998 0.00221171 -0.000698067 -0.0022123 0.999998 0.212202 0.12431 0.0953627
FixedParameters: 0 0 0

#Transform 90
Transform: AffineTransform_float_3_3
Parameters: 0.999999 0.000419128 0.000989221 -0.00042187 0.999995 0.00290358 -0.000987779 -0.00290442 0.999996 0.151367 0.141446 0.0475745
FixedParameters: 0 0 0

#Transform 91
Transform: AffineTransform_float_3_3
Parameters: 1 0.000367299 0.00116617 -0.000370701 0.999995 0.00317557 -0.00116483 -0.00317543 0.999995 0.129625 0.166144 0.0726716
FixedParameters: 0 0 0

#Transform 92
Transform: AffineTransform_float_3_3
Parameters: 0.999999 0.000419552 0.000880171 -0.000422448 0.999996 0.00278363 -0.000878827 -0.00278337 0.999995 0.10805 0.149987 0.044511
FixedParameters: 0 0 0

#Transform 93
Transform: AffineTransform_float_3_3
Parameters: 1 0.00042096 0.000434011 -0.00042204 0.999997 0.00239882 -0.000432989 -0.00239918 0.999997 0.149522 0.15011 -0.0845148
FixedParameters: 0 0 0

#Transform 94
Transform: AffineTransform_float_3_3
Parameters: 0.999999 0.0012644 0.000265859 -0.0012646 0.999996 0.00226067 -0.000263141 -0.00226133 0.999998 0.122282 0.138114 -0.202459
FixedParameters: 0 0 0

#Transform 95
Transform: AffineTransform_float_3_3
Parameters: 0.999998 0.00160319 -0.000149993 -0.00160381 0.999998 0.00125224 0.000152008 -0.00125176 0.999999 0.0802252 0.0759856 -0.314134
FixedParameters: 0 0 0

#Transform 96
Transform: AffineTransform_float_3_3
Parameters: 0.999999 0.00146787 0.000161225 -0.00146813 0.999998 0.000834764 -0.000159774 -0.000835235 0.999999 -0.044657 0.0603014 -0.306914
FixedParameters: 0 0 0

#Transform 97
Transform: AffineTransform_float_3_3
Parameters: 0.999998 0.00159686 0.000230966 -0.00159614 0.999998 0.000604632 -0.000230036 -0.000604368 1 -0.0980914 0.0715682 -0.174265
FixedParameters: 0 0 0

#Transform 98
Transform: AffineTransform_float_3_3
Parameters: 0.999998 0.0017974 0.0007225 -0.0017976 0.999998 0.000833703 -0.0007205 -0.000835297 1 -0.00622568 0.0601121 -0.154553
FixedParameters: 0 0 0

#Transform 99
Transform: AffineTransform_float_3_3
Parameters: 0.999998 0.00179694 0.000723628 -0.00179806 0.999998 0.0014617 -0.000721371 -0.0014633 0.999998 0.0841401 0.0840543 -0.106583
FixedParameters: 0 0 0

#Transform 100
Transform: AffineTransform_float_3_3
Parameters: 0.999998 0.00126036 0.00098011 -0.00126264 0.999998 0.00167276 -0.000977889 -0.00167323 0.999998 0.144471 0.0926514 -0.0827689
FixedParameters: 0 0 0

#Transform 101
Transform: AffineTransform_float_3_3
Parameters: 0.999998 0.00138952 0.000882332 -0.00139048 0.999997 0.00167678 -0.00087967 -0.00167722 0.999998 0.201203 0.0927014 -0.0827375
FixedParameters: 0 0 0

#Transform 102
Transform: AffineTransform_float_3_3
Parameters: 0.999999 0.00121109 0.000642726 -0.00121192 0.999999 0.00142422 -0.000641274 -0.00142478 0.999999 0.19138 0.0829858 -0.0816867
FixedParameters: 0 0 0

#Transform 103
Transform: AffineTransform_float_3_3
Parameters: 0.999999 0.00126123 0.00047106 -0.00126177 0.999998 0.00163241 -0.000468941 -0.00163259 0.999998 0.176116 0.0911619 -0.0733787
FixedParameters: 0 0 0

#Transform 104
Transform: AffineTransform_float_3_3
Parameters: 1 0.000959183 0.00047067 -0.000960818 0.999998 0.00173955 -0.00046933 -0.00173945 0.999999 0.133016 0.0954423 -0.0826455
FixedParameters: 0 0 0

#Transform 105
Transform: AffineTransform_float_3_3
Parameters: 0.999999 0.000699316 0.000470018 -0.000699683 0.999998 0.00145467 -0.000468982 -0.00145533 0.999999 0.106401 0.0943486 -0.0815366
FixedParameters: 0 0 0

#Transform 106
Transform: AffineTransform_float_3_3
Parameters: 0.999999 0.00127747 0.000854294 -0.00127853 0.999997 0.00179391 -0.000851707 -0.00179509 0.999998 0.0688122 0.120046 -0.0831192
FixedParameters: 0 0 0

#Transform 107
Transform: AffineTransform_float_3_3
Parameters: 0.999999 0.00111049 0.000926818 -0.00111251 0.999998 0.00163497 -0.000925182 -0.00163603 0.999998 0.0503636 0.105205 -0.079662
FixedParameters: 0 0 0

#Transform 108
Transform: AffineTransform_float_3_3
Parameters: 0.999999 0.00111129 0.000925848 -0.00111271 0.999999 0.000761971 -0.000925152 -0.000763029 1 0.0466346 0.0642533 -0.0856025
FixedParameters: 0 0 0

#Transform 109
Transform: AffineTransform_float_3_3
Parameters: 0.999999 0.0013611 0.000782559 -0.0013619 0.999999 0.00114494 -0.00078044 -0.00114606 0.999999 0.0354031 0.089544 -0.0764021
FixedParameters: 0 0 0

#Transform 110
Transform: AffineTransform_float_3_3
Parameters: 0.999999 0.00111108 0.000909123 -0.00111192 0.999999 0.00100999 -0.000907877 -0.00101101 0.999999 0.105825 0.0738806 -0.0849087
FixedParameters: 0 0 0

#Transform 111
Transform: AffineTransform_float_3_3
Parameters: 0.999999 0.0011116 0.000526848 -0.0011124 0.999999 0.000762414 -0.000526152 -0.000762585 0.999999 0.0910994 0.0642312 -0.0969701
FixedParameters: 0 0 0

#Transform 112
Transform: AffineTransform_float_3_3
Parameters: 1 0.000988434 0.000482162 -0.000989566 0.999999 0.00117452 -0.000480838 -0.00117548 0.999999 0.122378 0.0734683 -0.101648
FixedParameters: 0 0 0

#Transform 113
Transform: AffineTransform_float_3_3
Parameters: 0.999999 0.00114942 0.000556191 -0.00114958 0.999999 0.00103536 -0.00055481 -0.00103564 1 0.127809 0.0747432 -0.0829412
FixedParameters: 0 0 0

#Transform 114
Transform: AffineTransform_float_3_3
Parameters: 1 0.00113572 0.00034792 -0.00113628 0.999999 0.000809605 -0.000346081 -0.000809393 0.999999 0.13762 0.0484885 -0.100169
FixedParameters: 0 0 0

#Transform 115
Transform: AffineTransform_float_3_3
Parameters: 1 0.00113562 0.000370164 -0.00113638 0.999999 0.00102458 -0.000368835 -0.00102542 1 0.129488 0.054075 -0.0926396
FixedParameters: 0 0 0

#Transform 116
Transform: AffineTransform_float_3_3
Parameters: 1 0.0010709 0.000149712 -0.0010711 0.999999 0.00066484 -0.000149288 -0.00066516 1 0.0748999 0.0429972 -0.0620167
FixedParameters: 0 0 0

#Transform 117
Transform: AffineTransform_float_3_3
Parameters: 1 0.000461011 -0.000487989 -0.000460989 1 2.3225e-05 0.00048801 -2.2775e-05 1 0.0303748 0.05944 0.165247
FixedParameters: 0 0 0

#Transform 118
Transform: AffineTransform_float_3_3
Parameters: 1 1.57204e-05 -0.000591007 -1.52795e-05 1 -0.000472991 0.000590993 0.000473009 0.999999 -0.00990815 0.0407281 0.17301
FixedParameters: 0 0 0

#Transform 119
Transform: AffineTransform_float_3_3
Parameters: 1 1.60896e-05 -0.000337996 -1.59104e-05 1 0.000265005 0.000338004 -0.000264995 1 0.0652217 0.0690711 0.139478
FixedParameters: 0 0 0

#Transform 120
Transform: AffineTransform_float_3_3
Parameters: 1 0.000500628 -0.000493363 -0.000500372 0.999999 0.00127325 0.000493637 -0.00127275 0.999999 0.142558 0.0802437 0.00128832
FixedParameters: 0 0 0

#Transform 121
Transform: AffineTransform_float_3_3
Parameters: 1 0.000319024 -0.000493339 -0.000317976 0.999998 0.00207516 0.000493661 -0.00207484 0.999997 0.242018 0.116955 -0.290188
FixedParameters: 0 0 0

#Transform 122
Transform: AffineTransform_float_3_3
Parameters: 0.999999 0.000698931 -0.000492682 -0.000698068 0.999998 0.00188734 0.000494318 -0.00188666 0.999998 0.107842 0.0823287 -0.344733
FixedParameters: 0 0 0

#Transform 123
Transform: AffineTransform_float_3_3
Parameters: 1 0.00105408 -4.82914e-05 -0.00105392 0.999998 0.00162105 5.07084e-05 -0.00162095 0.999998 0.0110617 0.08216 -0.210567
FixedParameters: 0 0 0

#Transform 124
Transform: AffineTransform_float_3_3
Parameters: 1 0.00112981 0.000118843 -0.00113019 0.999998 0.00163087 -0.000116157 -0.00163113 0.999998 0.00945027 0.0725246 -0.172233
FixedParameters: 0 0 0

#Transform 125
Transform: AffineTransform_float_3_3
Parameters: 0.999999 0.000956807 0.000153208 -0.000957192 0.999998 0.00126185 -0.000151793 -0.00126115 0.999999 0.0255366 0.058501 -0.161977
FixedParameters: 0 0 0

#Transform 126
Transform: AffineTransform_float_3_3
Parameters: 1 0.00102787 0.000106297 -0.00102813 0.999998 0.00126189 -0.000104703 -0.00126211 0.999999 0.0230341 0.0629986 -0.146622
FixedParameters: 0 0 0

#Transform 127
Transform: AffineTransform_float_3_3
Parameters: 1 0.000597839 0.000127755 -0.00059716 0.999999 0.00126192 -0.000126246 -0.00126208 0.999999 0.072625 0.0588034 -0.148621
FixedParameters: 0 0 0

#Transform 128
Transform: AffineTransform_float_3_3
Parameters: 1 0.000529852 0.000101775 -0.000530148 0.999999 0.00146195 -0.000101225 -0.00146205 0.999999 0.0829697 0.0762568 -0.144956
FixedParameters: 0 0 0

#Transform 129
Transform: AffineTransform_float_3_3
Parameters: 1 0.000598002 -1.26685e-06 -0.000597997 0.999999 0.001226 2.73315e-06 -0.001226 0.999999 0.1145 0.074086 -0.143864
FixedParameters: 0 0 0

#Transform 130
Transform: AffineTransform_float_3_3
Parameters: 1 0.00059743 0.000373912 -0.00059757 0.999998 0.00152578 -0.000373089 -0.00152522 0.999999 0.136558 0.0924763 -0.129846
FixedParameters: 0 0 0

#Transform 131
Transform: AffineTransform_float_3_3
Parameters: 0.999999 0.000735758 0.000202877 -0.00073624 0.999999 0.00119185 -0.000201122 -0.00119215 1 0.133454 0.075755 -0.124385
FixedParameters: 0 0 0

#Transform 132
Transform: AffineTransform_float_3_3
Parameters: 1 0.00059792 4.80045e-05 -0.00059708 0.999999 0.00167997 -4.69969e-05 -0.00168003 0.999998 0.126848 0.102528 -0.0738747
FixedParameters: 0 0 0

#Transform 133
Transform: AffineTransform_float_3_3
Parameters: 1 0.000465946 4.75377e-05 -0.000466054 0.999999 0.00115398 -4.64622e-05 -0.00115402 1 0.0900152 0.0770966 0.0131917
FixedParameters: 0 0 0

#Transform 134
Transform: AffineTransform_float_3_3
Parameters: 1 0.000169044 0.000299975 -0.000168956 1 -0.000148051 -0.000300025 0.000147949 1 0.0885626 0.0486157 0.0500069
FixedParameters: 0 0 0

#Transform 135
Transform: AffineTransform_float_3_3
Parameters: 1 7.59235e-05 0.000300019 -7.60765e-05 1 0.000254977 -0.000299981 -0.000255023 1 0.149834 0.0672882 -0.0380823
FixedParameters: 0 0 0

#Transform 136
Transform: AffineTransform_float_3_3
Parameters: 1 0.000521287 -0.000368594 -0.000520712 0.999999 0.000779191 0.000369406 -0.000779807 0.999999 0.184812 0.0621664 -0.251848
FixedParameters: 0 0 0

#Transform 137
Transform: AffineTransform_float_3_3
Parameters: 0.999999 0.00121051 -0.000342218 -0.0012105 0.999998 0.00147242 0.000343783 -0.00147259 0.999999 0.139725 0.0893734 -0.338067
FixedParameters: 0 0 0

#Transform 138
Transform: AffineTransform_float_3_3
Parameters: 0.999999 0.00179754 -0.000380478 -0.00179746 0.999998 0.00140369 0.000383523 -0.00140331 0.999999 0.0358848 0.0863867 -0.344058
FixedParameters: 0 0 0

#Transform 139
Transform: AffineTransform_float_3_3
Parameters: 0.999998 0.00195526 -0.000158815 -0.00195474 0.999997 0.00162931 0.000162184 -0.00162869 0.999998 -0.0475637 0.085331 -0.289504
FixedParameters: 0 0 0

#Transform 140
Transform: AffineTransform_float_3_3
Parameters: 0.999999 0.00156293 4.1768e-05 -0.00156307 0.999997 0.00177094 -3.92318e-05 -0.00177106 0.999999 -0.0554742 0.101199 -0.244774
FixedParameters: 0 0 0

#Transform 141
Transform: AffineTransform_float_3_3
Parameters: 0.999999 0.00180191 4.30364e-05 -0.00180209 0.999996 0.00223993 -3.89634e-05 -0.00224007 0.999998 0.00276153 0.118994 -0.232091
FixedParameters: 0 0 0

#Transform 142
Transform: AffineTransform_float_3_3
Parameters: 0.999999 0.00182877 -0.000392441 -0.00182823 0.999997 0.00194672 0.000396558 -0.00194528 0.999998 0.0262463 0.089356 -0.222536
FixedParameters: 0 0 0

#Transform 143
Transform: AffineTransform_float_3_3
Parameters: 0.999998 0.00159654 -0.00028093 -0.00159646 0.999997 0.00192345 0.000284072 -0.00192355 0.999998 0.0987839 0.0885378 -0.212719
FixedParameters: 0 0 0

#Transform 144
Transform: AffineTransform_float_3_3
Parameters: 0.999998 0.00163026 -0.000135865 -0.00162973 0.999997 0.00192322 0.000139136 -0.00192378 0.999998 0.114062 0.104684 -0.184741
FixedParameters: 0 0 0

#Transform 145
Transform: AffineTransform_float_3_3
Parameters: 0.999998 0.00190268 -0.000392716 -0.00190232 0.999996 0.00172675 0.000395285 -0.00172625 0.999999 0.144265 0.0806981 -0.170461
FixedParameters: 0 0 0

#Transform 146
Transform: AffineTransform_float_3_3
Parameters: 0.999999 0.00180979 -0.000392399 -0.00180922 0.999997 0.00199071 0.000395602 -0.00199029 0.999998 0.111803 0.0910496 -0.149854
FixedParameters: 0 0 0

#Transform 147
Transform: AffineTransform_float_3_3
Parameters: 0.999998 0.00190279 -0.000392168 -0.00190221 0.999996 0.00201475 0.000395833 -0.00201425 0.999998 0.103662 0.0919207 -0.133603
FixedParameters: 0 0 0

#Transform 148
Transform: AffineTransform_float_3_3
Parameters: 0.999998 0.00190276 -0.000392341 -0.00190224 0.999997 0.00192375 0.00039566 -0.00192325 0.999998 0.0681306 0.107849 -0.13333
FixedParameters: 0 0 0

#Transform 149
Transform: AffineTransform_float_3_3
Parameters: 0.999998 0.0019026 -0.000291126 -0.0019014 0.999996 0.00203656 0.000294873 -0.00203644 0.999998 0.0483015 0.106333 -0.120234
FixedParameters: 0 0 0

#Transform 150
Transform: AffineTransform_float_3_3
Parameters: 0.999998 0.00196312 -5.36301e-05 -0.00196287 0.999995 0.00222611 5.83694e-05 -0.00222589 0.999997 0.0446232 0.100241 -0.106837
FixedParameters: 0 0 0

#Transform 151
Transform: AffineTransform_float_3_3
Parameters: 0.999998 0.00190239 -0.000221665 -0.00190161 0.999996 0.00175342 0.000224336 -0.00175358 0.999999 -0.00282517 0.0822678 -0.0849609
FixedParameters: 0 0 0

#Transform 152
Transform: AffineTransform_float_3_3
Parameters: 0.999998 0.00168741 -0.000385213 -0.00168659 0.999998 0.00105965 0.000386786 -0.00105835 1 -0.021511 0.0816254 0.0286678
FixedParameters: 0 0 0

#Transform 153
Transform: AffineTransform_float_3_3
Parameters: 0.999998 0.00136813 -0.000813106 -0.00136687 0.999998 0.00138511 0.000814893 -0.00138389 0.999998 0.0222513 0.092234 0.027724
FixedParameters: 0 0 0

#Transform 154
Transform: AffineTransform_float_3_3
Parameters: 0.999999 0.00109349 -0.00096444 -0.00109351 1 0.000513056 0.000964561 -0.000511946 1 0.0742591 0.0517575 0.0957114
FixedParameters: 0 0 0

#Transform 155
Transform: AffineTransform_float_3_3
Parameters: 1 0.000325726 0.00094444 -0.000326273 0.999999 0.00134869 -0.000943561 -0.00134931 0.999998 0.134727 0.0623864 0.0679409
FixedParameters: 0 0 0

#Transform 156
Transform: AffineTransform_float_3_3
Parameters: 0.999998 0.00127849 0.00103163 -0.00127951 0.999999 0.000489681 -0.00103137 -0.000491319 1 0.196161 0.046929 0.148136
FixedParameters: 0 0 0

#Transform 157
Transform: AffineTransform_float_3_3
Parameters: 1 -3.15222e-05 -0.000323047 3.14777e-05 0.999999 0.00147899 0.000322954 -0.00147901 0.999999 0.214595 0.0760169 0.0933765
FixedParameters: 0 0 0

#Transform 158
Transform: AffineTransform_float_3_3
Parameters: 1 -3.19776e-05 -1.80398e-05 3.20224e-05 0.999999 0.001245 1.79602e-05 -0.001245 0.999999 0.116581 0.0770105 0.0359264
FixedParameters: 0 0 0

#Transform 159
Transform: AffineTransform_float_3_3
Parameters: 1 -3.22787e-05 0.000422979 3.17212e-05 1 0.000659013 -0.000423021 -0.000658986 0.999999 0.110539 0.054466 0.00579288
FixedParameters: 0 0 0

#Transform 160
Transform: AffineTransform_float_3_3
Parameters: 1 -3.25962e-05 0.000543965 3.14037e-05 0.999999 0.00109602 -0.000544035 -0.00109598 1 0.066023 0.0713028 0.0213283
FixedParameters: 0 0 0

#Transform 161
Transform: AffineTransform_float_3_3
Parameters: 0.999999 -3.26811e-05 0.00074197 3.13188e-05 0.999999 0.000918023 -0.000742029 -0.000917976 1 0.0736168 0.0644195 0.0100582
FixedParameters: 0 0 0

#Transform 162
Transform: AffineTransform_float_3_3
Parameters: 1 0.000522062 0.0009825 -0.00052294 1 0.000955487 -0.000982501 -0.000955514 0.999999 0.0458411 0.0739281 0.00673889
FixedParameters: 0 0 0

#Transform 163
Transform: AffineTransform_float_3_3
Parameters: 0.999999 -3.26687e-05 0.000837974 3.13312e-05 0.999999 0.000798027 -0.000838025 -0.000797973 1 0.0872585 0.0597863 -0.00579219
FixedParameters: 0 0 0

#Transform 164
Transform: AffineTransform_float_3_3
Parameters: 0.999999 0.000168931 0.000982184 -0.000170069 1 0.00108783 -0.000982815 -0.00108817 0.999999 0.12358 0.0707744 -0.0244864
FixedParameters: 0 0 0

#Transform 165
Transform: AffineTransform_float_3_3
Parameters: 0.999999 -3.29999e-05 0.000989967 3.20001e-05 1 0.00101003 -0.000990032 -0.00100997 0.999999 0.130634 0.074674 -0.0124988
FixedParameters: 0 0 0

#Transform 166
Transform: AffineTransform_float_3_3
Parameters: 1 -3.33456e-05 0.00104796 3.16543e-05 0.999999 0.00128403 -0.00104804 -0.00128397 0.999998 0.167943 0.0784596 -0.0136731
FixedParameters: 0 0 0

#Transform 167
Transform: AffineTransform_float_3_3
Parameters: 1 -3.33456e-05 0.00104796 3.16543e-05 0.999999 0.00128403 -0.00104804 -0.00128397 0.999998 0.163518 0.0902324 -0.0136835
FixedParameters: 0 0 0

#Transform 168
Transform: AffineTransform_float_3_3
Parameters: 1 0.000245413 0.00110635 -0.000246587 0.999999 0.00143473 -0.00110565 -0.00143527 0.999999 0.160436 0.0848537 -0.0141901
FixedParameters: 0 0 0

#Transform 169
Transform: AffineTransform_float_3_3
Parameters: 1 0.000198044 0.00107418 -0.000198956 0.999999 0.000889786 -0.00107382 -0.000890213 0.999999 0.160992 0.0707544 -0.0121214
FixedParameters: 0 0 0

#Transform 170
Transform: AffineTransform_float_3_3
Parameters: 0.999999 0.00032084 0.000748498 -0.00032216 0.999998 0.00154976 -0.000748501 -0.00155024 0.999998 0.118637 0.0930722 -0.0111297
FixedParameters: 0 0 0

#Transform 171
Transform: AffineTransform_float_3_3
Parameters: 1 0.000599129 0.000832629 -0.000599872 1 0.0010475 -0.000831373 -0.0010475 0.999999 0.112605 0.0678365 -0.0151424
FixedParameters: 0 0 0

#Transform 172
Transform: AffineTransform_float_3_3
Parameters: 0.999999 0.000567599 0.00128162 -0.000568401 0.999999 0.00109227 -0.00128138 -0.00109373 0.999998 0.119628 0.069535 -0.0157456
FixedParameters: 0 0 0

#Transform 173
Transform: AffineTransform_float_3_3
Parameters: 0.999999 0.000716897 0.00139257 -0.000718103 1 0.000792001 -0.00139143 -0.000792999 0.999998 0.142213 0.0578027 -0.0165881
FixedParameters: 0 0 0

#Transform 174
Transform: AffineTransform_float_3_3
Parameters: 1 0.000297697 0.00116034 -0.000299305 1 0.00112365 -0.00116066 -0.00112335 0.999998 0.121325 0.071006 0.0150251
FixedParameters: 0 0 0

#Transform 175
Transform: AffineTransform_float_3_3
Parameters: 0.999999 0.000214652 0.00124723 -0.000215348 1 0.00108073 -0.00124677 -0.00108127 0.999998 0.158895 0.0627789 -0.0163179
FixedParameters: 0 0 0

#Transform 176
Transform: AffineTransform_float_3_3
Parameters: 1 0.000297761 0.00116032 -0.00029924 1 0.00106765 -0.00116068 -0.00106835 0.999999 0.130907 0.0687954 -0.00333622
FixedParameters: 0 0 0

#Transform 177
Transform: AffineTransform_float_3_3
Parameters: 1 0.000110204 0.000479184 -0.000110796 0.999998 0.00166195 -0.000478816 -0.00166205 0.999998 0.141283 0.0919652 -0.0106591
FixedParameters: 0 0 0

#Transform 178
Transform: AffineTransform_float_3_3
Parameters: 1 0.000299132 -0.00010663 -0.000298869 0.999999 0.00123603 0.000106369 -0.00123597 0.999999 0.206642 0.0751772 -0.136082
FixedParameters: 0 0 0

#Transform 179
Transform: AffineTransform_float_3_3
Parameters: 0.999999 0.000782719 -0.000465793 -0.00078128 0.999998 0.00154236 0.000467206 -0.00154263 0.999998 0.147625 0.0863925 -0.245826
FixedParameters: 0 0 0

#Transform 180
Transform: AffineTransform_float_3_3
Parameters: 0.999999 0.00117691 -0.000949636 -0.00117509 0.999998 0.00201012 0.000952363 -0.00200888 0.999997 0.0873208 0.087879 -0.331855
FixedParameters: 0 0 0

#Transform 181
Transform: AffineTransform_float_3_3
Parameters: 0.999999 0.0013214 -0.000671243 -0.0013196 0.999997 0.00208789 0.000673756 -0.00208711 0.999997 -0.0876598 0.0887412 -0.265368
FixedParameters: 0 0 0

#Transform 182
Transform: AffineTransform_float_3_3
Parameters: 0.999998 0.00157344 -0.000188381 -0.00157356 0.999996 0.0023003 0.000192621 -0.0023007 0.999998 -0.182347 0.108816 -0.209175
FixedParameters: 0 0 0

#Transform 183
Transform: AffineTransform_float_3_3
Parameters: 0.999998 0.00176053 0.000184558 -0.00176047 0.999995 0.00258868 -0.000180444 -0.00258832 0.999996 -0.111529 0.117766 -0.171861
FixedParameters: 0 0 0

#Transform 184
Transform: AffineTransform_float_3_3
Parameters: 0.999998 0.00190331 0.000284635 -0.00190369 0.999995 0.00243446 -0.000280367 -0.00243454 0.999997 -0.014794 0.0969554 -0.167389
FixedParameters: 0 0 0

#Transform 185
Transform: AffineTransform_float_3_3
Parameters: 0.999998 0.00198866 0.000467712 -0.00199034 0.999994 0.00287107 -0.000462287 -0.00287192 0.999996 0.0574354 0.113602 -0.152235
FixedParameters: 0 0 0

#Transform 186
Transform: AffineTransform_float_3_3
Parameters: 0.999998 0.00190262 0.000501269 -0.00190438 0.999995 0.00276805 -0.00049573 -0.00276895 0.999996 0.172299 0.0927196 -0.145224
FixedParameters: 0 0 0

#Transform 187
Transform: AffineTransform_float_3_3
Parameters: 0.999998 0.00224549 0.000573943 -0.00224751 0.999994 0.00264472 -0.000568056 -0.00264628 0.999997 0.218856 0.100273 -0.136482
FixedParameters: 0 0 0

#Transform 188
Transform: AffineTransform_float_3_3
Parameters: 0.999998 0.00190291 0.000488278 -0.00190409 0.999995 0.00224707 -0.000483722 -0.00224792 0.999998 0.174186 0.0882747 -0.131929
FixedParameters: 0 0 0

#Transform 189
Transform: AffineTransform_float_3_3
Parameters: 0.999998 0.00190225 0.000636251 -0.00190375 0.999995 0.0027588 -0.000630749 -0.00276021 0.999996 0.176311 0.113356 -0.134062
FixedParameters: 0 0 0

#Transform 190
Transform: AffineTransform_float_3_3
