# transform file /out/sourcedata/freesurfer/sub-v2s11x28722_ses-1/mri/transforms/cc_up.lta
# created by oesteban on Tue Mar 10 23:49:19 2026

type      = 0 # LINEAR_VOX_TO_VOX
nxforms   = 1
mean      = 162.0000 165.0000 150.0000
sigma     = 10000.0000
1 4 4
9.990401268005371e-01 2.064442634582520e-02 3.863451257348061e-02 -4.173627853393555e+01 
-2.062900736927986e-02 9.997868537902832e-01 -7.977574132382870e-04 -1.950668716430664e+01 
-3.864274546504021e-02 5.820766091346741e-11 9.992530345916748e-01 2.384812355041504e+00 
0.000000000000000e+00 0.000000000000000e+00 0.000000000000000e+00 1.000000000000000e+00 
src volume info
valid = 1  # volume info valid
filename = /out/sourcedata/freesurfer/sub-v2s11x28722_ses-1/mri/norm.mgz
volume = 320 320 320
voxelsize = 7.999999523162842e-01 7.999999523162842e-01 7.999999523162842e-01
xras   = -9.999999403953552e-01 0.000000000000000e+00 0.000000000000000e+00
yras   = 0.000000000000000e+00 0.000000000000000e+00 -9.999999403953552e-01
zras   = 0.000000000000000e+00 9.999999403953552e-01 0.000000000000000e+00
cras   = 3.316856384277344e+00 -1.694716644287109e+01 1.404739379882812e+01
dst volume info
valid = 1  # volume info valid
filename = /out/sourcedata/freesurfer/sub-v2s11x28722_ses-1/mri/norm.mgz
volume = 320 320 320
voxelsize = 7.999999523162842e-01 7.999999523162842e-01 7.999999523162842e-01
xras   = -9.999999403953552e-01 0.000000000000000e+00 0.000000000000000e+00
yras   = 0.000000000000000e+00 0.000000000000000e+00 -9.999999403953552e-01
zras   = 0.000000000000000e+00 9.999999403953552e-01 0.000000000000000e+00
cras   = 3.316856384277344e+00 -1.694716644287109e+01 1.404739379882812e+01
