#Insight Transform File V1.0
#Transform 0
Transform: AffineTransform_float_3_3
Parameters: 1 -7.1556e-08 0.000268 -7.1556e-08 1 0.000267 -0.000268 -0.000267 1 -0.0143272 -0.0103719 0.00152507
FixedParameters: 0 0 0

#Transform 1
Transform: AffineTransform_float_3_3
Parameters: 1 0.000415962 0.000161097 -0.000416038 1 0.000233933 -0.000160903 -0.000234067 1 -0.0110831 -0.00889195 -0.0241915
FixedParameters: 0 0 0

#Transform 2
Transform: AffineTransform_float_3_3
Parameters: 1 6.41149e-05 0.000423983 -6.38851e-05 1 -0.000271027 -0.000424017 0.000270973 1 -0.0167244 0.0590798 -0.0636247
FixedParameters: 0 0 0

#Transform 3
Transform: AffineTransform_float_3_3
Parameters: 0.999999 -0.000345522 0.000642257 0.000346477 0.999999 -0.000743777 -0.000641742 0.000744221 0.999999 0.00928574 0.0867061 -0.141944
FixedParameters: 0 0 0

#Transform 4
Transform: AffineTransform_float_3_3
Parameters: 1 -0.000313765 0.000344214 0.000314235 0.999999 -0.000682892 -0.000344785 0.000683108 0.999999 0.0207176 0.0515708 -0.150028
FixedParameters: 0 0 0

#Transform 5
Transform: AffineTransform_float_3_3
Parameters: 0.999999 -0.000438787 0.000642145 0.000439213 1 -0.000331718 -0.000641854 0.000331282 0.999999 0.040218 -0.00938731 -0.1067
FixedParameters: 0 0 0

#Transform 6
Transform: AffineTransform_float_3_3
Parameters: 1 -0.000471914 0.00050608 0.000472086 1 -0.000169761 -0.00050592 0.000170239 1 0.0152776 -0.0157386 -0.0774814
FixedParameters: 0 0 0

#Transform 7
Transform: AffineTransform_float_3_3
Parameters: 1 -0.000234029 -0.000113941 0.000233971 1 -0.000254027 0.000114059 0.000253973 1 0.0381614 0.0282891 -0.0649952
FixedParameters: 0 0 0

#Transform 8
Transform: AffineTransform_float_3_3
Parameters: 1 0.000196981 -0.000114033 -0.000197019 1 -0.000169978 0.000113967 0.000170022 1 0.0357711 0.0402157 -0.0709531
FixedParameters: 0 0 0

#Transform 9
Transform: AffineTransform_float_3_3
Parameters: 1 -0.000224913 0.000132147 0.000225087 1 -0.00065497 -0.000132853 0.00065503 1 0.0396639 0.121102 -0.137225
FixedParameters: 0 0 0

#Transform 10
Transform: AffineTransform_float_3_3
Parameters: 0.999999 -0.000315233 0.000638379 0.000315767 0.999999 -0.0012008 -0.000638621 0.0012012 0.999999 0.0139078 0.183508 -0.189584
FixedParameters: 0 0 0

#Transform 11
Transform: AffineTransform_float_3_3
Parameters: 1 -0.000316106 -0.000113705 0.000315893 0.999999 -0.000934035 0.000114295 0.000933963 0.999999 0.0431506 0.0963683 -0.127682
FixedParameters: 0 0 0

#Transform 12
Transform: AffineTransform_float_3_3
Parameters: 1 -0.000105891 9.11265e-05 0.000106109 1 -0.00119399 -9.08734e-05 0.00119401 1 0.0341294 0.0627379 -0.0709561
FixedParameters: 0 0 0

#Transform 13
Transform: AffineTransform_float_3_3
Parameters: 1 0.000148854 -0.00011419 -0.000149145 0.999999 -0.00127698 0.00011381 0.00127702 0.999999 0.0407478 0.0241101 -0.0646044
FixedParameters: 0 0 0

#Transform 14
Transform: AffineTransform_float_3_3
Parameters: 1 0.00022428 0.000205695 -0.00022372 0.999999 -0.00136005 -0.000206304 0.00135995 0.999999 -0.00516737 0.0133395 -0.0607541
FixedParameters: 0 0 0

#Transform 15
Transform: AffineTransform_float_3_3
Parameters: 1 0.000228684 0.000391601 -0.000227317 0.999999 -0.00174609 -0.000391398 0.00174591 0.999999 -0.0171788 0.0682528 -0.066816
FixedParameters: 0 0 0

#Transform 16
Transform: AffineTransform_float_3_3
Parameters: 1 0.000113188 0.000109807 -0.000113812 0.999998 -0.00171001 -0.000110195 0.00170999 0.999998 0.0196083 0.0837359 -0.066818
FixedParameters: 0 0 0

#Transform 17
Transform: AffineTransform_float_3_3
Parameters: 1 0.000146674 0.000486797 -0.000146325 0.999999 -0.00138507 -0.000487203 0.00138493 0.999999 0.0174446 0.153281 -0.116511
FixedParameters: 0 0 0

#Transform 18
Transform: AffineTransform_float_3_3
Parameters: 1 -0.000125601 0.000305164 0.000126399 0.999999 -0.00130696 -0.000304835 0.00130704 0.999999 0.0259234 0.14405 -0.142632
FixedParameters: 0 0 0

#Transform 19
Transform: AffineTransform_float_3_3
Parameters: 1 -0.000120378 0.000461163 0.000120622 0.999999 -0.00134994 -0.000460838 0.00135006 0.999999 0.00823337 0.062675 -0.0888001
FixedParameters: 0 0 0

#Transform 20
Transform: AffineTransform_float_3_3
Parameters: 1 0.000146207 0.000320906 -0.000145793 1 -0.000646047 -0.000321094 0.000645953 0.999999 -0.0140014 -0.0199443 -0.0853381
FixedParameters: 0 0 0

#Transform 21
Transform: AffineTransform_float_3_3
Parameters: 1 6.81602e-05 0.000377971 -6.78397e-05 1 -0.000424026 -0.000378029 0.000423974 1 -0.0158137 -0.0285646 -0.0746275
FixedParameters: 0 0 0

#Transform 22
Transform: AffineTransform_float_3_3
Parameters: 0.999999 0.000554007 0.000595992 -0.000553992 1 -1.33302e-05 -0.000596007 1.26698e-05 1 -0.0269513 -0.0443424 -0.0436337
FixedParameters: 0 0 0

#Transform 23
Transform: AffineTransform_float_3_3
Parameters: 0.999999 0.00055408 0.000469906 -0.00055392 1 -0.00017026 -0.000470094 0.00016974 1 -0.0220257 -0.0174549 -0.0370544
FixedParameters: 0 0 0

#Transform 24
Transform: AffineTransform_float_3_3
Parameters: 1 0.000554162 0.000950906 -0.000553838 1 -0.000170527 -0.000951094 0.000169473 0.999999 -0.0536589 0.0306489 -0.0443873
FixedParameters: 0 0 0

#Transform 25
Transform: AffineTransform_float_3_3
Parameters: 0.999999 0.000554316 0.000680742 -0.000553683 0.999999 -0.000465377 -0.000681257 0.000464622 0.999999 -0.0494749 0.0733304 -0.0936138
FixedParameters: 0 0 0

#Transform 26
Transform: AffineTransform_float_3_3
Parameters: 1 0.000246176 0.000633931 -0.000245824 1 -0.000278156 -0.000634068 0.000277844 1 -0.0455059 0.0895359 -0.111496
FixedParameters: 0 0 0

#Transform 27
Transform: AffineTransform_float_3_3
Parameters: 1 0.000293994 0.000634002 -0.000294006 1 8.8136e-06 -0.000633997 -9.18639e-06 1 -0.0626694 -0.0372621 -0.0654765
FixedParameters: 0 0 0

#Transform 28
Transform: AffineTransform_float_3_3
Parameters: 0.999999 0.000421862 0.000634091 -0.000422137 1 0.000216732 -0.000633908 -0.000217267 1 -0.0594907 -0.0675244 -0.0246868
FixedParameters: 0 0 0

#Transform 29
Transform: AffineTransform_float_3_3
Parameters: 1 0.000231775 0.000634082 -0.000232225 1 0.000354853 -0.000633917 -0.000355147 0.999999 -0.0623187 -0.0728733 -0.0208504
FixedParameters: 0 0 0

#Transform 30
Transform: AffineTransform_float_3_3
Parameters: 0.999999 0.000553646 0.000716273 -0.000553353 0.999999 0.000493604 -0.000715726 -0.000494396 0.999999 -0.0482547 -0.0543985 -0.0368176
FixedParameters: 0 0 0

#Transform 31
Transform: AffineTransform_float_3_3
Parameters: 0.999999 0.000484644 0.000634272 -0.000485356 0.999999 0.000561692 -0.000633727 -0.000561307 0.999999 -0.0549343 -0.0471247 -0.019812
FixedParameters: 0 0 0

#Transform 32
Transform: AffineTransform_float_3_3
Parameters: 1 0.000662937 0.000733057 -0.000663063 1 8.55139e-05 -0.000732943 -8.64859e-05 0.999999 -0.0504805 0.0511563 -0.0637139
FixedParameters: 0 0 0

#Transform 33
Transform: AffineTransform_float_3_3
Parameters: 1 0.000553955 0.00106702 -0.000554046 1 4.24089e-05 -0.00106698 -4.25911e-05 1 -0.0423803 0.0899708 -0.10694
FixedParameters: 0 0 0

#Transform 34
Transform: AffineTransform_float_3_3
Parameters: 0.999999 0.000458065 0.00060295 -0.000457934 1 -0.000109276 -0.00060305 0.000108724 1 -0.042842 0.0195311 -0.0693379
FixedParameters: 0 0 0

#Transform 35
Transform: AffineTransform_float_3_3
Parameters: 1 0.000335835 0.00105005 -0.000336166 1 0.000157647 -0.00104995 -0.000157353 1 -0.0593957 -0.0416134 -0.0251485
FixedParameters: 0 0 0

#Transform 36
Transform: AffineTransform_float_3_3
Parameters: 1 0.000553598 0.00101322 -0.000553403 1 0.00039744 -0.00101278 -0.000397561 1 -0.0592196 -0.0577147 -0.0238283
FixedParameters: 0 0 0

#Transform 37
Transform: AffineTransform_float_3_3
Parameters: 0.999999 0.000553769 0.000603211 -0.00055323 1 0.000381666 -0.000602788 -0.000382334 0.999999 -0.0433966 -0.0279258 -0.023989
FixedParameters: 0 0 0

#Transform 38
Transform: AffineTransform_float_3_3
Parameters: 0.999999 0.000826573 0.00109232 -0.000827427 0.999999 0.000390097 -0.00109268 -0.000390904 1 -0.0637486 -0.038614 -0.0238492
FixedParameters: 0 0 0

#Transform 39
Transform: AffineTransform_float_3_3
Parameters: 0.999999 0.000815438 0.00105943 -0.00081556 0.999999 0.000529136 -0.00105857 -0.000530864 1 -0.062385 -0.00827565 -0.0230016
FixedParameters: 0 0 0

#Transform 40
Transform: AffineTransform_float_3_3
Parameters: 0.999999 0.000456224 0.00118491 -0.000455776 1 -0.00018954 -0.00118509 0.00018846 1 -0.0654316 0.0662879 -0.0785912
FixedParameters: 0 0 0

#Transform 41
Transform: AffineTransform_float_3_3
Parameters: 1 0.000456214 0.0010159 -0.000455787 1 -0.000210463 -0.0010161 0.000210537 1 -0.0419841 0.082142 -0.108942
FixedParameters: 0 0 0

#Transform 42
Transform: AffineTransform_float_3_3
Parameters: 1 0.000455817 0.00104108 -0.000455183 1 0.000175526 -0.00104092 -0.000176475 1 -0.055546 -0.0685235 -0.0308412
FixedParameters: 0 0 0

#Transform 43
Transform: AffineTransform_float_3_3
Parameters: 0.999999 0.000224528 0.000724146 -0.000224472 1 0.000651837 -0.000723853 -0.000652162 0.999999 -0.0437421 -0.0656849 -0.0127062
FixedParameters: 0 0 0

#Transform 44
Transform: AffineTransform_float_3_3
Parameters: 0.999999 0.000468234 0.000724495 -0.000468765 1 0.00105666 -0.000723505 -0.00105734 0.999999 -0.0281088 -0.102796 0.00844723
FixedParameters: 0 0 0

#Transform 45
Transform: AffineTransform_float_3_3
Parameters: 1 0.000555025 0.000922587 -0.000555975 1 0.00105649 -0.000922413 -0.00105751 0.999999 -0.0389219 -0.0677083 0.00589276
FixedParameters: 0 0 0

#Transform 46
Transform: AffineTransform_float_3_3
Parameters: 1 0.000329857 0.00108135 -0.000331142 1 0.00105664 -0.00108065 -0.00105736 0.999999 -0.0389542 -0.0406784 0.0102332
FixedParameters: 0 0 0

#Transform 47
Transform: AffineTransform_float_3_3
Parameters: 1 0.000580114 0.000838614 -0.000580887 1 0.00105651 -0.000838387 -0.00105749 0.999999 -0.0525396 -0.0374907 0.0101301
FixedParameters: 0 0 0

#Transform 48
Transform: AffineTransform_float_3_3
Parameters: 0.999999 0.000148767 0.000724048 -0.000149233 1 0.000321892 -0.000723952 -0.000322108 0.999999 -0.0417012 0.0839818 -0.0490838
FixedParameters: 0 0 0

#Transform 49
Transform: AffineTransform_float_3_3
Parameters: 0.999999 -0.000161042 0.000973992 0.000160958 1 4.31568e-05 -0.000974006 -4.28431e-05 0.999999 -0.0540067 0.0712582 -0.0596738
FixedParameters: 0 0 0

#Transform 50
Transform: AffineTransform_float_3_3
Parameters: 1 -0.000161282 0.000635928 0.000161718 1 0.000444103 -0.000635072 -0.000443897 0.999999 -0.0407734 -0.0562463 0.00492037
FixedParameters: 0 0 0

#Transform 51
Transform: AffineTransform_float_3_3
Parameters: 0.999999 4.67459e-05 0.000724082 -4.82538e-05 0.999998 0.00173197 -0.000723917 -0.00173203 0.999998 -0.070791 -0.124846 0.0191345
FixedParameters: 0 0 0

#Transform 52
Transform: AffineTransform_float_3_3
Parameters: 0.999999 -8.44948e-05 0.000723827 8.35047e-05 0.999998 0.00206506 -0.000724174 -0.00206494 0.999997 -0.0811993 -0.0225389 -0.0329386
FixedParameters: 0 0 0

#Transform 53
Transform: AffineTransform_float_3_3
Parameters: 0.999999 -2.34727e-05 0.000723984 2.25272e-05 1 0.000653016 -0.000724014 -0.000652983 0.999999 -0.0582711 0.0785557 -0.0890769
FixedParameters: 0 0 0

#Transform 54
Transform: AffineTransform_float_3_3
Parameters: 1 -2.25905e-05 0.000393024 2.24095e-05 1 -0.00104199 -0.000392977 0.00104201 1 -0.0509569 0.144243 -0.12843
FixedParameters: 0 0 0

#Transform 55
Transform: AffineTransform_float_3_3
Parameters: 0.999999 0.000219284 0.000723914 -0.000218716 1 -0.000392158 -0.000724085 0.000391841 0.999999 -0.0640578 -0.183022 -0.0669233
FixedParameters: 0 0 0

#Transform 56
Transform: AffineTransform_float_3_3
Parameters: 0.999999 0.000600775 0.000724186 -0.000601224 1 0.000309565 -0.000723813 -0.000310435 0.999999 -0.0616249 -0.139163 -0.0444159
FixedParameters: 0 0 0

#Transform 57
Transform: AffineTransform_float_3_3
Parameters: 1 0.000347888 0.00110704 -0.000348113 1 0.000101615 -0.00110797 -0.000101386 1 -0.0654128 -0.0826037 -0.0240451
FixedParameters: 0 0 0

#Transform 58
Transform: AffineTransform_float_3_3
Parameters: 0.999999 0.000684914 0.00120205 -0.000685086 1 7.11766e-05 -0.00120195 -7.18233e-05 1 -0.0741213 0.0128218 -0.00321517
FixedParameters: 0 0 0

#Transform 59
Transform: AffineTransform_float_3_3
Parameters: 0.999999 0.000509165 0.00126993 -0.000508836 1 -0.000129646 -0.00127007 0.000129353 0.999999 -0.0660832 0.0878461 0.0310002
FixedParameters: 0 0 0

#Transform 60
Transform: AffineTransform_float_3_3
Parameters: 0.999999 0.000379594 0.00122613 -0.000379406 1 0.000330535 -0.00122587 -0.000331466 0.999999 -0.0798409 0.101934 0.0498574
FixedParameters: 0 0 0

#Transform 61
Transform: AffineTransform_float_3_3
Parameters: 1 0.000229337 0.00109035 -0.000230663 0.999999 0.00152575 -0.00108965 -0.00152525 0.999998 -0.0614611 -0.0681761 0.0160885
FixedParameters: 0 0 0

#Transform 62
Transform: AffineTransform_float_3_3
Parameters: 1 0.000533165 0.0010939 -0.000534835 0.999999 0.00167742 -0.0010931 -0.00167858 0.999998 -0.0484829 0.00435282 0.0634321
FixedParameters: 0 0 0

#Transform 63
Transform: AffineTransform_float_3_3
Parameters: 0.999999 0.000104577 0.00135619 -0.000106423 0.999999 0.00178686 -0.00135581 -0.00178715 0.999998 -0.0564369 -0.0338088 0.103995
FixedParameters: 0 0 0

#Transform 64
Transform: AffineTransform_float_3_3
Parameters: 0.999999 -1.71589e-05 0.00143196 1.38409e-05 0.999997 0.00220602 -0.00143203 -0.00220598 0.999996 -0.0527077 -0.145122 0.115481
FixedParameters: 0 0 0

#Transform 65
Transform: AffineTransform_float_3_3
Parameters: 0.999999 0.000106983 0.00134024 -0.000110016 0.999998 0.00225085 -0.00133976 -0.00225115 0.999996 -0.0376949 -0.200355 0.10666
FixedParameters: 0 0 0

#Transform 66
Transform: AffineTransform_float_3_3
Parameters: 0.999998 0.000142486 0.0016763 -0.000145512 0.999998 0.00209576 -0.0016757 -0.00209624 0.999997 -0.0465996 -0.218784 0.120062
FixedParameters: 0 0 0

#Transform 67
Transform: AffineTransform_float_3_3
Parameters: 0.999999 0.000126022 0.00179428 -0.000129979 0.999997 0.00221677 -0.00179472 -0.00221723 0.999996 -0.0529587 -0.223462 0.12952
FixedParameters: 0 0 0

#Transform 68
Transform: AffineTransform_float_3_3
Parameters: 0.999999 0.000261462 0.0015396 -0.000265536 0.999998 0.0022976 -0.00153839 -0.00229841 0.999996 -0.0426189 -0.159233 0.124689
FixedParameters: 0 0 0

#Transform 69
Transform: AffineTransform_float_3_3
Parameters: 0.999998 0.000196911 0.00167437 -0.000200088 0.999999 0.00184467 -0.00167363 -0.00184533 0.999997 -0.0625871 -0.0920178 0.0814007
FixedParameters: 0 0 0

#Transform 70
Transform: AffineTransform_float_3_3
Parameters: 0.999999 -0.000177629 0.00184284 0.000175371 0.999999 0.000884324 -0.00184216 -0.000883674 0.999998 -0.073739 0.06935 0.011775
FixedParameters: 0 0 0

#Transform 71
Transform: AffineTransform_float_3_3
Parameters: 0.999998 -1.041e-05 0.00159499 8.59e-06 0.999999 0.000884015 -0.00159501 -0.000883984 0.999999 -0.0590127 0.0568832 0.0137133
FixedParameters: 0 0 0

#Transform 72
Transform: AffineTransform_float_3_3
Parameters: 0.999999 -0.000178052 0.00176779 0.000175947 1 0.00116131 -0.00176821 -0.00116069 0.999998 -0.0488135 -0.0143473 0.0882983
FixedParameters: 0 0 0

#Transform 73
Transform: AffineTransform_float_3_3
Parameters: 0.999998 1.10786e-05 0.00165802 -1.39214e-05 0.999999 0.00176198 -0.00165798 -0.00176202 0.999997 -0.0461374 -0.065687 0.0796636
FixedParameters: 0 0 0

#Transform 74
Transform: AffineTransform_float_3_3
Parameters: 0.999999 0.000343306 0.0018197 -0.000346693 0.999998 0.00202937 -0.0018193 -0.00203063 0.999997 -0.0564641 -0.0658304 0.101023
FixedParameters: 0 0 0

#Transform 75
Transform: AffineTransform_float_3_3
Parameters: 0.999999 0.000343788 0.00179562 -0.000347214 0.999999 0.00178938 -0.00179538 -0.00178962 0.999997 -0.0533073 -0.0737275 0.0996014
FixedParameters: 0 0 0

#Transform 76
Transform: AffineTransform_float_3_3
Parameters: 0.999999 0.000343601 0.00149978 -0.000347397 0.999998 0.00226648 -0.00149822 -0.00226752 0.999997 -0.0347658 -0.102286 0.102284
FixedParameters: 0 0 0

#Transform 77
Transform: AffineTransform_float_3_3
Parameters: 0.999998 -0.000136391 0.00192776 0.000133608 0.999999 0.00175926 -0.00192824 -0.00175874 0.999996 -0.0225833 -0.089992 0.0995723
FixedParameters: 0 0 0

#Transform 78
Transform: AffineTransform_float_3_3
Parameters: 0.999998 -0.000600824 0.00185709 0.000598177 0.999998 0.00152011 -0.00185791 -0.00151989 0.999997 -0.00899606 -0.0362837 0.0376246
FixedParameters: 0 0 0

#Transform 79
Transform: AffineTransform_float_3_3
Parameters: 0.999997 -0.000600886 0.00227124 0.000598116 0.999999 0.00127036 -0.00227176 -0.00126964 0.999996 -0.0249901 0.00426651 -0.00615331
FixedParameters: 0 0 0

#Transform 80
Transform: AffineTransform_float_3_3
Parameters: 0.999997 -0.000601925 0.00246504 0.000598073 0.999998 0.00159348 -0.00246595 -0.00159152 0.999995 -0.0259715 -0.100614 0.0383036
FixedParameters: 0 0 0

#Transform 81
Transform: AffineTransform_float_3_3
Parameters: 0.999996 -0.000236817 0.00261875 0.000234185 1 0.00107562 -0.00261825 -0.00107538 0.999996 -0.0622903 -0.0614384 0.0826118
FixedParameters: 0 0 0

#Transform 82
Transform: AffineTransform_float_3_3
Parameters: 0.999997 0.000402476 0.00250957 -0.000405523 0.999999 0.00140399 -0.00250843 -0.00140501 0.999996 -0.115298 -0.0748609 0.0843882
FixedParameters: 0 0 0

#Transform 83
Transform: AffineTransform_float_3_3
Parameters: 0.999996 0.00034931 0.00254723 -0.000350687 0.999999 0.000662108 -0.00254677 -0.000663891 0.999996 -0.0872357 -0.00695952 0.0803827
FixedParameters: 0 0 0

#Transform 84
Transform: AffineTransform_float_3_3
Parameters: 0.999996 0.000349011 0.00300223 -0.000350989 0.999999 0.000661949 -0.00300177 -0.000663051 0.999996 -0.0882647 0.0130896 0.101106
FixedParameters: 0 0 0

#Transform 85
Transform: AffineTransform_float_3_3
Parameters: 0.999997 0.000129242 0.00265109 -0.000130757 1 0.000662656 -0.00265092 -0.000663345 0.999997 -0.064841 0.0130054 0.0871596
FixedParameters: 0 0 0

#Transform 86
Transform: AffineTransform_float_3_3
Parameters: 0.999997 0.000273125 0.0026593 -0.000276876 1 0.00108127 -0.0026587 -0.00108173 0.999996 -0.0541011 -0.00324149 0.11838
FixedParameters: 0 0 0

#Transform 87
Transform: AffineTransform_float_3_3
Parameters: 0.999996 0.000336867 0.00258028 -0.00033913 0.999999 0.000825128 -0.00257972 -0.000826872 0.999997 -0.0576482 -0.0212205 0.117122
FixedParameters: 0 0 0

#Transform 88
Transform: AffineTransform_float_3_3
Parameters: 0.999997 0.000274333 0.00251318 -0.000276665 0.999999 0.000662306 -0.00251282 -0.000663691 0.999996 -0.092223 0.0481803 0.0364201
FixedParameters: 0 0 0

#Transform 89
Transform: AffineTransform_float_3_3
Parameters: 0.999997 0.000274347 0.00249118 -0.000276651 0.999999 0.000662313 -0.00249082 -0.000663685 0.999996 -0.0881897 0.0610565 0.00373228
FixedParameters: 0 0 0

#Transform 90
Transform: AffineTransform_float_3_3
Parameters: 0.999998 0.000273951 0.0018543 -0.00027605 1 0.00110549 -0.0018537 -0.00110551 0.999997 -0.0664985 -0.0972335 0.119612
FixedParameters: 0 0 0

#Transform 91
Transform: AffineTransform_float_3_3
Parameters: 0.999998 0.00033718 0.00230356 -0.000340821 0.999998 0.00165822 -0.00230344 -0.00165878 0.999996 -0.0843726 -0.138816 0.122819
FixedParameters: 0 0 0

#Transform 92
Transform: AffineTransform_float_3_3
Parameters: 0.999998 0.000719283 0.0021659 -0.000721716 0.999999 0.00125344 -0.0021651 -0.00125556 0.999997 -0.0854889 -0.106061 0.120687
FixedParameters: 0 0 0

#Transform 93
Transform: AffineTransform_float_3_3
Parameters: 0.999998 0.000559813 0.00185466 -0.000562187 0.999999 0.00117896 -0.00185334 -0.00118004 0.999997 -0.0680759 -0.0824361 0.137145
FixedParameters: 0 0 0

#Transform 94
Transform: AffineTransform_float_3_3
Parameters: 0.999998 0.000955442 0.00185532 -0.000957557 0.999998 0.00137823 -0.00185368 -0.00137977 0.999998 -0.0702538 -0.053189 0.121052
FixedParameters: 0 0 0

#Transform 95
Transform: AffineTransform_float_3_3
Parameters: 0.999998 0.000707196 0.00192266 -0.000708804 1 0.000937639 -0.00192233 -0.000939361 0.999997 -0.0441645 0.00259025 0.136826
FixedParameters: 0 0 0

#Transform 96
Transform: AffineTransform_float_3_3
Parameters: 0.999998 0.000478256 0.00228516 -0.000478744 1 0.000324907 -0.00228485 -0.000326094 0.999998 -0.0500628 0.0771324 0.103165
FixedParameters: 0 0 0

#Transform 97
Transform: AffineTransform_float_3_3
Parameters: 0.999999 0.00012306 0.00185406 -0.00012394 1 0.000506771 -0.00185394 -0.000507229 0.999998 -0.0315834 0.0878868 0.0345949
FixedParameters: 0 0 0

#Transform 98
Transform: AffineTransform_float_3_3
Parameters: 0.999999 -3.44646e-05 0.00185397 3.35353e-05 0.999999 0.000790063 -0.00185403 -0.000789937 0.999998 -0.030729 0.0391261 0.0522754
FixedParameters: 0 0 0

#Transform 99
Transform: AffineTransform_float_3_3
Parameters: 0.999998 0.000437591 0.00185457 -0.000440409 0.999999 0.00129919 -0.00185343 -0.00129981 0.999998 -0.0456488 -0.0742969 0.126727
FixedParameters: 0 0 0

#Transform 100
Transform: AffineTransform_float_3_3
Parameters: 0.999998 0.000845031 0.0018549 -0.00084697 0.999999 0.00106143 -0.0018541 -0.00106257 0.999997 -0.0619372 -0.088836 0.129618
FixedParameters: 0 0 0

#Transform 101
Transform: AffineTransform_float_3_3
Parameters: 0.999998 0.000844779 0.00185501 -0.000847222 0.999999 0.00119743 -0.00185399 -0.00119857 0.999997 -0.0636918 -0.110707 0.135473
FixedParameters: 0 0 0

#Transform 102
Transform: AffineTransform_float_3_3
Parameters: 0.999997 0.000844572 0.00200403 -0.000847428 0.999999 0.0012113 -0.00200297 -0.00121269 0.999998 -0.0641498 -0.0762892 0.147006
FixedParameters: 0 0 0

#Transform 103
Transform: AffineTransform_float_3_3
Parameters: 0.999996 0.00127265 0.00228931 -0.00127535 0.999998 0.00102408 -0.00228769 -0.00102691 0.999997 -0.0750546 -0.0556724 0.164145
FixedParameters: 0 0 0

#Transform 104
Transform: AffineTransform_float_3_3
Parameters: 0.999997 0.000953829 0.00220151 -0.000955172 1 0.000530899 -0.00220149 -0.000533102 0.999998 -0.0776192 0.0484548 0.093892
FixedParameters: 0 0 0

#Transform 105
Transform: AffineTransform_float_3_3
Parameters: 0.999997 0.000919429 0.00220524 -0.000919571 0.999999 0.000257973 -0.00220476 -0.000260028 0.999998 -0.086351 0.0669225 0.0642412
FixedParameters: 0 0 0

#Transform 106
Transform: AffineTransform_float_3_3
Parameters: 0.999998 0.00095813 0.00178747 -0.000958869 1 0.000485287 -0.00178753 -0.000487714 0.999999 -0.0703496 -0.0453057 0.125357
FixedParameters: 0 0 0

#Transform 107
Transform: AffineTransform_float_3_3
Parameters: 0.999997 0.00109558 0.00185484 -0.00109742 0.999999 0.000762966 -0.00185416 -0.000765033 0.999998 -0.0736297 -0.0539336 0.153198
FixedParameters: 0 0 0

#Transform 108
Transform: AffineTransform_float_3_3
Parameters: 0.999998 0.000928524 0.00185474 -0.000929477 1 0.000795278 -0.00185426 -0.000796724 0.999998 -0.0545245 -0.0753531 0.150823
FixedParameters: 0 0 0

#Transform 109
Transform: AffineTransform_float_3_3
Parameters: 0.999997 0.00106428 0.00185499 -0.00106572 0.999999 0.000926025 -0.00185401 -0.000927975 0.999998 -0.0510675 -0.0376496 0.151587
FixedParameters: 0 0 0

#Transform 110
Transform: AffineTransform_float_3_3
Parameters: 0.999997 0.000847721 0.00231184 -0.000850279 0.999999 0.000985037 -0.00231116 -0.000986962 0.999997 -0.0675944 -0.048345 0.152047
FixedParameters: 0 0 0

#Transform 111
Transform: AffineTransform_float_3_3
Parameters: 0.999996 0.00117508 0.00234146 -0.00117591 0.999999 0.000389248 -0.00234054 -0.000392752 0.999997 -0.0705809 0.0114487 0.129338
FixedParameters: 0 0 0

#Transform 112
Transform: AffineTransform_float_3_3
Parameters: 0.999998 0.000655334 0.00200689 -0.000654665 1 -0.000167314 -0.00200711 0.000165685 0.999998 -0.0732192 0.0884917 0.07405
FixedParameters: 0 0 0

#Transform 113
Transform: AffineTransform_float_3_3
Parameters: 0.999998 0.000580551 0.00198684 -0.000579449 1 -0.000278152 -0.00198616 0.000276847 0.999998 -0.0710138 0.08604 0.0456446
FixedParameters: 0 0 0

#Transform 114
Transform: AffineTransform_float_3_3
Parameters: 0.999997 0.00099276 0.00219211 -0.000993241 0.999999 0.000108823 -0.00219189 -0.000110176 0.999997 -0.0889118 -0.0495457 0.0831146
FixedParameters: 0 0 0

#Transform 115
Transform: AffineTransform_float_3_3
Parameters: 0.999997 0.000992415 0.0019373 -0.000993585 1 0.000301076 -0.0019377 -0.000302924 0.999998 -0.0775717 -0.0530968 0.0773846
FixedParameters: 0 0 0

#Transform 116
Transform: AffineTransform_float_3_3
Parameters: 0.999997 0.0016009 0.00185495 -0.0016021 0.999998 0.00059203 -0.00185405 -0.00059497 0.999998 -0.0808422 -0.0234386 0.0950673
FixedParameters: 0 0 0

#Transform 117
Transform: AffineTransform_float_3_3
Parameters: 0.999998 0.00117376 0.00190477 -0.00117525 0.999999 0.000652763 -0.00190423 -0.000654237 0.999998 -0.0780617 -0.0236243 0.0808423
FixedParameters: 0 0 0

#Transform 118
Transform: AffineTransform_float_3_3
Parameters: 0.999998 0.00140979 0.00185492 -0.00141121 0.999999 0.000652384 -0.00185408 -0.000654616 0.999998 -0.0706765 0.0220805 0.0827105
FixedParameters: 0 0 0

#Transform 119
Transform: AffineTransform_float_3_3
Parameters: 0.999998 0.000923135 0.00214237 -0.000923866 1 0.000403022 -0.00214263 -0.000404979 0.999997 -0.0709846 0.0534841 0.0877593
FixedParameters: 0 0 0

#Transform 120
Transform: AffineTransform_float_3_3
Parameters: 0.999997 0.00109685 0.00191166 -0.00109715 0.999999 0.000600904 -0.00191134 -0.000603098 0.999998 -0.0619744 0.0306913 0.10095
FixedParameters: 0 0 0

#Transform 121
Transform: AffineTransform_float_3_3
Parameters: 0.999997 0.00107592 0.00185463 -0.00107708 1 0.000583004 -0.00185337 -0.000584996 0.999998 -0.0593421 0.0492705 0.100838
FixedParameters: 0 0 0

#Transform 122
Transform: AffineTransform_float_3_3
Parameters: 0.999998 0.00099181 0.0018541 -0.000991189 0.999999 0.000101162 -0.0018539 -0.000102839 0.999999 -0.0712914 0.0982668 0.063368
FixedParameters: 0 0 0

#Transform 123
Transform: AffineTransform_float_3_3
Parameters: 0.999997 0.00104718 0.00217191 -0.00104682 1 -8.42739e-05 -0.00217209 8.17257e-05 0.999997 -0.0812354 0.105349 0.0405899
FixedParameters: 0 0 0

#Transform 124
Transform: AffineTransform_float_3_3
Parameters: 0.999997 0.00104523 0.001855 -0.00104677 0.999999 0.00095506 -0.001854 -0.00095694 0.999998 -0.0735394 -0.0279886 0.0565318
FixedParameters: 0 0 0

#Transform 125
Transform: AffineTransform_float_3_3
Parameters: 0.999997 0.00104557 0.00185481 -0.00104643 0.999999 0.000769061 -0.00185419 -0.000770941 0.999998 -0.0646106 -0.0596218 0.10235
FixedParameters: 0 0 0

#Transform 126
Transform: AffineTransform_float_3_3
Parameters: 0.999997 0.00104461 0.00185535 -0.00104739 0.999998 0.00128606 -0.00185365 -0.00128794 0.999998 -0.0593382 -0.0767997 0.112264
FixedParameters: 0 0 0

#Transform 127
Transform: AffineTransform_float_3_3
Parameters: 0.999997 0.00104519 0.00185502 -0.00104681 0.999999 0.00097506 -0.00185398 -0.00097694 0.999998 -0.0661359 -0.0391519 0.110556
FixedParameters: 0 0 0

#Transform 128
Transform: AffineTransform_float_3_3
Parameters: 0.999997 0.00104523 0.001855 -0.00104677 0.999999 0.00095406 -0.001854 -0.00095594 0.999998 -0.0663128 -0.00475875 0.127871
FixedParameters: 0 0 0

#Transform 129
Transform: AffineTransform_float_3_3
Parameters: 0.999997 0.001488 0.0018556 -0.00149 0.999999 0.00107524 -0.0018534 -0.00107776 0.999997 -0.0768954 0.0235988 0.12854
FixedParameters: 0 0 0

#Transform 130
Transform: AffineTransform_float_3_3
Parameters: 0.999997 0.00112088 0.00185468 -0.00112212 0.999999 0.00060392 -0.00185332 -0.000606079 0.999998 -0.0713095 0.0789623 0.104563
FixedParameters: 0 0 0

#Transform 131
Transform: AffineTransform_float_3_3
Parameters: 0.999998 0.00104585 0.00181866 -0.00104715 1 0.000633097 -0.00181834 -0.000634903 0.999998 -0.0951479 0.117582 0.0413731
FixedParameters: 0 0 0

#Transform 132
Transform: AffineTransform_float_3_3
Parameters: 0.999999 0.000862757 0.00155014 -0.000863244 0.999999 0.000156662 -0.00154987 -0.000157337 0.999999 -0.0891887 0.0887026 0.0640575
FixedParameters: 0 0 0

#Transform 133
Transform: AffineTransform_float_3_3
Parameters: 0.999998 0.00104604 0.00207649 -0.00104697 1 0.000463827 -0.00207551 -0.000466172 0.999997 -0.0998528 -0.0709571 0.0994182
FixedParameters: 0 0 0

#Transform 134
Transform: AffineTransform_float_3_3
Parameters: 0.999997 0.00104596 0.00186958 -0.00104704 1 0.000553044 -0.00186842 -0.000554956 0.999998 -0.0843714 -0.0408424 0.0997364
FixedParameters: 0 0 0

#Transform 135
Transform: AffineTransform_float_3_3
Parameters: 0.999998 0.00104546 0.00166497 -0.00104654 0.999999 0.00092526 -0.00166403 -0.000926742 0.999998 -0.0711693 -0.055847 0.1296
FixedParameters: 0 0 0

#Transform 136
Transform: AffineTransform_float_3_3
Parameters: 0.999998 0.00104495 0.00161833 -0.00104705 0.999998 0.00126831 -0.00161667 -0.00126969 0.999998 -0.0643644 -0.0747862 0.131485
FixedParameters: 0 0 0

#Transform 137
Transform: AffineTransform_float_3_3
Parameters: 0.999997 0.00144501 0.00164475 -0.00144699 0.999998 0.00121162 -0.00164325 -0.00121338 0.999998 -0.069474 0.000955257 0.138011
FixedParameters: 0 0 0

#Transform 138
Transform: AffineTransform_float_3_3
Parameters: 0.999996 0.00146439 0.00208983 -0.00146661 0.999998 0.00124994 -0.00208817 -0.00125306 0.999997 -0.100152 -0.0252677 0.14758
FixedParameters: 0 0 0

#Transform 139
Transform: AffineTransform_float_3_3
Parameters: 0.999998 0.00127914 0.00143577 -0.00127986 0.999999 0.000599163 -0.00143423 -0.000600836 0.999999 -0.0831107 0.104714 0.0958157
FixedParameters: 0 0 0

#Transform 140
Transform: AffineTransform_float_3_3
Parameters: 0.999999 0.00106236 0.00143547 -0.00106264 1 0.000442475 -0.00143453 -0.000444525 0.999999 -0.0820069 0.0935545 0.0701565
FixedParameters: 0 0 0

#Transform 141
Transform: AffineTransform_float_3_3
Parameters: 0.999997 0.00143231 0.00164847 -0.00143369 0.999999 0.00102364 -0.00164653 -0.00102536 0.999998 -0.0923432 -0.020729 0.118447
FixedParameters: 0 0 0

#Transform 142
Transform: AffineTransform_float_3_3
Parameters: 0.999998 0.00106131 0.00165009 -0.00106269 0.999999 0.00102425 -0.00164891 -0.00102575 0.999998 -0.0904775 -0.0566772 0.137523
FixedParameters: 0 0 0

#Transform 143
Transform: AffineTransform_float_3_3
Parameters: 0.999998 0.00139114 0.00153769 -0.00139286 0.999999 0.00121086 -0.00153631 -0.00121314 0.999998 -0.0879632 -0.0803614 0.118723
FixedParameters: 0 0 0

#Transform 144
Transform: AffineTransform_float_3_3
Parameters: 0.999998 0.00156208 0.00138716 -0.00156392 0.999998 0.00138283 -0.00138484 -0.00138517 0.999998 -0.0828826 -0.0670986 0.136108
FixedParameters: 0 0 0

#Transform 145
Transform: AffineTransform_float_3_3
Parameters: 0.999997 0.00156069 0.00188075 -0.00156431 0.999997 0.00176006 -0.00187725 -0.00176293 0.999996 -0.102056 -0.0851736 0.138317
FixedParameters: 0 0 0

#Transform 146
Transform: AffineTransform_float_3_3
Parameters: 0.999997 0.00156154 0.00192101 -0.00156446 0.999998 0.001282 -0.00191899 -0.001285 0.999998 -0.103509 -0.0301594 0.152785
FixedParameters: 0 0 0

#Transform 147
Transform: AffineTransform_float_3_3
Parameters: 0.999997 0.00156264 0.00188413 -0.00156436 0.999998 0.000721054 -0.00188287 -0.000724944 0.999998 -0.102032 0.0622224 0.100189
FixedParameters: 0 0 0

#Transform 148
Transform: AffineTransform_float_3_3
Parameters: 0.999997 0.0012664 0.00174843 -0.0012676 0.999999 0.000340785 -0.00174757 -0.000343214 0.999999 -0.0952812 0.0667433 0.0432641
FixedParameters: 0 0 0

#Transform 149
Transform: AffineTransform_float_3_3
Parameters: 0.999998 0.00097385 0.00142778 -0.00097515 0.999999 0.000805609 -0.00142621 -0.00080639 0.999998 -0.0813134 0.0052887 0.105716
FixedParameters: 0 0 0

#Transform 150
Transform: AffineTransform_float_3_3
Parameters: 0.999998 0.000973278 0.00142618 -0.00097472 0.999999 0.00120661 -0.00142482 -0.00120839 0.999999 -0.0749301 -0.0472918 0.149374
FixedParameters: 0 0 0

#Transform 151
Transform: AffineTransform_float_3_3
Parameters: 0.999998 0.00130505 0.00145875 -0.00130695 0.999999 0.0013381 -0.00145725 -0.0013399 0.999998 -0.0662013 -0.0523459 0.15001
FixedParameters: 0 0 0

#Transform 152
Transform: AffineTransform_float_3_3
Parameters: 0.999998 0.0014459 0.00180948 -0.0014491 0.999998 0.00171038 -0.00180652 -0.00171362 0.999997 -0.0809805 -0.0838264 0.152328
FixedParameters: 0 0 0

#Transform 153
Transform: AffineTransform_float_3_3
Parameters: 0.999998 0.00144641 0.00174315 -0.00144959 0.999998 0.00148248 -0.00174185 -0.00148552 0.999998 -0.0820411 -0.034138 0.15091
FixedParameters: 0 0 0

#Transform 154
Transform: AffineTransform_float_3_3
Parameters: 0.999998 0.00144671 0.00152018 -0.00144929 0.999998 0.0015058 -0.00151782 -0.0015082 0.999997 -0.0804226 -0.03496 0.168861
FixedParameters: 0 0 0

#Transform 155
Transform: AffineTransform_float_3_3
Parameters: 0.999998 0.00123732 0.00167398 -0.00123967 0.999998 0.00159793 -0.00167202 -0.00160007 0.999998 -0.0922435 -0.016348 0.151493
FixedParameters: 0 0 0

#Transform 156
Transform: AffineTransform_float_3_3
Parameters: 0.999998 0.0014482 0.00146479 -0.0014498 0.999999 0.000547877 -0.0014642 -0.000550121 0.999999 -0.0851625 0.0738423 0.0834035
FixedParameters: 0 0 0

#Transform 157
Transform: AffineTransform_float_3_3
Parameters: 0.999998 0.000973869 0.00165767 -0.000975131 1 0.000681385 -0.00165734 -0.000683616 0.999999 -0.0901875 0.0620083 0.0492235
FixedParameters: 0 0 0

#Transform 158
Transform: AffineTransform_float_3_3
Parameters: 0.999998 0.00132244 0.00137849 -0.00132456 0.999998 0.00112818 -0.00137751 -0.00113082 0.999999 -0.0734559 -0.0335677 0.140797
FixedParameters: 0 0 0

#Transform 159
Transform: AffineTransform_float_3_3
Parameters: 0.999997 0.00132116 0.00171919 -0.00132384 0.999998 0.00165273 -0.00171681 -0.00165527 0.999997 -0.0944912 -0.0988088 0.160205
FixedParameters: 0 0 0

#Transform 160
Transform: AffineTransform_float_3_3
Parameters: 0.999998 0.00132175 0.00138415 -0.00132425 0.999998 0.00162817 -0.00138284 -0.00162983 0.999997 -0.0654626 -0.0469668 0.155744
FixedParameters: 0 0 0

#Transform 161
Transform: AffineTransform_float_3_3
Parameters: 0.999998 0.00102815 0.00165777 -0.00103085 0.999998 0.00172129 -0.00165623 -0.00172271 0.999997 -0.0682519 -0.0610652 0.160467
FixedParameters: 0 0 0

#Transform 162
Transform: AffineTransform_float_3_3
Parameters: 0.999998 0.000850868 0.00173454 -0.000854133 0.999998 0.00180552 -0.00173346 -0.00180748 0.999997 -0.070846 -0.0263674 0.16089
FixedParameters: 0 0 0

#Transform 163
Transform: AffineTransform_float_3_3
Parameters: 0.999998 0.00114198 0.00172001 -0.00114502 0.999998 0.00175803 -0.00171799 -0.00175997 0.999997 -0.0719157 -0.0515605 0.163473
FixedParameters: 0 0 0

#Transform 164
Transform: AffineTransform_float_3_3
Parameters: 0.999998 0.000838987 0.00155617 -0.000843015 0.999997 0.00257969 -0.00155483 -0.00258131 0.999996 -0.0648891 -0.0959113 0.047656
FixedParameters: 0 0 0

#Transform 165
Transform: AffineTransform_float_3_3
Parameters: 0.999999 0.000531628 0.00168643 -0.000532371 0.999999 0.000812103 -0.00168657 -0.000813898 0.999998 -0.045281 0.134194 0.123671
FixedParameters: 0 0 0

#Transform 166
Transform: AffineTransform_float_3_3
Parameters: 0.999998 0.000748106 0.00174181 -0.000749894 0.999999 0.0010867 -0.00174119 -0.0010883 0.999998 -0.0484935 0.0581835 0.155092
FixedParameters: 0 0 0

#Transform 167
Transform: AffineTransform_float_3_3
Parameters: 0.999998 0.000974961 0.00187406 -0.000977036 0.999999 0.00108617 -0.00187294 -0.00108883 0.999997 -0.0549282 0.0124333 0.15995
FixedParameters: 0 0 0

#Transform 168
Transform: AffineTransform_float_3_3
Parameters: 0.999997 0.00111892 0.00183788 -0.00112208 0.999998 0.00167394 -0.00183612 -0.00167606 0.999997 -0.0654994 -0.0760446 0.158468
FixedParameters: 0 0 0

#Transform 169
Transform: AffineTransform_float_3_3
Parameters: 0.999997 0.00111891 0.00206168 -0.00112209 0.999998 0.00150069 -0.00205932 -0.00150231 0.999996 -0.0629582 -0.0555223 0.157555
FixedParameters: 0 0 0

#Transform 170
Transform: AffineTransform_float_3_3
Parameters: 0.999998 0.00136925 0.00176214 -0.00137175 0.999998 0.00155759 -0.00175986 -0.00156041 0.999997 -0.0526838 -0.0820343 0.128554
FixedParameters: 0 0 0

#Transform 171
Transform: AffineTransform_float_3_3
Parameters: 0.999997 0.0011212 0.00181549 -0.0011218 1 0.000437965 -0.00181551 -0.000440037 0.999999 -0.0535717 0.0618043 0.0144637
FixedParameters: 0 0 0

#Transform 172
Transform: AffineTransform_float_3_3
Parameters: 0.999998 0.00112122 0.00177349 -0.00112178 1 0.000439012 -0.00177251 -0.000440989 0.999999 -0.0519018 0.0783749 -0.0134366
FixedParameters: 0 0 0

#Transform 173
Transform: AffineTransform_float_3_3
Parameters: 0.999998 0.00112016 0.00174218 -0.00112184 0.999999 0.00105305 -0.00174082 -0.00105495 0.999998 -0.0714411 -0.0374949 0.0346331
FixedParameters: 0 0 0

#Transform 174
Transform: AffineTransform_float_3_3
Parameters: 0.999998 0.00118321 0.00169425 -0.00118578 0.999998 0.00105299 -0.00169275 -0.001055 0.999998 -0.0757605 -0.0374528 0.096609
FixedParameters: 0 0 0

#Transform 175
Transform: AffineTransform_float_3_3
Parameters: 0.999997 0.00148767 0.00163712 -0.00148933 0.999998 0.00142256 -0.00163488 -0.00142543 0.999997 -0.0732577 -0.00454014 0.124106
FixedParameters: 0 0 0

#Transform 176
Transform: AffineTransform_float_3_3
Parameters: 0.999997 0.00149394 0.00151204 -0.00149606 0.999998 0.00136074 -0.00150996 -0.00136226 0.999998 -0.0680053 0.00989187 0.123659
FixedParameters: 0 0 0

#Transform 177
Transform: AffineTransform_float_3_3
Parameters: 0.999997 0.00168914 0.00147114 -0.00169086 0.999998 0.00126552 -0.00146886 -0.00126848 0.999998 -0.0756385 0.0266008 0.123243
FixedParameters: 0 0 0

#Transform 178
Transform: AffineTransform_float_3_3
Parameters: 0.999997 0.00168838 0.0018414 -0.00169061 0.999997 0.00141889 -0.0018396 -0.00142211 0.999998 -0.0765643 0.00765207 0.124113
FixedParameters: 0 0 0

#Transform 179
Transform: AffineTransform_float_3_3
Parameters: 0.999997 0.00122515 0.00180757 -0.00122585 0.999999 0.000467785 -0.00180742 -0.000470216 0.999999 -0.0863062 0.0913722 0.0681786
FixedParameters: 0 0 0

#Transform 180
Transform: AffineTransform_float_3_3
Parameters: 0.999997 0.00122569 0.00175621 -0.00122531 0.999999 0.000173849 -0.00175579 -0.000176153 0.999999 -0.0842995 0.125406 0.0218894
FixedParameters: 0 0 0

#Transform 181
Transform: AffineTransform_float_3_3
Parameters: 0.999998 0.00147441 0.00170638 -0.00147559 0.999998 0.000931484 -0.00170462 -0.000934515 0.999998 -0.0836409 -0.00660345 0.0644025
FixedParameters: 0 0 0

#Transform 182
Transform: AffineTransform_float_3_3
Parameters: 0.999998 0.00122419 0.00169531 -0.00122581 0.999998 0.00106592 -0.00169369 -0.00106808 0.999998 -0.0820473 -0.069983 0.101134
FixedParameters: 0 0 0

#Transform 183
Transform: AffineTransform_float_3_3
Parameters: 0.999998 0.00122416 0.00166336 -0.00122584 0.999998 0.00110796 -0.00166164 -0.00111004 0.999998 -0.0807934 -0.0784205 0.107626
FixedParameters: 0 0 0

#Transform 184
Transform: AffineTransform_float_3_3
Parameters: 0.999998 0.00122392 0.00154865 -0.00122508 0.999999 0.00134211 -0.00154636 -0.0013439 0.999998 -0.0581409 -0.0424265 0.131922
FixedParameters: 0 0 0

#Transform 185
Transform: AffineTransform_float_3_3
Parameters: 0.999998 0.00122378 0.00165164 -0.00122522 0.999999 0.00134198 -0.00165036 -0.00134402 0.999997 -0.0573911 -0.0136894 0.131832
FixedParameters: 0 0 0

#Transform 186
Transform: AffineTransform_float_3_3
Parameters: 0.999997 0.0012238 0.00175454 -0.0012252 0.999998 0.00125385 -0.00175246 -0.00125615 0.999997 -0.0614677 0.0146749 0.1478
FixedParameters: 0 0 0

#Transform 187
Transform: AffineTransform_float_3_3
Parameters: 0.999998 0.001225 0.00172471 -0.001226 0.999999 0.000577887 -0.00172329 -0.000580113 0.999999 -0.0638486 0.0831419 0.112187
FixedParameters: 0 0 0

#Transform 188
Transform: AffineTransform_float_3_3
