#Insight Transform File V1.0
#Transform 0
Transform: AffineTransform_float_3_3
Parameters: 0.999996 0.00225745 0.00199462 -0.00228554 0.9999 0.0139185 -0.00196237 -0.0139235 0.999901 -0.0739833 -0.148815 0.138034
FixedParameters: 0 0 0

#Transform 1
Transform: AffineTransform_float_3_3
Parameters: 0.999995 0.00226035 0.00186036 -0.00228566 0.999908 0.0133548 -0.00183063 -0.0133592 0.999909 -0.0668411 -0.176471 0.131312
FixedParameters: 0 0 0

#Transform 2
Transform: AffineTransform_float_3_3
Parameters: 0.999996 0.00178714 0.00185331 -0.00181087 0.999915 0.0129517 -0.0018307 -0.0129553 0.999915 -0.071912 -0.131804 0.137061
FixedParameters: 0 0 0

#Transform 3
Transform: AffineTransform_float_3_3
Parameters: 0.999996 0.00213451 0.00185735 -0.0021585 0.999917 0.01274 -0.00183065 -0.012744 0.999917 -0.0597281 -0.152181 0.121379
FixedParameters: 0 0 0

#Transform 4
Transform: AffineTransform_float_3_3
Parameters: 0.999996 0.0018349 0.00185316 -0.0018581 0.999919 0.0125436 -0.00182983 -0.0125464 0.999919 -0.0646546 -0.108226 0.116669
FixedParameters: 0 0 0

#Transform 5
Transform: AffineTransform_float_3_3
Parameters: 0.999996 0.00183498 0.00207638 -0.00186003 0.999925 0.0121132 -0.00205462 -0.0121168 0.999925 -0.0666955 -0.0968059 0.0924764
FixedParameters: 0 0 0

#Transform 6
Transform: AffineTransform_float_3_3
Parameters: 0.999996 0.00203074 0.00166378 -0.00205026 0.99993 0.0116536 -0.00164021 -0.0116574 0.99993 -0.0557589 -0.0884233 0.0918222
FixedParameters: 0 0 0

#Transform 7
Transform: AffineTransform_float_3_3
Parameters: 0.999996 0.00201419 0.00158983 -0.00203182 0.999935 0.0112838 -0.00156717 -0.0112872 0.999935 -0.0532847 -0.142874 0.0853514
FixedParameters: 0 0 0

#Transform 8
Transform: AffineTransform_float_3_3
Parameters: 0.999996 0.0020143 0.00158968 -0.0020317 0.999935 0.0112098 -0.00156732 -0.0112132 0.999936 -0.058309 -0.152233 0.0762748
FixedParameters: 0 0 0

#Transform 9
Transform: AffineTransform_float_3_3
Parameters: 0.999997 0.00162939 0.00194941 -0.00164962 0.999943 0.0106188 -0.00193259 -0.0106212 0.999941 -0.0665484 -0.156404 0.06791
FixedParameters: 0 0 0

#Transform 10
Transform: AffineTransform_float_3_3
Parameters: 0.999997 0.00136049 0.0017053 -0.00137652 0.999952 0.00971868 -0.0016927 -0.00972133 0.999952 -0.0584999 -0.116025 0.0492549
FixedParameters: 0 0 0

#Transform 11
Transform: AffineTransform_float_3_3
Parameters: 0.999998 0.00121546 0.00153104 -0.00122754 0.999966 0.00821914 -0.00152096 -0.00822087 0.999965 -0.0502875 -0.105721 0.0329776
FixedParameters: 0 0 0

#Transform 12
Transform: AffineTransform_float_3_3
Parameters: 0.999999 0.000819919 0.0013396 -0.000829084 0.999976 0.0067929 -0.0013344 -0.0067931 0.999976 -0.0409057 -0.0650211 0.00854021
FixedParameters: 0 0 0

#Transform 13
Transform: AffineTransform_float_3_3
Parameters: 0.999999 0.0007586 0.00152521 -0.000766406 0.999985 0.00551484 -0.0015218 -0.00551616 0.999983 -0.040703 -0.0425124 0.00461151
FixedParameters: 0 0 0

#Transform 14
Transform: AffineTransform_float_3_3
Parameters: 0.999999 0.000579884 0.00137402 -0.000587116 0.999987 0.0051842 -0.00137097 -0.0051848 0.999985 -0.0233469 -0.0534627 -0.00466463
FixedParameters: 0 0 0

#Transform 15
Transform: AffineTransform_float_3_3
Parameters: 0.999998 0.000655095 0.00153197 -0.000661904 0.999989 0.00451099 -0.00152903 -0.004512 0.999988 -0.0260348 -0.075633 -0.00995085
FixedParameters: 0 0 0

#Transform 16
Transform: AffineTransform_float_3_3
Parameters: 0.999999 0.000165218 0.00147766 -0.00017178 0.999993 0.00391375 -0.00147634 -0.00391425 0.999991 -0.0299358 -0.0814014 -0.0144692
FixedParameters: 0 0 0

#Transform 17
Transform: AffineTransform_float_3_3
Parameters: 0.999999 -0.000122677 0.00143469 0.000119326 0.999996 0.00256217 -0.00143431 -0.00256283 0.999995 -0.0288252 -0.0448843 -0.0307809
FixedParameters: 0 0 0

#Transform 18
Transform: AffineTransform_float_3_3
Parameters: 1 -8.97008e-05 0.000366829 8.82989e-05 0.999998 0.00191003 -0.000367169 -0.00190997 0.999998 0.019025 -0.0615876 -0.0269916
FixedParameters: 0 0 0

#Transform 19
Transform: AffineTransform_float_3_3
Parameters: 1 1.87978e-05 0.000246015 -1.92022e-05 0.999999 0.000821995 -0.000245984 -0.000822004 0.999999 0.0137753 0.00480453 -0.0135878
FixedParameters: 0 0 0

#Transform 20
Transform: AffineTransform_float_3_3
Parameters: 1 -0.00015003 0.000142968 0.00014997 1 0.000210021 -0.000143031 -0.000209979 1 0.0193624 -0.0257231 -0.012231
FixedParameters: 0 0 0

#Transform 21
Transform: AffineTransform_float_3_3
Parameters: 1 2.41346e-05 0.000220985 -2.38654e-05 1 -0.000609005 -0.000221015 0.000608994 1 -0.0224732 0.0143779 -0.0102928
FixedParameters: 0 0 0

#Transform 22
Transform: AffineTransform_float_3_3
Parameters: 1 -0.000124851 0.000192097 0.000124149 0.999999 -0.000775976 -0.000191904 0.000776023 0.999999 -0.0231918 0.019546 -0.0265169
FixedParameters: 0 0 0

#Transform 23
Transform: AffineTransform_float_3_3
Parameters: 1 -0.000163623 0.000435142 0.000164377 0.999999 -0.000865928 -0.000434858 0.000866071 0.999999 -0.0345761 0.00355945 -0.0347247
FixedParameters: 0 0 0

#Transform 24
Transform: AffineTransform_float_3_3
Parameters: 1 -0.000128644 0.000435105 0.000128356 0.999999 -0.000818944 -0.000434895 0.000819055 0.999999 -0.0304218 -0.0154739 -0.0348293
FixedParameters: 0 0 0

#Transform 25
Transform: AffineTransform_float_3_3
Parameters: 1 -0.000159756 0.00043509 0.000160244 1 -0.00056093 -0.00043491 0.000561069 0.999999 -0.0204981 -0.0581268 -0.0353963
FixedParameters: 0 0 0

#Transform 26
Transform: AffineTransform_float_3_3
Parameters: 1 -0.000235791 0.000561088 0.000236209 1 -0.000371867 -0.000560912 0.000372132 1 -0.0229884 -0.0616698 -0.035684
FixedParameters: 0 0 0

#Transform 27
Transform: AffineTransform_float_3_3
Parameters: 1 -0.000235546 0.000635168 0.000236454 0.999999 -0.000715849 -0.000634831 0.000715149 0.999999 -0.0287449 -0.0555058 -0.0174595
FixedParameters: 0 0 0

#Transform 28
Transform: AffineTransform_float_3_3
Parameters: 1 -0.000235843 0.000172215 0.000236156 0.999999 -0.000910959 -0.000171785 0.00091104 0.999999 -0.033706 0.0256101 -0.000143864
FixedParameters: 0 0 0

#Transform 29
Transform: AffineTransform_float_3_3
Parameters: 1 -0.000235491 0.000411292 0.000236508 0.999999 -0.0012369 -0.000410708 0.0012371 0.999999 -0.0422153 0.0219836 0.00083576
FixedParameters: 0 0 0

#Transform 30
Transform: AffineTransform_float_3_3
Parameters: 1 -0.00023574 0.000148414 0.000236262 0.999999 -0.00175697 -0.000148585 0.00175704 0.999999 -0.0306605 0.050834 0.0248972
FixedParameters: 0 0 0

#Transform 31
Transform: AffineTransform_float_3_3
Parameters: 1 -0.000235762 0.00018131 0.000236239 0.999999 -0.00131296 -0.00018169 0.00131304 0.999999 -0.0287748 0.0244124 -0.0181823
FixedParameters: 0 0 0

#Transform 32
Transform: AffineTransform_float_3_3
Parameters: 1 -0.000143566 0.000310201 0.000143433 0.999999 -0.00139796 -0.0003098 0.00139804 0.999999 -0.0337076 0.0230758 -0.0127918
FixedParameters: 0 0 0

#Transform 33
Transform: AffineTransform_float_3_3
Parameters: 1 -9.47932e-05 0.000201098 9.52068e-05 1 -0.00102898 -0.000200902 0.00102902 1 -0.0162507 0.00464097 -0.0219191
FixedParameters: 0 0 0

#Transform 34
Transform: AffineTransform_float_3_3
Parameters: 1 -4.87607e-05 0.000371031 4.92393e-05 1 -0.000644981 -0.000370968 0.000645018 0.999999 -0.0252965 -0.0601305 0.000688991
FixedParameters: 0 0 0

#Transform 35
Transform: AffineTransform_float_3_3
Parameters: 1 -0.000235699 0.000540131 0.000236301 1 -0.000557872 -0.000539868 0.000558127 0.999999 -0.022692 -0.0913205 -0.00695267
FixedParameters: 0 0 0

#Transform 36
Transform: AffineTransform_float_3_3
Parameters: 1 -0.000235955 5.41973e-05 0.000236046 0.999999 -0.000835987 -5.48027e-05 0.000836012 0.999999 -0.0140228 -0.0733236 0.0173024
FixedParameters: 0 0 0

#Transform 37
Transform: AffineTransform_float_3_3
Parameters: 1 -0.00023602 -1.56965e-05 0.000235981 0.999999 -0.001286 1.53035e-05 0.001286 0.999999 -0.0193137 -0.0147035 0.0356553
FixedParameters: 0 0 0

#Transform 38
Transform: AffineTransform_float_3_3
Parameters: 1 -0.00023638 -0.000202557 0.000236619 0.999998 -0.00187405 0.000203444 0.00187395 0.999998 0.00814925 0.0208404 0.0728487
FixedParameters: 0 0 0

#Transform 39
Transform: AffineTransform_float_3_3
Parameters: 1 -0.000236853 -0.00044755 0.000236147 0.999998 -0.00190411 0.00044845 0.00190389 0.999998 0.0125378 0.0204893 0.0602019
FixedParameters: 0 0 0

#Transform 40
Transform: AffineTransform_float_3_3
Parameters: 1 -0.000415471 -0.000565923 0.000413528 0.999996 -0.00259823 0.000567076 0.00259777 0.999997 0.0142928 0.0404949 0.0752956
FixedParameters: 0 0 0

#Transform 41
Transform: AffineTransform_float_3_3
Parameters: 1 -0.000622472 -0.000269913 0.000621527 0.999999 -0.00174717 0.000271086 0.00174683 0.999999 0.00862622 0.0395935 -0.0061853
FixedParameters: 0 0 0

#Transform 42
Transform: AffineTransform_float_3_3
Parameters: 1 -0.000338998 1.54918e-06 0.000339001 0.999998 -0.00162 -4.50819e-07 0.00162 0.999998 -0.00847262 0.0303988 0.0239407
FixedParameters: 0 0 0

#Transform 43
Transform: AffineTransform_float_3_3
Parameters: 1 -0.000382975 2.04761e-05 0.000383025 0.999999 -0.00124299 -1.95239e-05 0.00124301 0.999999 0.00386001 0.0216919 -0.0101003
FixedParameters: 0 0 0

#Transform 44
Transform: AffineTransform_float_3_3
Parameters: 1 -0.000436181 -0.000158503 0.000435819 1 -0.00113907 0.000159497 0.00113893 1 0.0069925 -0.0634811 0.0290335
FixedParameters: 0 0 0

#Transform 45
Transform: AffineTransform_float_3_3
Parameters: 0.999999 -0.000849606 0.000409817 0.000849394 0.999999 -0.000961653 -0.000409183 0.000962349 1 -0.0129765 -0.0742259 -0.00944746
FixedParameters: 0 0 0

#Transform 46
Transform: AffineTransform_float_3_3
Parameters: 0.999999 -0.000849269 0.000473313 0.00084973 0.999999 -0.0015456 -0.000471686 0.0015464 0.999998 -0.0204856 -0.070427 0.0311173
FixedParameters: 0 0 0

#Transform 47
Transform: AffineTransform_float_3_3
Parameters: 1 -0.000701064 -3.98846e-05 0.000700935 0.999998 -0.00159103 4.11152e-05 0.00159097 0.999998 -0.00681435 0.00487661 0.0226458
FixedParameters: 0 0 0

#Transform 48
Transform: AffineTransform_float_3_3
Parameters: 1 -0.000420028 -1.52427e-05 0.000419972 0.999999 -0.00180301 1.57572e-05 0.00180299 0.999999 -0.0076593 0.0365696 0.0359841
FixedParameters: 0 0 0

#Transform 49
Transform: AffineTransform_float_3_3
Parameters: 1 -0.000670782 0.000135089 0.000671218 0.999999 -0.00162291 -0.000133911 0.00162309 0.999998 0.00113789 0.0542314 0.00160261
FixedParameters: 0 0 0

#Transform 50
Transform: AffineTransform_float_3_3
Parameters: 1 -0.000558435 0.00025723 0.000559565 0.999998 -0.00220186 -0.000255769 0.00220215 0.999998 -0.000807856 0.0635421 0.0231795
FixedParameters: 0 0 0

#Transform 51
Transform: AffineTransform_float_3_3
Parameters: 0.999999 -0.000850341 -0.00017838 0.000849659 0.999998 -0.00190515 0.000179619 0.00190485 0.999998 0.0372088 0.0432231 -0.0139768
FixedParameters: 0 0 0

#Transform 52
Transform: AffineTransform_float_3_3
Parameters: 1 -0.000683744 0.00010567 0.000684256 0.999997 -0.00244193 -0.000104329 0.00244207 0.999997 0.00917803 0.020285 0.0127157
FixedParameters: 0 0 0

#Transform 53
Transform: AffineTransform_float_3_3
Parameters: 0.999999 -0.000848901 0.00042719 0.000850098 0.999997 -0.00257864 -0.000424809 0.00257836 0.999996 -0.00189307 -0.0249557 0.0147783
FixedParameters: 0 0 0

#Transform 54
Transform: AffineTransform_float_3_3
Parameters: 0.999999 -0.000848606 0.000427775 0.000849394 0.999995 -0.00326764 -0.000425226 0.00326836 0.999994 -0.0112823 -0.0161746 0.0200453
FixedParameters: 0 0 0

#Transform 55
Transform: AffineTransform_float_3_3
Parameters: 0.999999 -0.000849905 3.07564e-05 0.000850096 0.999995 -0.00324298 -2.82433e-05 0.00324303 0.999994 -0.00432862 -0.017347 0.0096095
FixedParameters: 0 0 0

#Transform 56
Transform: AffineTransform_float_3_3
Parameters: 0.999999 -0.000849471 0.000186422 0.000849526 0.999995 -0.00285084 -0.000183579 0.00285116 0.999996 -0.012021 -0.00374882 -0.0425434
FixedParameters: 0 0 0

#Transform 57
Transform: AffineTransform_float_3_3
Parameters: 0.999999 -0.000848971 0.000276182 0.000850031 0.999992 -0.00374577 -0.000273818 0.00374523 0.999993 -0.0146068 0.0349428 0.0116448
FixedParameters: 0 0 0

#Transform 58
Transform: AffineTransform_float_3_3
Parameters: 0.999999 -0.000849179 0.000238935 0.00084982 0.999993 -0.0034548 -0.000236066 0.0034542 0.999994 -0.0150509 0.0411105 -0.0622154
FixedParameters: 0 0 0

#Transform 59
Transform: AffineTransform_float_3_3
Parameters: 0.999999 -0.000849564 0.000102676 0.000849433 0.999991 -0.00432591 -9.83262e-05 0.00432608 0.99999 -0.00575587 0.0435839 -0.00866832
FixedParameters: 0 0 0

#Transform 60
Transform: AffineTransform_float_3_3
Parameters: 1 -0.000599758 5.85297e-05 0.000600239 0.999991 -0.00421697 -5.54693e-05 0.00421703 0.999991 0.000542987 0.0508912 -0.0635051
FixedParameters: 0 0 0

#Transform 61
Transform: AffineTransform_float_3_3
Parameters: 0.999999 -0.00085039 -8.62361e-05 0.00084961 0.99999 -0.00442708 8.97621e-05 0.00442693 0.99999 0.000299172 -0.00523458 -0.0158377
FixedParameters: 0 0 0

#Transform 62
Transform: AffineTransform_float_3_3
Parameters: 0.999999 -0.000849963 1.05487e-05 0.000850034 0.999991 -0.00417499 -6.45116e-06 0.00417501 0.999992 -0.00675852 0.0151111 -0.0266827
FixedParameters: 0 0 0

#Transform 63
Transform: AffineTransform_float_3_3
Parameters: 0.999999 -0.00071814 -2.86696e-05 0.000717858 0.999989 -0.00463802 3.23298e-05 0.00463798 0.999989 0.00122821 0.0177409 0.0141629
FixedParameters: 0 0 0

#Transform 64
Transform: AffineTransform_float_3_3
Parameters: 1 -0.000511291 -0.000459463 0.000508706 0.999987 -0.00497324 0.000462536 0.00497276 0.999988 0.0144152 0.0661517 0.0312498
FixedParameters: 0 0 0

#Transform 65
Transform: AffineTransform_float_3_3
Parameters: 1 -0.000531899 -0.000373308 0.000530102 0.999987 -0.0050702 0.000375692 0.0050698 0.999987 0.0158827 0.0477097 0.0471826
FixedParameters: 0 0 0

#Transform 66
Transform: AffineTransform_float_3_3
Parameters: 0.999999 -0.000850154 -2.76161e-05 0.000849844 0.999987 -0.00515703 3.2383e-05 0.00515697 0.999986 -0.0144437 0.0512006 0.0127914
FixedParameters: 0 0 0

#Transform 67
Transform: AffineTransform_float_3_3
Parameters: 0.999999 -0.00085016 -2.74087e-05 0.000849842 0.999985 -0.00540103 3.15904e-05 0.00540098 0.999986 -0.0212247 0.0484556 0.0237046
FixedParameters: 0 0 0

#Transform 68
Transform: AffineTransform_float_3_3
Parameters: 0.999999 -0.000762055 0.000362121 0.000763944 0.999985 -0.00540073 -0.000357879 0.00540128 0.999986 -0.0252458 0.0491447 -0.00799546
FixedParameters: 0 0 0

#Transform 69
Transform: AffineTransform_float_3_3
Parameters: 0.999999 -0.00055546 0.000459091 0.00055854 0.999985 -0.00555174 -0.000455906 0.00555225 0.999984 -0.026261 0.00790003 0.000723264
FixedParameters: 0 0 0

#Transform 70
Transform: AffineTransform_float_3_3
Parameters: 0.999999 -0.000848355 0.000311516 0.000849646 0.999985 -0.00531773 -0.000307486 0.00531826 0.999986 -0.0219892 -0.00333236 -0.0045429
FixedParameters: 0 0 0

#Transform 71
Transform: AffineTransform_float_3_3
Parameters: 0.999999 -0.0007125 0.000459895 0.0007155 0.999985 -0.00545767 -0.000456101 0.00545833 0.999985 -0.0256715 -0.00384768 0.00779315
FixedParameters: 0 0 0

#Transform 72
Transform: AffineTransform_float_3_3
Parameters: 0.999999 -0.000849945 1.25151e-05 0.000850051 0.999985 -0.00531199 -7.48462e-06 0.00531201 0.999986 -0.00360003 0.02666 -0.00164498
FixedParameters: 0 0 0

#Transform 73
Transform: AffineTransform_float_3_3
Parameters: 0.999999 -0.000421454 -0.000755532 0.000417542 0.999982 -0.00588632 0.000758471 0.00588568 0.999983 0.039648 0.0675916 0.0629266
FixedParameters: 0 0 0

#Transform 74
Transform: AffineTransform_float_3_3
Parameters: 1 -0.00040483 -0.00114561 0.000398173 0.999982 -0.00595646 0.00114739 0.00595554 0.999981 0.0575146 0.0481922 0.050642
FixedParameters: 0 0 0

#Transform 75
Transform: AffineTransform_float_3_3
Parameters: 0.999999 -0.000231002 -0.00143273 0.000223003 0.999985 -0.00558233 0.00143327 0.00558268 0.999984 0.066726 0.0500268 -0.0225946
FixedParameters: 0 0 0

#Transform 76
Transform: AffineTransform_float_3_3
Parameters: 0.999999 -0.000394616 -0.00143639 0.000384387 0.999977 -0.00668855 0.0014386 0.00668843 0.999976 0.0578398 0.0802873 0.0193983
FixedParameters: 0 0 0

#Transform 77
Transform: AffineTransform_float_3_3
Parameters: 0.999999 -0.000305196 -0.00090827 0.000299805 0.999983 -0.00571527 0.000909728 0.00571572 0.999984 0.0471407 0.0375149 -0.0804149
FixedParameters: 0 0 0

#Transform 78
Transform: AffineTransform_float_3_3
Parameters: 1 -0.000446712 -0.00102109 0.00044029 0.999979 -0.00656346 0.00102391 0.00656355 0.999978 0.0398176 0.0136006 0.0103623
FixedParameters: 0 0 0

#Transform 79
Transform: AffineTransform_float_3_3
Parameters: 1 -0.000303348 -0.00102514 0.000297652 0.999981 -0.00618731 0.00102686 0.00618669 0.999981 0.0316071 -0.0078876 -0.00348914
FixedParameters: 0 0 0

#Transform 80
Transform: AffineTransform_float_3_3
Parameters: 0.999999 -0.000505385 -0.00081368 0.000499613 0.999978 -0.00660441 0.000817317 0.00660459 0.999978 0.0174514 -0.00214867 0.0326033
FixedParameters: 0 0 0

#Transform 81
Transform: AffineTransform_float_3_3
Parameters: 1 -0.000852788 -0.000420392 0.000849215 0.999978 -0.00658736 0.000425603 0.00658664 0.999978 0.0139581 0.013558 0.0208533
FixedParameters: 0 0 0

#Transform 82
Transform: AffineTransform_float_3_3
Parameters: 0.999999 -0.000527052 -0.000871366 0.000520942 0.999976 -0.00693245 0.000875631 0.00693154 0.999975 0.0319705 0.0346162 0.0608683
FixedParameters: 0 0 0

#Transform 83
Transform: AffineTransform_float_3_3
Parameters: 1 -0.000455035 -0.000859834 0.000448964 0.999976 -0.00700639 0.000863167 0.00700561 0.999975 0.0379573 0.0763161 0.0447526
FixedParameters: 0 0 0

#Transform 84
Transform: AffineTransform_float_3_3
Parameters: 0.999999 -0.000457649 -0.00113956 0.000449355 0.999971 -0.00757852 0.00114244 0.00757748 0.99997 0.0426848 0.0964159 0.0620733
FixedParameters: 0 0 0

#Transform 85
Transform: AffineTransform_float_3_3
Parameters: 1 -0.000533876 -0.000946154 0.000527125 0.999973 -0.0072525 0.000949849 0.0072525 0.999974 0.0493518 0.0541118 0.0554306
FixedParameters: 0 0 0

#Transform 86
Transform: AffineTransform_float_3_3
Parameters: 0.999999 -0.000544713 -0.00119306 0.000536288 0.999974 -0.00729065 0.00119694 0.00729035 0.999972 0.0398781 0.0251722 0.069165
FixedParameters: 0 0 0

#Transform 87
Transform: AffineTransform_float_3_3
Parameters: 1 -0.00051848 -0.000901304 0.000512523 0.999974 -0.00717447 0.000904701 0.00717453 0.999974 0.0402172 0.0125863 0.0740969
FixedParameters: 0 0 0

#Transform 88
Transform: AffineTransform_float_3_3
Parameters: 1 -0.000545134 -0.000838042 0.000538867 0.999973 -0.00730246 0.000841958 0.00730155 0.999973 0.0326166 0.00342792 0.0711165
FixedParameters: 0 0 0

#Transform 89
Transform: AffineTransform_float_3_3
Parameters: 0.999999 -0.000472029 -0.000838635 0.000465969 0.999974 -0.00717439 0.000842364 0.00717461 0.999974 0.0365529 0.0251272 0.0588749
FixedParameters: 0 0 0

#Transform 90
Transform: AffineTransform_float_3_3
Parameters: 0.999999 -0.00047816 -0.000838516 0.000472836 0.999973 -0.0073314 0.000842489 0.0073316 0.999973 0.0299269 0.0373188 0.0617849
FixedParameters: 0 0 0

#Transform 91
Transform: AffineTransform_float_3_3
Parameters: 0.999999 -0.0005438 -0.00070834 0.000539201 0.999977 -0.00676038 0.000711661 0.00675962 0.999977 0.0302598 0.0546727 0.0515966
FixedParameters: 0 0 0

#Transform 92
Transform: AffineTransform_float_3_3
Parameters: 0.999999 -0.000440549 -0.000839109 0.000434451 0.999978 -0.00660237 0.000841886 0.00660163 0.999978 0.0256293 0.0641577 0.077572
FixedParameters: 0 0 0

#Transform 93
Transform: AffineTransform_float_3_3
Parameters: 0.999999 -0.000482953 -0.000839168 0.000478047 0.999982 -0.0058934 0.000841831 0.0058926 0.999983 0.02683 -0.00874822 0.0689306
FixedParameters: 0 0 0

#Transform 94
Transform: AffineTransform_float_3_3
Parameters: 0.999999 -0.000560234 -0.000734791 0.000556764 0.999984 -0.00575041 0.000738213 0.00574959 0.999983 0.016849 0.022571 0.0964297
FixedParameters: 0 0 0

#Transform 95
Transform: AffineTransform_float_3_3
Parameters: 1 -0.000853704 -0.000731702 0.000849295 0.999987 -0.00504662 0.000736296 0.00504637 0.999987 0.022205 0.00989932 0.0691369
FixedParameters: 0 0 0

#Transform 96
Transform: AffineTransform_float_3_3
Parameters: 0.999999 -0.000472354 -0.000839565 0.000467643 0.999987 -0.0051794 0.000842433 0.00517861 0.999986 0.0153563 0.0286206 0.0347817
FixedParameters: 0 0 0

#Transform 97
Transform: AffineTransform_float_3_3
Parameters: 1 -0.000854838 -0.000837088 0.000849163 0.999983 -0.00576272 0.000841908 0.00576228 0.999983 0.0252587 0.063131 0.0552982
FixedParameters: 0 0 0

#Transform 98
Transform: AffineTransform_float_3_3
Parameters: 0.999999 -0.000479008 -0.000839726 0.000474991 0.999989 -0.0047664 0.000842274 0.0047666 0.999989 0.0288542 0.0494344 -0.0765425
FixedParameters: 0 0 0

#Transform 99
Transform: AffineTransform_float_3_3
Parameters: 0.999999 -0.000506474 -0.000838719 0.000501524 0.999978 -0.00651342 0.000842285 0.00651358 0.999979 0.0230188 0.0901771 0.0314142
FixedParameters: 0 0 0

#Transform 100
Transform: AffineTransform_float_3_3
Parameters: 1 -0.000674134 -0.000837896 0.000668867 0.999981 -0.00611156 0.000842104 0.00611144 0.999981 0.0267253 0.0417652 -0.0212196
FixedParameters: 0 0 0

#Transform 101
Transform: AffineTransform_float_3_3
Parameters: 1 -0.000587408 -0.000838236 0.000581587 0.999979 -0.00643749 0.000842761 0.00643651 0.999979 0.0257213 0.0427683 0.00422833
FixedParameters: 0 0 0

#Transform 102
Transform: AffineTransform_float_3_3
Parameters: 0.999999 -0.000858559 -0.00127829 0.000849438 0.999978 -0.0066801 0.0012847 0.00667991 0.999977 0.0409288 0.0294137 0.0279824
FixedParameters: 0 0 0

#Transform 103
Transform: AffineTransform_float_3_3
Parameters: 0.999999 -0.000348865 -0.000807341 0.000344137 0.999989 -0.00478228 0.000808655 0.00478172 0.999988 0.032563 0.0193248 -0.0914503
FixedParameters: 0 0 0

#Transform 104
Transform: AffineTransform_float_3_3
Parameters: 1 -0.000649394 -0.0010344 0.000642603 0.999975 -0.00713167 0.00103961 0.00713133 0.999974 0.0244664 0.0801682 0.0168773
FixedParameters: 0 0 0

#Transform 105
Transform: AffineTransform_float_3_3
Parameters: 0.999999 -0.00046138 -0.000791889 0.000455618 0.999977 -0.00678136 0.000795107 0.00678063 0.999976 0.0246878 0.0668395 -0.0511287
FixedParameters: 0 0 0

#Transform 106
Transform: AffineTransform_float_3_3
Parameters: 1 -0.000550152 -0.00100813 0.000542842 0.999975 -0.00708055 0.00101287 0.00708045 0.999975 0.025823 0.0981147 -0.0301766
FixedParameters: 0 0 0

#Transform 107
Transform: AffineTransform_float_3_3
Parameters: 0.999999 -0.000591754 -0.00118467 0.000582251 0.999972 -0.00737569 0.00118833 0.0073753 0.999972 0.0327485 0.050248 -0.00540941
FixedParameters: 0 0 0

#Transform 108
Transform: AffineTransform_float_3_3
Parameters: 1 -0.000801206 -0.000739399 0.000795798 0.999975 -0.00701359 0.0007446 0.00701341 0.999975 0.00980282 0.0233789 -0.0396388
FixedParameters: 0 0 0

#Transform 109
Transform: AffineTransform_float_3_3
Parameters: 0.999999 -0.000651015 -0.00106514 0.000642986 0.999971 -0.00750769 0.00106986 0.00750731 0.999971 0.0274857 0.0353587 0.0146088
FixedParameters: 0 0 0

#Transform 110
Transform: AffineTransform_float_3_3
Parameters: 1 -0.000650073 -0.000992403 0.00064293 0.999974 -0.00711064 0.000996597 0.00711036 0.999974 0.0353199 0.0236819 -0.00605516
FixedParameters: 0 0 0

#Transform 111
Transform: AffineTransform_float_3_3
Parameters: 0.999999 -0.000650998 -0.00106515 0.000643003 0.999971 -0.00749169 0.00106985 0.00749131 0.999972 0.0434162 0.0629234 0.0256704
FixedParameters: 0 0 0

#Transform 112
Transform: AffineTransform_float_3_3
Parameters: 0.999999 -0.000650987 -0.00106516 0.000643013 0.999972 -0.00748269 0.00106984 0.00748131 0.999972 0.0404875 0.0662261 0.00936777
FixedParameters: 0 0 0

#Transform 113
Transform: AffineTransform_float_3_3
Parameters: 0.999999 -0.00065345 -0.00131486 0.00064355 0.999969 -0.00793185 0.00132015 0.00793115 0.999967 0.0355715 0.0969078 0.0161107
FixedParameters: 0 0 0

#Transform 114
Transform: AffineTransform_float_3_3
Parameters: 0.999999 -0.000651288 -0.00106498 0.000642712 0.999969 -0.00776369 0.00107002 0.00776331 0.99997 0.0310413 0.0560445 0.0166562
FixedParameters: 0 0 0

#Transform 115
Transform: AffineTransform_float_3_3
Parameters: 0.999999 -0.000653437 -0.00131486 0.000643563 0.999969 -0.00792186 0.00132014 0.00792115 0.999968 0.0317152 0.0444157 0.0229779
FixedParameters: 0 0 0

#Transform 116
Transform: AffineTransform_float_3_3
Parameters: 0.999999 -0.000651288 -0.00106498 0.000642712 0.999969 -0.00776369 0.00107002 0.00776331 0.99997 0.0270065 0.0159523 0.0199257
FixedParameters: 0 0 0

#Transform 117
Transform: AffineTransform_float_3_3
Parameters: 0.999999 -0.000651194 -0.00106503 0.000642807 0.999971 -0.00767569 0.00106997 0.00767531 0.99997 0.0240472 0.00937199 0.0354155
FixedParameters: 0 0 0

#Transform 118
Transform: AffineTransform_float_3_3
Parameters: 0.999999 -0.000651175 -0.00106505 0.000642826 0.999971 -0.0076577 0.00106995 0.00765731 0.99997 0.0303971 0.0359598 0.0363578
FixedParameters: 0 0 0

#Transform 119
Transform: AffineTransform_float_3_3
Parameters: 1 -0.000434735 -0.000994656 0.000426263 0.99997 -0.00776343 0.00099834 0.00776357 0.99997 0.0257675 0.0435943 0.0320826
FixedParameters: 0 0 0

#Transform 120
Transform: AffineTransform_float_3_3
Parameters: 0.999999 -0.000651418 -0.00105083 0.000642581 0.999968 -0.00799068 0.00105617 0.00799031 0.999967 0.0285743 0.0781164 0.0392826
FixedParameters: 0 0 0

#Transform 121
Transform: AffineTransform_float_3_3
Parameters: 1 -0.000649454 -0.000861171 0.00064354 0.999972 -0.00747356 0.000866834 0.00747344 0.999971 0.0203382 0.0918425 -0.00850739
FixedParameters: 0 0 0

#Transform 122
Transform: AffineTransform_float_3_3
Parameters: 0.999999 -0.000651958 -0.00114394 0.000643042 0.99997 -0.00781374 0.00114906 0.00781326 0.999969 0.0284214 0.0872523 0.0372543
FixedParameters: 0 0 0

#Transform 123
Transform: AffineTransform_float_3_3
Parameters: 0.999999 -0.000651436 -0.00108498 0.000643564 0.999969 -0.0077577 0.00109003 0.0077573 0.99997 0.0253428 0.0433731 0.0299678
FixedParameters: 0 0 0

#Transform 124
Transform: AffineTransform_float_3_3
Parameters: 0.999999 -0.000651865 -0.00113194 0.000643136 0.99997 -0.00781374 0.00113706 0.00781327 0.999969 0.0288646 0.016953 0.0522896
FixedParameters: 0 0 0

#Transform 125
Transform: AffineTransform_float_3_3
Parameters: 0.999999 -0.000652759 -0.00129513 0.000643243 0.999972 -0.00752084 0.00129987 0.00752016 0.999971 0.0300992 0.020131 0.0282113
FixedParameters: 0 0 0

#Transform 126
Transform: AffineTransform_float_3_3
Parameters: 0.999999 -0.000765085 -0.00114498 0.000755914 0.999969 -0.00791488 0.00115102 0.00791313 0.999968 0.0354513 0.0340738 0.0581159
FixedParameters: 0 0 0

#Transform 127
Transform: AffineTransform_float_3_3
Parameters: 1 -0.000399106 -0.00107101 0.000390895 0.999972 -0.00755743 0.00107399 0.00755758 0.999971 0.0344175 0.0500814 0.052743
FixedParameters: 0 0 0

#Transform 128
Transform: AffineTransform_float_3_3
Parameters: 0.999999 -0.000429328 -0.0014547 0.000418669 0.999969 -0.00777861 0.0014583 0.00777838 0.999968 0.0411421 0.0812145 0.072309
FixedParameters: 0 0 0

#Transform 129
Transform: AffineTransform_float_3_3
Parameters: 0.999999 -0.000546882 -0.00128584 0.000537117 0.999971 -0.0076727 0.00129016 0.0076723 0.999969 0.0371022 0.0606286 0.0448168
FixedParameters: 0 0 0

#Transform 130
Transform: AffineTransform_float_3_3
Parameters: 0.999999 -0.000493831 -0.00137486 0.000485169 0.99998 -0.00641568 0.00137814 0.00641533 0.999979 0.0389527 0.0656282 -0.0670466
FixedParameters: 0 0 0

#Transform 131
Transform: AffineTransform_float_3_3
Parameters: 0.999998 -0.000660599 -0.00145278 0.000649399 0.999968 -0.00796996 0.00145822 0.00796905 0.999967 0.0369927 0.0788234 0.0451274
FixedParameters: 0 0 0

#Transform 132
Transform: AffineTransform_float_3_3
Parameters: 0.999999 -0.000546867 -0.0013029 0.000537132 0.999972 -0.00756171 0.0013071 0.0075603 0.999971 0.034959 0.0350794 0.0194499
FixedParameters: 0 0 0

#Transform 133
Transform: AffineTransform_float_3_3
Parameters: 0.999999 -0.000504259 -0.00120416 0.000494742 0.999971 -0.0076776 0.00120783 0.0076764 0.99997 0.0336857 0.0235862 0.0578464
FixedParameters: 0 0 0

#Transform 134
Transform: AffineTransform_float_3_3
Parameters: 0.999999 -0.000576307 -0.00120359 0.000566698 0.99997 -0.00771869 0.00120741 0.00771832 0.99997 0.0368635 0.0426045 0.0421152
FixedParameters: 0 0 0

#Transform 135
Transform: AffineTransform_float_3_3
Parameters: 0.999999 -0.000537388 -0.00145384 0.000525611 0.99997 -0.00782178 0.00145816 0.00782123 0.999969 0.0375581 0.0744556 0.0545866
FixedParameters: 0 0 0

#Transform 136
Transform: AffineTransform_float_3_3
Parameters: 0.999999 -0.000584496 -0.00120343 0.000575508 0.999969 -0.0078757 0.00120757 0.0078753 0.999969 0.0338016 0.0583228 0.04184
FixedParameters: 0 0 0

#Transform 137
Transform: AffineTransform_float_3_3
Parameters: 0.999999 -0.000618236 -0.00138905 0.000607764 0.999967 -0.00807486 0.00139395 0.00807415 0.999967 0.0354695 0.100055 0.0334457
FixedParameters: 0 0 0

#Transform 138
Transform: AffineTransform_float_3_3
Parameters: 0.999999 -0.000739331 -0.00113397 0.000729669 0.999966 -0.00820683 0.00114003 0.00820616 0.999965 0.0336451 0.0851363 0.0438009
FixedParameters: 0 0 0

#Transform 139
Transform: AffineTransform_float_3_3
Parameters: 0.999999 -0.000639436 -0.00129791 0.000629562 0.999967 -0.00802582 0.00130309 0.00802417 0.999967 0.0348027 0.0718862 0.03374
FixedParameters: 0 0 0

#Transform 140
Transform: AffineTransform_float_3_3
Parameters: 0.999999 -0.000638429 -0.00120304 0.000629572 0.999969 -0.00782176 0.00120796 0.00782124 0.999968 0.0396354 0.0332061 0.0525938
FixedParameters: 0 0 0

#Transform 141
Transform: AffineTransform_float_3_3
Parameters: 0.999999 -0.000638429 -0.00120304 0.000629572 0.999969 -0.00782176 0.00120796 0.00782124 0.999968 0.0365482 0.0273253 0.050885
FixedParameters: 0 0 0

#Transform 142
Transform: AffineTransform_float_3_3
Parameters: 0.999999 -0.000638338 -0.00120309 0.000628663 0.99997 -0.00774576 0.00120791 0.00774524 0.99997 0.0457063 0.042846 0.0684055
FixedParameters: 0 0 0

#Transform 143
Transform: AffineTransform_float_3_3
Parameters: 0.999999 -0.000436774 -0.00120486 0.000427224 0.999974 -0.00727352 0.00120814 0.00727248 0.999973 0.0426816 0.040028 0.0270784
FixedParameters: 0 0 0

#Transform 144
Transform: AffineTransform_float_3_3
Parameters: 0.999999 -0.000530835 -0.00110781 0.000522165 0.999968 -0.00795958 0.00111219 0.00795941 0.999967 0.0446525 0.0729936 0.0619242
FixedParameters: 0 0 0

#Transform 145
Transform: AffineTransform_float_3_3
Parameters: 0.999999 -0.000637993 -0.00120328 0.00062901 0.999972 -0.00745877 0.00120773 0.00745824 0.999972 0.0378716 0.0717623 0.00591341
FixedParameters: 0 0 0

#Transform 146
Transform: AffineTransform_float_3_3
Parameters: 0.999999 -0.000558747 -0.00120352 0.000549256 0.999967 -0.00808467 0.00120748 0.00808333 0.999966 0.0356255 0.0850442 0.0565324
FixedParameters: 0 0 0

#Transform 147
Transform: AffineTransform_float_3_3
Parameters: 0.999999 -0.000639634 -0.0013731 0.000629367 0.99997 -0.00773087 0.00137791 0.00773013 0.999969 0.0406911 0.0785828 0.0320753
FixedParameters: 0 0 0

#Transform 148
Transform: AffineTransform_float_3_3
Parameters: 0.999999 -0.000638645 -0.00120293 0.000629355 0.999968 -0.00800076 0.00120807 0.00800024 0.999968 0.0319291 0.0340622 0.0590151
FixedParameters: 0 0 0

#Transform 149
Transform: AffineTransform_float_3_3
Parameters: 0.999999 -0.000638473 -0.00120302 0.000629528 0.999969 -0.00785777 0.00120798 0.00785724 0.999969 0.0330668 0.0403818 0.0510065
FixedParameters: 0 0 0

#Transform 150
Transform: AffineTransform_float_3_3
Parameters: 0.999999 -0.000726299 -0.00127619 0.000715703 0.999968 -0.00805192 0.0012818 0.00805108 0.999967 0.0292679 0.0486007 0.0613684
FixedParameters: 0 0 0

#Transform 151
Transform: AffineTransform_float_3_3
Parameters: 0.999999 -0.000638431 -0.00120304 0.00062957 0.999969 -0.00782276 0.00120796 0.00782224 0.999968 0.0338682 0.0490309 0.060238
FixedParameters: 0 0 0

#Transform 152
Transform: AffineTransform_float_3_3
Parameters: 0.999998 -0.0006408 -0.00145285 0.000629199 0.999967 -0.00810792 0.00145815 0.00810708 0.999966 0.0386782 0.0607289 0.0654117
FixedParameters: 0 0 0

#Transform 153
Transform: AffineTransform_float_3_3
Parameters: 0.999999 -0.00063835 -0.00120309 0.00062865 0.999969 -0.00775676 0.00120791 0.00775524 0.999969 0.0371114 0.074916 0.0490898
FixedParameters: 0 0 0

#Transform 154
Transform: AffineTransform_float_3_3
Parameters: 0.999999 -0.00063754 -0.00120352 0.000629464 0.999974 -0.00708276 0.00120749 0.00708224 0.999974 0.0334845 0.0801603 -0.0174819
FixedParameters: 0 0 0

#Transform 155
Transform: AffineTransform_float_3_3
Parameters: 0.999999 -0.000638718 -0.00120289 0.000629282 0.999968 -0.00806177 0.00120811 0.00806124 0.999967 0.0350836 0.0969806 0.0547877
FixedParameters: 0 0 0

#Transform 156
Transform: AffineTransform_float_3_3
Parameters: 0.999999 -0.000638788 -0.00126009 0.000629213 0.999969 -0.0077528 0.00126492 0.0077522 0.999969 0.0369256 0.0714639 0.0272517
FixedParameters: 0 0 0

#Transform 157
Transform: AffineTransform_float_3_3
Parameters: 0.999999 -0.000638795 -0.00120285 0.000629204 0.999967 -0.00812576 0.00120815 0.00812524 0.999967 0.0339396 0.0436448 0.0619394
FixedParameters: 0 0 0

#Transform 158
Transform: AffineTransform_float_3_3
Parameters: 0.999999 -0.000638119 -0.00120321 0.000628883 0.999971 -0.00756376 0.00120779 0.00756324 0.99997 0.030503 0.0360584 0.0514476
FixedParameters: 0 0 0

#Transform 159
Transform: AffineTransform_float_3_3
Parameters: 0.999999 -0.000638655 -0.00120292 0.000629344 0.999967 -0.00800976 0.00120808 0.00800924 0.999967 0.0338865 0.0453989 0.0735191
FixedParameters: 0 0 0

#Transform 160
Transform: AffineTransform_float_3_3
Parameters: 0.999999 -0.000691353 -0.00120267 0.000681644 0.999969 -0.00775983 0.00120833 0.00775917 0.999969 0.0385139 0.064189 0.0632705
FixedParameters: 0 0 0

#Transform 161
Transform: AffineTransform_float_3_3
Parameters: 0.999999 -0.000638655 -0.00120292 0.000629344 0.999967 -0.00800976 0.00120808 0.00800924 0.999967 0.0390479 0.059816 0.0747228
FixedParameters: 0 0 0

#Transform 162
Transform: AffineTransform_float_3_3
Parameters: 0.999999 -0.000638655 -0.00120292 0.000629344 0.999967 -0.00800976 0.00120808 0.00800924 0.999967 0.0413194 0.0685132 0.0640548
FixedParameters: 0 0 0

#Transform 163
Transform: AffineTransform_float_3_3
Parameters: 0.999999 -0.000637746 -0.00115421 0.000629255 0.999971 -0.00756273 0.00115879 0.00756127 0.99997 0.0261051 0.0874058 -0.00138347
FixedParameters: 0 0 0

#Transform 164
Transform: AffineTransform_float_3_3
Parameters: 0.999999 -0.000639029 -0.00122482 0.000628969 0.999967 -0.00817178 0.00123018 0.00817022 0.999966 0.0333734 0.0977497 0.0568712
FixedParameters: 0 0 0

#Transform 165
Transform: AffineTransform_float_3_3
Parameters: 0.999999 -0.000639533 -0.0013611 0.000629468 0.99997 -0.00772487 0.0013659 0.00772414 0.999969 0.0357857 0.0903238 0.00866902
FixedParameters: 0 0 0

#Transform 166
Transform: AffineTransform_float_3_3
Parameters: 0.999999 -0.000640064 -0.00136085 0.000628943 0.999967 -0.00811487 0.00136515 0.00811414 0.999966 0.0355204 0.0427775 0.0644563
FixedParameters: 0 0 0

#Transform 167
Transform: AffineTransform_float_3_3
Parameters: 0.999999 -0.000637802 -0.00111099 0.000629197 0.999968 -0.0079057 0.00111601 0.00790429 0.999968 0.0281837 0.0155186 0.0590107
FixedParameters: 0 0 0

#Transform 168
Transform: AffineTransform_float_3_3
Parameters: 0.999998 -0.000641374 -0.00151281 0.000629624 0.999967 -0.00816596 0.00151819 0.00816504 0.999965 0.0449844 0.0435836 0.08356
FixedParameters: 0 0 0

#Transform 169
Transform: AffineTransform_float_3_3
Parameters: 0.999999 -0.000487543 -0.00144917 0.000476459 0.999968 -0.0079547 0.00145284 0.00795431 0.999968 0.0407983 0.0431993 0.0667723
FixedParameters: 0 0 0

#Transform 170
Transform: AffineTransform_float_3_3
Parameters: 0.999999 -0.000639831 -0.00134992 0.000629168 0.999967 -0.00800886 0.00135508 0.00800814 0.999967 0.0426526 0.0573738 0.0967884
FixedParameters: 0 0 0

#Transform 171
Transform: AffineTransform_float_3_3
Parameters: 0.999999 -0.00064048 -0.00143092 0.000629519 0.999967 -0.00800891 0.00143609 0.00800809 0.999967 0.0361469 0.0737091 0.0595811
FixedParameters: 0 0 0

#Transform 172
Transform: AffineTransform_float_3_3
Parameters: 0.999998 -0.000641831 -0.00150359 0.000629164 0.999963 -0.00851895 0.00150941 0.00851803 0.999962 0.0374055 0.0892524 0.0856483
FixedParameters: 0 0 0

#Transform 173
Transform: AffineTransform_float_3_3
Parameters: 0.999999 -0.000638036 -0.00111086 0.000628971 0.999967 -0.0081157 0.00111514 0.00811529 0.999966 0.0286326 0.0817693 0.06037
FixedParameters: 0 0 0

#Transform 174
Transform: AffineTransform_float_3_3
Parameters: 0.999998 -0.000641775 -0.00153873 0.00062923 0.999965 -0.00828898 0.00154327 0.00828802 0.999965 0.0387218 0.0594654 0.0866702
FixedParameters: 0 0 0

#Transform 175
Transform: AffineTransform_float_3_3
Parameters: 0.999999 -0.000637979 -0.00111089 0.000629028 0.999968 -0.00806471 0.00111511 0.0080633 0.999967 0.0253117 0.0209172 0.0757493
FixedParameters: 0 0 0

#Transform 176
Transform: AffineTransform_float_3_3
Parameters: 0.999999 -0.000638041 -0.00111086 0.000628966 0.999967 -0.00811971 0.00111514 0.0081193 0.999967 0.0251064 0.0143696 0.0832176
FixedParameters: 0 0 0

#Transform 177
Transform: AffineTransform_float_3_3
Parameters: 0.999998 -0.000640419 -0.00146707 0.000629581 0.999969 -0.00777093 0.00147194 0.00777006 0.999968 0.0374194 0.0362601 0.0718061
FixedParameters: 0 0 0

#Transform 178
Transform: AffineTransform_float_3_3
Parameters: 0.999998 -0.000641735 -0.00156584 0.000629263 0.999967 -0.00811999 0.00157116 0.008119 0.999966 0.042827 0.0426056 0.0984096
FixedParameters: 0 0 0

#Transform 179
Transform: AffineTransform_float_3_3
Parameters: 0.999998 -0.000471947 -0.00151633 0.000460055 0.999969 -0.00786971 0.00151967 0.00786929 0.999968 0.0507139 0.0650855 0.0912501
FixedParameters: 0 0 0

#Transform 180
Transform: AffineTransform_float_3_3
Parameters: 0.999998 -0.000528972 -0.00153559 0.000516023 0.999965 -0.00843681 0.00154041 0.0084352 0.999963 0.0388106 0.0934942 0.0979746
FixedParameters: 0 0 0

#Transform 181
Transform: AffineTransform_float_3_3
Parameters: 0.999999 -0.00063859 -0.00118388 0.00062941 0.999967 -0.00808275 0.00118913 0.00808225 0.999966 0.0361012 0.0879593 0.0739252
FixedParameters: 0 0 0

#Transform 182
Transform: AffineTransform_float_3_3
Parameters: 0.999998 -0.000640747 -0.00146191 0.000629252 0.999967 -0.00802193 0.00146709 0.00802107 0.999967 0.0357674 0.0658079 0.0734381
FixedParameters: 0 0 0

#Transform 183
Transform: AffineTransform_float_3_3
Parameters: 0.999999 -0.000639772 -0.00136099 0.000629227 0.999968 -0.00790086 0.00136601 0.00790013 0.999968 0.0354522 0.0224324 0.0805404
FixedParameters: 0 0 0

#Transform 184
Transform: AffineTransform_float_3_3
Parameters: 0.999999 -0.000637585 -0.00111112 0.000629416 0.99997 -0.0077097 0.00111589 0.00770929 0.999969 0.0247652 0.0128163 0.0655178
FixedParameters: 0 0 0

#Transform 185
Transform: AffineTransform_float_3_3
Parameters: 0.999999 -0.000942715 -0.00148161 0.000931285 0.999969 -0.00788639 0.00148939 0.00788561 0.999968 0.0405817 0.0264554 0.0959027
FixedParameters: 0 0 0

#Transform 186
Transform: AffineTransform_float_3_3
Parameters: 1 -0.00063598 -0.00104278 0.000629025 0.999977 -0.00668066 0.00104623 0.00668034 0.999977 0.0293787 0.0223476 -0.00956341
FixedParameters: 0 0 0

#Transform 187
Transform: AffineTransform_float_3_3
