# transform file /out/sourcedata/freesurfer/sub-v2s11x28712_ses-1/mri/transforms/cc_up.lta
# created by oesteban on Tue Mar 10 23:35:02 2026

type      = 0 # LINEAR_VOX_TO_VOX
nxforms   = 1
mean      = 159.0000 159.0000 155.0000
sigma     = 10000.0000
1 4 4
9.987680315971375e-01 1.200726907700300e-02 -4.814825206995010e-02 -2.747715950012207e+01 
-1.199334114789963e-02 9.999279379844666e-01 5.781706422567368e-04 -8.142951011657715e+00 
4.815172776579857e-02 5.820766091346741e-11 9.988400340080261e-01 -2.458422851562500e+01 
0.000000000000000e+00 0.000000000000000e+00 0.000000000000000e+00 1.000000000000000e+00 
src volume info
valid = 1  # volume info valid
filename = /out/sourcedata/freesurfer/sub-v2s11x28712_ses-1/mri/norm.mgz
volume = 320 320 320
voxelsize = 7.999999523162842e-01 7.999999523162842e-01 7.999999523162842e-01
xras   = -9.999999403953552e-01 0.000000000000000e+00 0.000000000000000e+00
yras   = 0.000000000000000e+00 0.000000000000000e+00 -9.999999403953552e-01
zras   = 0.000000000000000e+00 9.999999403953552e-01 0.000000000000000e+00
cras   = 4.527534484863281e+00 3.633934020996094e+00 1.283676147460938e+01
dst volume info
valid = 1  # volume info valid
filename = /out/sourcedata/freesurfer/sub-v2s11x28712_ses-1/mri/norm.mgz
volume = 320 320 320
voxelsize = 7.999999523162842e-01 7.999999523162842e-01 7.999999523162842e-01
xras   = -9.999999403953552e-01 0.000000000000000e+00 0.000000000000000e+00
yras   = 0.000000000000000e+00 0.000000000000000e+00 -9.999999403953552e-01
zras   = 0.000000000000000e+00 9.999999403953552e-01 0.000000000000000e+00
cras   = 4.527534484863281e+00 3.633934020996094e+00 1.283676147460938e+01
