# transform file /out/sourcedata/freesurfer/sub-v2s11x28699_ses-1/mri/transforms/cc_up.lta
# created by oesteban on Tue Mar 10 22:08:25 2026

type      = 0 # LINEAR_VOX_TO_VOX
nxforms   = 1
mean      = 158.0000 160.0000 152.0000
sigma     = 10000.0000
1 4 4
9.990762472152710e-01 3.765907511115074e-02 -2.070481330156326e-02 -3.433501052856445e+01 
-3.765099123120308e-02 9.992907047271729e-01 7.802775944583118e-04 -9.984491348266602e+00 
2.071951143443584e-02 0.000000000000000e+00 9.997854232788086e-01 -1.728464126586914e+01 
0.000000000000000e+00 0.000000000000000e+00 0.000000000000000e+00 1.000000000000000e+00 
src volume info
valid = 1  # volume info valid
filename = /out/sourcedata/freesurfer/sub-v2s11x28699_ses-1/mri/norm.mgz
volume = 320 320 320
voxelsize = 7.999999523162842e-01 7.999999523162842e-01 7.999999523162842e-01
xras   = -9.999999403953552e-01 0.000000000000000e+00 0.000000000000000e+00
yras   = 0.000000000000000e+00 0.000000000000000e+00 -9.999999403953552e-01
zras   = 0.000000000000000e+00 9.999999403953552e-01 0.000000000000000e+00
cras   = 3.922203063964844e+00 -1.452587127685547e+01 1.465705871582031e+00
dst volume info
valid = 1  # volume info valid
filename = /out/sourcedata/freesurfer/sub-v2s11x28699_ses-1/mri/norm.mgz
volume = 320 320 320
voxelsize = 7.999999523162842e-01 7.999999523162842e-01 7.999999523162842e-01
xras   = -9.999999403953552e-01 0.000000000000000e+00 0.000000000000000e+00
yras   = 0.000000000000000e+00 0.000000000000000e+00 -9.999999403953552e-01
zras   = 0.000000000000000e+00 9.999999403953552e-01 0.000000000000000e+00
cras   = 3.922203063964844e+00 -1.452587127685547e+01 1.465705871582031e+00
