type      = 0 # LINEAR_VOX_TO_VOX
nxforms   = 1
mean      = 0.0000 0.0000 0.0000
sigma     = 1.0000
1 4 4
8.301206231117249e-01 1.028479915112257e-02 -5.691999103873968e-03 -5.877456665039062e+00 
-5.973598919808865e-03 8.567814826965332e-01 1.865919679403305e-01 -4.348944091796875e+01 
5.020639300346375e-02 -1.834863722324371e-01 8.561567068099976e-01 2.885696411132812e+00 
0.000000000000000e+00 0.000000000000000e+00 0.000000000000000e+00 1.000000000000000e+00 
src volume info
valid = 1  # volume info valid
filename = /out/sourcedata/freesurfer/sub-v2s11x28699_ses-1/mri/orig.mgz
volume = 320 320 320
voxelsize = 7.999999523162842e-01 7.999999523162842e-01 7.999999523162842e-01
xras   = -9.999999403953552e-01 0.000000000000000e+00 0.000000000000000e+00
yras   = 0.000000000000000e+00 0.000000000000000e+00 -9.999999403953552e-01
zras   = 0.000000000000000e+00 9.999999403953552e-01 0.000000000000000e+00
cras   = 3.922203063964844e+00 -1.452587127685547e+01 1.465705871582031e+00
dst volume info
valid = 1  # volume info valid
filename = /opt/freesurfer/average/mni305.cor.mgz
volume = 256 256 256
voxelsize = 1.000000000000000e+00 1.000000000000000e+00 1.000000000000000e+00
xras   = -1.000000000000000e+00 0.000000000000000e+00 0.000000000000000e+00
yras   = 0.000000000000000e+00 0.000000000000000e+00 -1.000000000000000e+00
zras   = 0.000000000000000e+00 1.000000000000000e+00 0.000000000000000e+00
cras   = 0.000000000000000e+00 0.000000000000000e+00 0.000000000000000e+00
subject fsaverage
fscale 0.100000
