# transform file /out/sourcedata/freesurfer/sub-v2s11x28732_ses-1/mri/transforms/cc_up.lta
# created by oesteban on Wed Mar 11 00:29:58 2026

type      = 0 # LINEAR_VOX_TO_VOX
nxforms   = 1
mean      = 163.0000 156.0000 154.0000
sigma     = 10000.0000
1 4 4
9.979850649833679e-01 9.622886776924133e-03 -6.271707266569138e-02 -2.743149757385254e+01 
-9.603940881788731e-03 9.999538064002991e-01 6.035472033545375e-04 -4.510439395904541e+00 
6.271997839212418e-02 0.000000000000000e+00 9.980313181877136e-01 -1.795559883117676e+01 
0.000000000000000e+00 0.000000000000000e+00 0.000000000000000e+00 1.000000000000000e+00 
src volume info
valid = 1  # volume info valid
filename = /out/sourcedata/freesurfer/sub-v2s11x28732_ses-1/mri/norm.mgz
volume = 320 320 320
voxelsize = 7.999999523162842e-01 7.999999523162842e-01 7.999999523162842e-01
xras   = -9.999999403953552e-01 0.000000000000000e+00 0.000000000000000e+00
yras   = 0.000000000000000e+00 0.000000000000000e+00 -9.999999403953552e-01
zras   = 0.000000000000000e+00 9.999999403953552e-01 0.000000000000000e+00
cras   = 9.024200439453125e+00 -1.079078674316406e+01 -3.444252777099609e+01
dst volume info
valid = 1  # volume info valid
filename = /out/sourcedata/freesurfer/sub-v2s11x28732_ses-1/mri/norm.mgz
volume = 320 320 320
voxelsize = 7.999999523162842e-01 7.999999523162842e-01 7.999999523162842e-01
xras   = -9.999999403953552e-01 0.000000000000000e+00 0.000000000000000e+00
yras   = 0.000000000000000e+00 0.000000000000000e+00 -9.999999403953552e-01
zras   = 0.000000000000000e+00 9.999999403953552e-01 0.000000000000000e+00
cras   = 9.024200439453125e+00 -1.079078674316406e+01 -3.444252777099609e+01
