#Insight Transform File V1.0
#Transform 0
Transform: AffineTransform_float_3_3
Parameters: 1 6.6216e-08 -8.9e-05 6.6216e-08 0.999999 0.000744 8.9e-05 -0.000744 0.999999 -0.00733227 -0.0142628 0.0200598
FixedParameters: 0 0 0

#Transform 1
Transform: AffineTransform_float_3_3
Parameters: 1 0 0 0 0.999999 0.000866999 0 -0.000866999 0.999999 -4e-06 -0.0107696 0.034848
FixedParameters: 0 0 0

#Transform 2
Transform: AffineTransform_float_3_3
Parameters: 1 2.0842e-08 -1.7e-05 2.0842e-08 0.999999 0.001226 1.7e-05 -0.001226 0.999999 0.010105 -0.0071226 0.0193554
FixedParameters: 0 0 0

#Transform 3
Transform: AffineTransform_float_3_3
Parameters: 1 4.0825e-08 -0.000575 4.0825e-08 1 7.1e-05 0.000575 -7.1e-05 1 0.0032581 0.0542065 0.00349094
FixedParameters: 0 0 0

#Transform 4
Transform: AffineTransform_float_3_3
Parameters: 1 -4.482e-08 -0.000415 -4.482e-08 1 -0.000108 0.000415 0.000108 1 0.00236196 0.0552114 -0.0146369
FixedParameters: 0 0 0

#Transform 5
Transform: AffineTransform_float_3_3
Parameters: 1 -0.000130853 -0.000497039 0.000131147 1 0.000295935 0.000496961 -0.000296065 1 0.00227439 -0.0246466 0.0111885
FixedParameters: 0 0 0

#Transform 6
Transform: AffineTransform_float_3_3
Parameters: 1 -8.86857e-05 -0.000431065 8.93141e-05 0.999999 0.000728961 0.000430935 -0.000729038 0.999999 0.00209839 -0.0687431 0.0120407
FixedParameters: 0 0 0

#Transform 7
Transform: AffineTransform_float_3_3
Parameters: 1 1.32987e-07 -0.000291 1.32987e-07 1 0.000457 0.000291 -0.000457 1 0.00163226 -0.000539848 0.0275067
FixedParameters: 0 0 0

#Transform 8
Transform: AffineTransform_float_3_3
Parameters: 1 -9.45142e-07 -8.20006e-05 1.05486e-06 1 0.000669 8.19993e-05 -0.000669 1 -0.00618195 -0.0193188 0.0123267
FixedParameters: 0 0 0

#Transform 9
Transform: AffineTransform_float_3_3
Parameters: 1 0 0 0 1 -0.000304 0 0.000304 1 -1.42109e-14 0.0852912 -0.0151496
FixedParameters: 0 0 0

#Transform 10
Transform: AffineTransform_float_3_3
Parameters: 1 -1.77132e-07 -0.000348 -1.77132e-07 1 -0.000509 0.000348 0.000509 1 0.00197907 0.0864628 -0.0314278
FixedParameters: 0 0 0

#Transform 11
Transform: AffineTransform_float_3_3
Parameters: 1 -0.000384014 -8.89401e-05 0.000383986 1 -0.000156034 8.90599e-05 0.000155966 1 -0.00106428 0.0412595 -0.0155068
FixedParameters: 0 0 0

#Transform 12
Transform: AffineTransform_float_3_3
Parameters: 1 -1.8925e-07 0.00025 -1.8925e-07 0.999999 0.000757 -0.00025 -0.000757 0.999999 -0.00499439 0.0102034 0.00332475
FixedParameters: 0 0 0

#Transform 13
Transform: AffineTransform_float_3_3
Parameters: 1 -5.29463e-05 -0.000152019 5.30536e-05 1 0.000352992 0.000151981 -0.000353008 1 0.000578204 -0.044532 0.00616301
FixedParameters: 0 0 0

#Transform 14
Transform: AffineTransform_float_3_3
Parameters: 1 -9.39966e-05 -0.000562 9.40033e-05 1 5.94717e-06 0.000561999 -6.05283e-06 1 0.00288614 -0.0197111 0.00530141
FixedParameters: 0 0 0

#Transform 15
Transform: AffineTransform_float_3_3
Parameters: 1 3.3327e-08 -0.000161 3.3327e-08 1 0.000207 0.000161 -0.000207 1 0.00095042 -0.0197357 -0.0168314
FixedParameters: 0 0 0

#Transform 16
Transform: AffineTransform_float_3_3
Parameters: 1 -0.000103085 -0.000396978 0.000102915 1 -0.000215041 0.000397022 0.000214959 1 0.0110302 0.0613285 -0.0209646
FixedParameters: 0 0 0

#Transform 17
Transform: AffineTransform_float_3_3
Parameters: 1 8.97442e-06 -0.000164001 -9.02558e-06 1 -0.000155999 0.000163999 0.000156001 1 0.0156551 0.0594785 -0.0362443
FixedParameters: 0 0 0

#Transform 18
Transform: AffineTransform_float_3_3
Parameters: 1 8.9842e-06 -0.000158001 -9.0158e-06 1 -9.99986e-05 0.000157999 0.000100001 1 0.0178374 0.03523 -0.0155137
FixedParameters: 0 0 0

#Transform 19
Transform: AffineTransform_float_3_3
Parameters: 1 1.2e-05 7.14e-09 -1.2e-05 1 0.000595 7.14e-09 -0.000595 1 -0.0135661 -0.0567742 -0.0187886
FixedParameters: 0 0 0

#Transform 20
Transform: AffineTransform_float_3_3
Parameters: 1 7.5e-05 1.68e-08 -7.5e-05 1 0.000224 1.68e-08 -0.000224 1 0.0172555 -0.0137237 -0.0173156
FixedParameters: 0 0 0

#Transform 21
Transform: AffineTransform_float_3_3
Parameters: 1 -4.1e-05 -1.4432e-08 4.1e-05 1 0.000352 -1.4432e-08 -0.000352 1 0.0167559 -0.0213556 -0.0177953
FixedParameters: 0 0 0

#Transform 22
Transform: AffineTransform_float_3_3
Parameters: 1 -4.1e-05 1.0742e-08 4.1e-05 1 -0.000262 1.0742e-08 0.000262 1 0.0167542 0.0211149 -0.015463
FixedParameters: 0 0 0

#Transform 23
Transform: AffineTransform_float_3_3
Parameters: 1 -4.1039e-05 -0.000148989 4.0961e-05 1 -0.000262006 0.000149011 0.000261994 1 0.0175902 0.0458328 -0.0150009
FixedParameters: 0 0 0

#Transform 24
Transform: AffineTransform_float_3_3
Parameters: 1 -4.12167e-05 -0.000401978 4.07833e-05 1 -0.000539016 0.000402022 0.000538983 1 0.0190549 0.0762184 -0.0408108
FixedParameters: 0 0 0

#Transform 25
Transform: AffineTransform_float_3_3
Parameters: 1 0.000105745 -0.000275098 -0.000105255 0.999999 -0.000926971 0.000274903 0.000927029 1 0.0188423 0.0853896 -0.0573497
FixedParameters: 0 0 0

#Transform 26
Transform: AffineTransform_float_3_3
Parameters: 1 -4.12279e-05 -0.000401977 4.0772e-05 1 -0.000567016 0.000402023 0.000566983 1 0.0190513 0.0482883 -0.0391762
FixedParameters: 0 0 0

#Transform 27
Transform: AffineTransform_float_3_3
Parameters: 1 -4.12822e-05 -0.000401971 4.07178e-05 1 -0.000702016 0.000402029 0.000701983 0.999999 0.0190559 0.0287682 -0.0386019
FixedParameters: 0 0 0

#Transform 28
Transform: AffineTransform_float_3_3
Parameters: 1 -4.15854e-05 -0.000496951 4.14145e-05 1 -0.00117802 0.000497049 0.00117798 0.999999 0.0195741 0.0478428 -0.03639
FixedParameters: 0 0 0

#Transform 29
Transform: AffineTransform_float_3_3
Parameters: 1 -4.16676e-05 -0.000401931 4.13322e-05 0.999998 -0.00166102 0.000402069 0.00166098 0.999998 0.0190439 0.0407049 -0.0348083
FixedParameters: 0 0 0

#Transform 30
Transform: AffineTransform_float_3_3
Parameters: 1 -9.86715e-05 -0.000401836 9.83281e-05 0.999998 -0.00167104 0.000402165 0.00167096 0.999999 0.0187733 0.062377 -0.0487329
FixedParameters: 0 0 0

#Transform 31
Transform: AffineTransform_float_3_3
Parameters: 1 -0.000101662 -0.000468857 0.000101339 0.999999 -0.00141005 0.000469143 0.00141095 0.999999 0.0191752 0.0750401 -0.0496438
FixedParameters: 0 0 0

#Transform 32
Transform: AffineTransform_float_3_3
Parameters: 1 -4.19437e-05 -0.000571932 4.10561e-05 0.999998 -0.00165002 0.000572069 0.00164998 0.999999 0.0179475 0.103161 -0.0630757
FixedParameters: 0 0 0

#Transform 33
Transform: AffineTransform_float_3_3
Parameters: 1 -0.00021172 -0.000401621 0.000211279 0.999999 -0.00179309 0.00040238 0.00179292 0.999999 0.0183477 0.104418 -0.0802023
FixedParameters: 0 0 0

#Transform 34
Transform: AffineTransform_float_3_3
Parameters: 1 5.6329e-05 -0.000402094 -5.76708e-05 0.999998 -0.00166898 0.000401904 0.00166902 0.999998 0.0194854 0.0796106 -0.0635995
FixedParameters: 0 0 0

#Transform 35
Transform: AffineTransform_float_3_3
Parameters: 1 0.000136371 -0.000402214 -0.000136629 0.999999 -0.00156394 0.000401787 0.00156405 0.999998 0.0197618 0.0440105 -0.0640244
FixedParameters: 0 0 0

#Transform 36
Transform: AffineTransform_float_3_3
Parameters: 1 0.000134525 -0.000402159 -0.000134475 1 -0.00118095 0.000401842 0.00118105 0.999999 0.0196901 0.00987063 -0.0418339
FixedParameters: 0 0 0

#Transform 37
Transform: AffineTransform_float_3_3
Parameters: 1 8.33663e-05 -0.000402132 -8.46334e-05 0.999999 -0.00157597 0.000401867 0.00157603 0.999998 0.0195761 0.0478987 -0.0311253
FixedParameters: 0 0 0

#Transform 38
Transform: AffineTransform_float_3_3
Parameters: 1 -4.13489e-05 -0.000401964 4.0651e-05 0.999999 -0.000868016 0.000402035 0.000867983 0.999999 0.0352878 0.0132879 -0.0241952
FixedParameters: 0 0 0

#Transform 39
Transform: AffineTransform_float_3_3
Parameters: 1 -4.18414e-05 -0.000557937 4.11585e-05 0.999999 -0.00150802 0.000558062 0.00150798 0.999998 0.0218958 0.0664645 -0.0299163
FixedParameters: 0 0 0

#Transform 40
Transform: AffineTransform_float_3_3
Parameters: 1 -4.17366e-05 -0.000550945 4.12633e-05 0.999999 -0.00133702 0.000551056 0.00133698 0.999999 0.0238831 0.0494737 -0.0485098
FixedParameters: 0 0 0

#Transform 41
Transform: AffineTransform_float_3_3
Parameters: 1 -4.17975e-05 -0.000401918 4.12023e-05 0.999998 -0.00198402 0.000402082 0.00198398 0.999998 0.019036 0.0914206 -0.0526507
FixedParameters: 0 0 0

#Transform 42
Transform: AffineTransform_float_3_3
Parameters: 1 -4.1533e-05 -0.000401945 4.04669e-05 0.999999 -0.00132602 0.000402054 0.00132598 0.999999 0.019046 0.0414765 -0.0401989
FixedParameters: 0 0 0

#Transform 43
Transform: AffineTransform_float_3_3
Parameters: 1 -4.12864e-05 -0.000215945 4.07136e-05 0.999999 -0.00132601 0.000216054 0.00132599 0.999999 0.0180007 0.0415072 -0.0407596
FixedParameters: 0 0 0

#Transform 44
Transform: AffineTransform_float_3_3
Parameters: 1 -0.00012349 -0.00040185 0.00012251 0.999999 -0.00121905 0.00040215 0.00121895 0.999999 0.0187729 0.00703437 -0.0375635
FixedParameters: 0 0 0

#Transform 45
Transform: AffineTransform_float_3_3
Parameters: 1 -4.16889e-05 -0.000401929 4.13109e-05 0.999998 -0.00171402 0.000402072 0.00171398 0.999999 0.0190413 0.0439122 -0.0386386
FixedParameters: 0 0 0

#Transform 46
Transform: AffineTransform_float_3_3
Parameters: 1 -4.15475e-05 -0.000401944 4.04524e-05 0.999999 -0.00136202 0.000402055 0.00136198 0.999999 0.0190404 0.0451457 -0.0439517
FixedParameters: 0 0 0

#Transform 47
Transform: AffineTransform_float_3_3
Parameters: 1 -4.18441e-05 -0.000401913 4.11557e-05 0.999998 -0.00210002 0.000402087 0.00209998 0.999997 0.0258588 0.0942611 -0.0499668
FixedParameters: 0 0 0

#Transform 48
Transform: AffineTransform_float_3_3
Parameters: 1 -4.1564e-05 -0.000401942 4.14359e-05 0.999999 -0.00140302 0.000402058 0.00140298 0.999999 0.0190395 0.0649517 -0.0461731
FixedParameters: 0 0 0

#Transform 49
Transform: AffineTransform_float_3_3
Parameters: 1 -9.96121e-05 -0.000401849 9.9388e-05 0.999999 -0.00152204 0.000402152 0.00152296 0.999999 0.0187869 0.0276098 -0.0394865
FixedParameters: 0 0 0

#Transform 50
Transform: AffineTransform_float_3_3
Parameters: 1 -4.14301e-05 -0.000401956 4.05698e-05 1 -0.00107002 0.000402044 0.00106998 1 0.0168104 0.00336689 -0.0373444
FixedParameters: 0 0 0

#Transform 51
Transform: AffineTransform_float_3_3
Parameters: 1 -9.45326e-05 -0.000401875 9.34673e-05 0.999999 -0.00132504 0.000402124 0.00132496 0.999999 0.0188446 0.0556632 -0.0219653
FixedParameters: 0 0 0

#Transform 52
Transform: AffineTransform_float_3_3
Parameters: 1 -0.000113475 -0.000401866 0.000113525 1 -0.00118105 0.000402134 0.00118096 0.999999 0.0163633 0.0549525 -0.040715
FixedParameters: 0 0 0

#Transform 53
Transform: AffineTransform_float_3_3
Parameters: 1 -9.26378e-05 -0.000401853 9.23619e-05 0.999998 -0.00158704 0.000402147 0.00158696 0.999998 0.0188177 0.109827 -0.0390542
FixedParameters: 0 0 0

#Transform 54
Transform: AffineTransform_float_3_3
Parameters: 1 -4.15234e-05 -0.000401946 4.04766e-05 0.999999 -0.00130202 0.000402053 0.00130198 0.999999 0.0190494 0.102275 -0.0422819
FixedParameters: 0 0 0

#Transform 55
Transform: AffineTransform_float_3_3
Parameters: 1 -4.16435e-05 -0.000401934 4.13563e-05 0.999998 -0.00160102 0.000402067 0.00160098 0.999998 0.0190467 0.110959 -0.0489931
FixedParameters: 0 0 0

#Transform 56
Transform: AffineTransform_float_3_3
Parameters: 1 -4.13614e-05 -0.000401963 4.06386e-05 0.999999 -0.000899016 0.000402036 0.000898983 0.999999 0.0136843 0.0111997 -0.0328258
FixedParameters: 0 0 0

#Transform 57
Transform: AffineTransform_float_3_3
Parameters: 1 -0.000106495 -0.000401869 0.000105505 0.999999 -0.00123104 0.00040213 0.00123096 0.999999 0.00248246 0.0359309 -0.0218838
FixedParameters: 0 0 0

#Transform 58
Transform: AffineTransform_float_3_3
Parameters: 1 -4.13007e-05 -0.000340964 4.06992e-05 0.999999 -0.000882013 0.000341036 0.000881985 0.999999 0.0187147 0.0237856 -0.0289915
FixedParameters: 0 0 0

#Transform 59
Transform: AffineTransform_float_3_3
Parameters: 1 -4.14924e-05 -0.00040195 4.05075e-05 0.999999 -0.00122502 0.00040205 0.00122498 0.999999 0.0190447 0.0781955 -0.0405379
FixedParameters: 0 0 0

#Transform 60
Transform: AffineTransform_float_3_3
Parameters: 1 -4.14948e-05 -0.000401949 4.05051e-05 0.999999 -0.00123102 0.00040205 0.00123098 0.999999 0.0190562 0.0909541 -0.0432475
FixedParameters: 0 0 0

#Transform 61
Transform: AffineTransform_float_3_3
Parameters: 1 -4.17239e-05 -0.000401926 4.12763e-05 0.999999 -0.00180002 0.000402075 0.00180098 0.999999 0.0157728 0.139722 -0.0472034
FixedParameters: 0 0 0

#Transform 62
Transform: AffineTransform_float_3_3
Parameters: 1 -0.000121479 -0.000401856 0.000120521 1 -0.00119105 0.000402144 0.00119095 0.999999 0.0187378 0.0607633 -0.0406811
FixedParameters: 0 0 0

#Transform 63
Transform: AffineTransform_float_3_3
Parameters: 1 -4.14132e-05 -0.000401958 4.05867e-05 1 -0.00102802 0.000402042 0.00102798 1 0.0190435 0.0536957 -0.0351509
FixedParameters: 0 0 0

#Transform 64
Transform: AffineTransform_float_3_3
Parameters: 1 -4.14651e-05 -0.000401952 4.05349e-05 1 -0.00115702 0.000402047 0.00115698 0.999999 0.0243111 0.0337957 -0.0370517
FixedParameters: 0 0 0

#Transform 65
Transform: AffineTransform_float_3_3
Parameters: 1 -4.15745e-05 -0.000493952 4.14255e-05 1 -0.00116302 0.000494049 0.00116298 0.999999 0.0195566 0.0551331 -0.0107281
FixedParameters: 0 0 0

#Transform 66
Transform: AffineTransform_float_3_3
Parameters: 1 -4.12852e-05 -0.000459974 4.07148e-05 1 -0.000620018 0.000460025 0.000619981 0.999999 0.019371 0.0815343 -0.0182377
FixedParameters: 0 0 0

#Transform 67
Transform: AffineTransform_float_3_3
Parameters: 1 -4.17331e-05 -0.000466935 4.12667e-05 0.999999 -0.00157002 0.000467065 0.00156998 0.999998 0.0172378 0.120474 -0.039448
FixedParameters: 0 0 0

#Transform 68
Transform: AffineTransform_float_3_3
Parameters: 1 -4.13925e-05 -0.000457964 4.06079e-05 0.999999 -0.000856018 0.000458035 0.00085698 0.999999 0.0193775 0.117263 -0.0443805
FixedParameters: 0 0 0

#Transform 69
Transform: AffineTransform_float_3_3
Parameters: 1 -4.17231e-05 -0.000401926 4.12767e-05 0.999999 -0.00179902 0.000402075 0.00179898 0.999999 0.0170212 0.121475 -0.0536622
FixedParameters: 0 0 0

#Transform 70
Transform: AffineTransform_float_3_3
Parameters: 1 6.27688e-05 -0.000402036 -6.32311e-05 1 -0.000574974 0.000401964 0.000575025 1 0.0194369 0.0304429 -0.0186095
FixedParameters: 0 0 0

#Transform 71
Transform: AffineTransform_float_3_3
Parameters: 1 -4.17752e-05 -0.000530939 4.12247e-05 0.999999 -0.00146002 0.000531061 0.00145998 0.999999 0.0197279 0.0582337 0.00626282
FixedParameters: 0 0 0

#Transform 72
Transform: AffineTransform_float_3_3
Parameters: 1 -4.12303e-05 -0.000401976 4.07696e-05 1 -0.000573016 0.000402023 0.000572983 1 0.0190492 0.0454356 -0.0185553
FixedParameters: 0 0 0

#Transform 73
Transform: AffineTransform_float_3_3
Parameters: 1 -4.15688e-05 -0.000401942 4.14315e-05 0.999999 -0.00141402 0.000402059 0.00141498 0.999999 0.0190195 0.0690634 0.0105631
FixedParameters: 0 0 0

#Transform 74
Transform: AffineTransform_float_3_3
Parameters: 1 -4.14105e-05 -0.000493965 4.05894e-05 0.999999 -0.000831019 0.000494034 0.000830979 0.999999 0.0243734 0.0656468 -0.0173336
FixedParameters: 0 0 0

#Transform 75
Transform: AffineTransform_float_3_3
Parameters: 0.999999 -0.000119517 -0.000824781 0.000117484 0.999999 -0.0018391 0.000824217 0.0018389 0.999998 0.0210963 0.114661 -0.0414321
FixedParameters: 0 0 0

#Transform 76
Transform: AffineTransform_float_3_3
Parameters: 1 -4.2512e-05 -0.00070191 4.04878e-05 0.999997 -0.00215403 0.000702089 0.00215397 0.999998 0.0206916 0.113071 -0.0655561
FixedParameters: 0 0 0

#Transform 77
Transform: AffineTransform_float_3_3
Parameters: 1 -4.20209e-05 -0.000401894 4.09788e-05 0.999997 -0.00254002 0.000402105 0.00253998 0.999996 0.0190425 0.158345 -0.0583189
FixedParameters: 0 0 0

#Transform 78
Transform: AffineTransform_float_3_3
Parameters: 1 -0.00021181 -0.000537681 0.00021119 0.999999 -0.00150711 0.000537319 0.00150689 0.999998 0.0190614 0.0663351 -0.0528151
FixedParameters: 0 0 0

#Transform 79
Transform: AffineTransform_float_3_3
Parameters: 1 -0.00011771 -0.000401793 0.00011729 0.999999 -0.00176605 0.000402208 0.00176595 0.999999 0.0187189 0.073112 -0.0436054
FixedParameters: 0 0 0

#Transform 80
Transform: AffineTransform_float_3_3
Parameters: 1 -0.000171574 -0.000401755 0.000170426 0.999999 -0.00142807 0.000402244 0.00142793 0.999999 0.0285527 0.0337089 -0.0400691
FixedParameters: 0 0 0

#Transform 81
Transform: AffineTransform_float_3_3
Parameters: 1 -4.17657e-05 -0.000401921 4.12341e-05 0.999998 -0.00190502 0.000402079 0.00190498 0.999998 0.0165669 0.0681288 -0.012831
FixedParameters: 0 0 0

#Transform 82
Transform: AffineTransform_float_3_3
Parameters: 1 -0.000167461 -0.000478839 0.000167539 1 -0.000962081 0.000479162 0.000961921 1 0.023536 0.0477884 -0.0141206
FixedParameters: 0 0 0

#Transform 83
Transform: AffineTransform_float_3_3
Parameters: 0.999999 -0.000134107 -0.000725796 0.000133893 0.999999 -0.0015251 0.000726205 0.0015249 0.999998 0.0338497 0.0959778 -0.00390846
FixedParameters: 0 0 0

#Transform 84
Transform: AffineTransform_float_3_3
Parameters: 1 -4.17435e-05 -0.000579947 4.12564e-05 0.999999 -0.00128202 0.000580053 0.00128198 0.999999 0.0223682 0.0964844 -0.0354912
FixedParameters: 0 0 0

#Transform 85
Transform: AffineTransform_float_3_3
Parameters: 1 -9.96832e-05 -0.000401831 9.93164e-05 0.999998 -0.00170004 0.000402169 0.00169996 0.999998 0.0234438 0.123459 -0.0476944
FixedParameters: 0 0 0

#Transform 86
Transform: AffineTransform_float_3_3
Parameters: 1 -4.15153e-05 -0.000401947 4.04846e-05 0.999999 -0.00128202 0.000402052 0.00128198 0.999999 0.0190441 0.108189 -0.0421863
FixedParameters: 0 0 0

#Transform 87
Transform: AffineTransform_float_3_3
Parameters: 1 -4.17149e-05 -0.000460936 4.12849e-05 0.999999 -0.00155102 0.000461064 0.00155098 0.999998 0.022332 0.0475747 -0.0163321
FixedParameters: 0 0 0

#Transform 88
Transform: AffineTransform_float_3_3
Parameters: 1 -4.14907e-05 -0.000475958 4.05092e-05 1 -0.00103102 0.000476042 0.00103098 1 0.03651 0.022652 -0.0235559
FixedParameters: 0 0 0

#Transform 89
Transform: AffineTransform_float_3_3
Parameters: 1 -0.000141194 -0.000529683 0.000139806 0.999998 -0.00225308 0.000530316 0.00225293 0.999998 0.0194972 0.0614423 0.012413
FixedParameters: 0 0 0

#Transform 90
Transform: AffineTransform_float_3_3
Parameters: 1 -0.000228872 -0.000591663 0.000228127 0.999999 -0.00147413 0.000592337 0.00147386 0.999998 0.0182884 0.0573616 -0.0404381
FixedParameters: 0 0 0

#Transform 91
Transform: AffineTransform_float_3_3
Parameters: 1 -0.000208259 -0.000531508 0.000206743 0.999997 -0.00236711 0.000531491 0.00236689 0.999997 0.00893688 0.117137 -0.0393205
FixedParameters: 0 0 0

#Transform 92
Transform: AffineTransform_float_3_3
Parameters: 1 -0.000216122 -0.000458473 0.000214879 0.999997 -0.0024461 0.000458527 0.0024459 0.999997 0.0118143 0.0922115 -0.0805388
FixedParameters: 0 0 0

#Transform 93
Transform: AffineTransform_float_3_3
Parameters: 1 -4.2117e-05 -0.000401884 4.08827e-05 0.999996 -0.00277902 0.000402115 0.00277898 0.999996 0.0124223 0.147388 -0.0791154
FixedParameters: 0 0 0

#Transform 94
Transform: AffineTransform_float_3_3
Parameters: 0.999999 -0.00010687 -0.000786748 0.000105129 0.999997 -0.00237708 0.000787252 0.00237692 0.999997 0.0163267 0.0748608 -0.0709885
FixedParameters: 0 0 0

#Transform 95
Transform: AffineTransform_float_3_3
Parameters: 1 -0.000200846 -0.000401578 0.000200152 0.999998 -0.00210708 0.000402422 0.00210692 0.999997 0.0141139 0.100178 -0.0819451
FixedParameters: 0 0 0

#Transform 96
Transform: AffineTransform_float_3_3
Parameters: 1 -4.1697e-05 -0.000401928 4.13028e-05 0.999998 -0.00173402 0.000402072 0.00173398 0.999999 0.0207423 0.0589187 -0.0426391
FixedParameters: 0 0 0

#Transform 97
Transform: AffineTransform_float_3_3
Parameters: 1 -4.20549e-05 -0.00048791 4.09448e-05 0.999997 -0.00216202 0.000488089 0.00216198 0.999997 0.0244773 0.0709667 -0.00943346
FixedParameters: 0 0 0

#Transform 98
Transform: AffineTransform_float_3_3
Parameters: 0.999999 -0.00015853 -0.000789694 0.00015647 0.999998 -0.00193612 0.000790304 0.00193688 0.999998 0.0265632 0.0819261 -0.0206589
FixedParameters: 0 0 0

#Transform 99
Transform: AffineTransform_float_3_3
Parameters: 1 -4.19033e-05 -0.000586936 4.10965e-05 0.999999 -0.00153902 0.000587064 0.00153897 0.999998 0.0286663 0.0982036 -0.0498835
FixedParameters: 0 0 0

#Transform 100
Transform: AffineTransform_float_3_3
Parameters: 0.999999 -4.30403e-05 -0.000785891 4.09594e-05 0.999996 -0.00259603 0.000786109 0.00259597 0.999997 0.0318883 0.133739 -0.0476551
FixedParameters: 0 0 0

#Transform 101
Transform: AffineTransform_float_3_3
Parameters: 1 -0.000352807 -0.000578508 0.000351193 0.999999 -0.0013952 0.00057849 0.0013948 0.999999 0.0263263 0.12152 -0.0600879
FixedParameters: 0 0 0

#Transform 102
Transform: AffineTransform_float_3_3
Parameters: 0.999999 -4.30008e-05 -0.000831899 4.09989e-05 0.999997 -0.00240503 0.000832101 0.00240496 0.999997 0.0320096 0.119683 -0.0357152
FixedParameters: 0 0 0

#Transform 103
Transform: AffineTransform_float_3_3
Parameters: 0.999999 -0.000111305 -0.000705795 0.000109694 0.999999 -0.00184908 0.000706204 0.00184892 0.999998 0.0276713 0.0623577 -0.0570922
FixedParameters: 0 0 0

#Transform 104
Transform: AffineTransform_float_3_3
Parameters: 1 -4.18172e-05 -0.000401916 4.11826e-05 0.999998 -0.00203302 0.000402084 0.00203298 0.999998 0.0280076 0.0839738 -0.0385584
FixedParameters: 0 0 0

#Transform 105
Transform: AffineTransform_float_3_3
Parameters: 1 -0.000153082 -0.00051668 0.00015192 0.999998 -0.00209308 0.000516319 0.00209292 0.999997 0.0263533 0.0457043 -0.0381342
FixedParameters: 0 0 0

#Transform 106
Transform: AffineTransform_float_3_3
Parameters: 1 -4.18172e-05 -0.000401916 4.11826e-05 0.999998 -0.00203302 0.000402084 0.00203298 0.999998 0.0360741 0.084656 -0.0197927
FixedParameters: 0 0 0

#Transform 107
Transform: AffineTransform_float_3_3
Parameters: 1 -0.000159471 -0.000662648 0.000157528 0.999997 -0.0022201 0.000663351 0.00221989 0.999998 0.0200496 0.0936002 -0.055498
FixedParameters: 0 0 0

#Transform 108
Transform: AffineTransform_float_3_3
Parameters: 0.999999 -4.29922e-05 -0.000803895 4.10108e-05 0.999997 -0.00247703 0.000803104 0.00247797 0.999996 0.025858 0.135338 -0.0602389
FixedParameters: 0 0 0

#Transform 109
Transform: AffineTransform_float_3_3
Parameters: 1 -4.15632e-05 -0.000401942 4.14368e-05 0.999999 -0.00140102 0.000402058 0.00140098 0.999999 0.0209774 0.140311 -0.071048
FixedParameters: 0 0 0

#Transform 110
Transform: AffineTransform_float_3_3
Parameters: 0.999999 -4.31893e-05 -0.000801885 4.08104e-05 0.999997 -0.00273003 0.000802114 0.00272997 0.999996 0.0159512 0.163064 -0.0595586
FixedParameters: 0 0 0

#Transform 111
Transform: AffineTransform_float_3_3
Parameters: 1 -0.000270619 -0.000401583 0.00026938 0.999999 -0.00154211 0.000402416 0.00154189 0.999998 0.0122363 0.0652455 -0.0480127
FixedParameters: 0 0 0

#Transform 112
Transform: AffineTransform_float_3_3
Parameters: 1 -0.000238921 -0.000401453 0.000238078 0.999998 -0.0022931 0.000402547 0.00229291 0.999998 0.0212189 0.089985 -0.00528049
FixedParameters: 0 0 0

#Transform 113
Transform: AffineTransform_float_3_3
Parameters: 1 -0.00024165 -0.000401609 0.000241349 0.999998 -0.0016181 0.000402391 0.0016179 0.999998 0.0152865 0.069087 -0.0399997
FixedParameters: 0 0 0

#Transform 114
Transform: AffineTransform_float_3_3
Parameters: 1 -4.22845e-05 -0.000559905 4.07153e-05 0.999998 -0.00229402 0.000560095 0.00229398 0.999997 0.0229127 0.0981295 0.00369986
FixedParameters: 0 0 0

#Transform 115
Transform: AffineTransform_float_3_3
Parameters: 1 -0.000206805 -0.000533688 0.000206196 0.999999 -0.00150811 0.000533311 0.00150789 0.999998 0.00835206 0.0664178 -0.0459018
FixedParameters: 0 0 0

#Transform 116
Transform: AffineTransform_float_3_3
Parameters: 1 -4.255e-05 -0.000702908 4.04519e-05 0.999997 -0.00220503 0.000702091 0.00220497 0.999998 0.0132933 0.115083 -0.0459536
FixedParameters: 0 0 0

#Transform 117
Transform: AffineTransform_float_3_3
Parameters: 1 -0.000258993 -0.000537523 0.000258008 0.999999 -0.00184614 0.000537477 0.00184586 0.999998 0.0117149 0.118912 -0.0647359
FixedParameters: 0 0 0

#Transform 118
Transform: AffineTransform_float_3_3
Parameters: 0.999999 -4.28649e-05 -0.000733894 4.11347e-05 0.999997 -0.00254103 0.000734107 0.00254097 0.999997 0.0206956 0.139669 -0.0523703
FixedParameters: 0 0 0

#Transform 119
Transform: AffineTransform_float_3_3
Parameters: 1 -4.19504e-05 -0.000515924 4.10495e-05 0.999999 -0.00184202 0.000516077 0.00184198 0.999998 0.0206554 0.0586868 -0.0532517
FixedParameters: 0 0 0

#Transform 120
Transform: AffineTransform_float_3_3
Parameters: 1 -0.000437912 -0.000481172 0.000437089 0.999998 -0.00189221 0.000481828 0.00189279 0.999998 0.0192286 0.0703784 -0.00534638
FixedParameters: 0 0 0

#Transform 121
Transform: AffineTransform_float_3_3
Parameters: 0.999999 -0.000352935 -0.000682517 0.000352064 0.999999 -0.00137024 0.000683483 0.00136976 0.999999 0.0364171 0.0810113 -0.0242361
FixedParameters: 0 0 0

#Transform 122
Transform: AffineTransform_float_3_3
Parameters: 0.999999 -4.30537e-05 -0.000815894 4.0946e-05 0.999997 -0.00251704 0.000816106 0.00251697 0.999997 0.0383634 0.090914 0.0328761
FixedParameters: 0 0 0

#Transform 123
Transform: AffineTransform_float_3_3
Parameters: 0.999999 -4.24272e-05 -0.000895933 4.05726e-05 0.999998 -0.00159304 0.000896066 0.00159296 0.999999 0.0388672 0.0965658 -0.0245875
FixedParameters: 0 0 0

#Transform 124
Transform: AffineTransform_float_3_3
Parameters: 0.999999 -4.33322e-05 -0.000926894 4.06675e-05 0.999997 -0.00251604 0.000927105 0.00251596 0.999997 0.0315417 0.114385 -0.00883422
FixedParameters: 0 0 0

#Transform 125
Transform: AffineTransform_float_3_3
Parameters: 0.999999 -9.45403e-05 -0.000783815 9.34592e-05 0.999998 -0.00196507 0.000784185 0.00196493 0.999998 0.0261471 0.123588 -0.0608801
FixedParameters: 0 0 0

#Transform 126
Transform: AffineTransform_float_3_3
Parameters: 1 -4.31898e-05 -0.000913899 4.08099e-05 0.999997 -0.00239604 0.000914101 0.00239596 0.999996 0.0170633 0.128868 -0.0357505
FixedParameters: 0 0 0

#Transform 127
Transform: AffineTransform_float_3_3
Parameters: 0.999999 -4.20173e-05 -0.000733942 4.09826e-05 0.999999 -0.00138603 0.000734057 0.00138597 0.999999 0.0316733 0.0504421 -0.0360327
FixedParameters: 0 0 0

#Transform 128
Transform: AffineTransform_float_3_3
Parameters: 1 -4.23996e-05 -0.00064791 4.06002e-05 0.999997 -0.00216003 0.000648089 0.00215997 0.999998 0.0186108 0.0830866 -0.00206962
FixedParameters: 0 0 0

#Transform 129
Transform: AffineTransform_float_3_3
Parameters: 1 -0.000106951 -0.000593829 0.000106048 0.999998 -0.00160206 0.00059417 0.00160194 0.999998 0.0159186 0.0433669 -0.0368683
FixedParameters: 0 0 0

#Transform 130
Transform: AffineTransform_float_3_3
Parameters: 1 -4.21063e-05 -0.00050791 4.08934e-05 0.999997 -0.00217802 0.00050809 0.00217798 0.999998 0.0166409 0.0639327 -0.00819934
FixedParameters: 0 0 0

#Transform 131
Transform: AffineTransform_float_3_3
Parameters: 1 -4.18224e-05 -0.000401915 4.11774e-05 0.999998 -0.00204602 0.000402085 0.00204598 0.999998 0.0223774 0.0765955 -0.054731
FixedParameters: 0 0 0

#Transform 132
Transform: AffineTransform_float_3_3
Parameters: 0.999999 -0.000109647 -0.000753762 0.000108352 0.999997 -0.00218508 0.000754239 0.00218492 0.999998 0.0158647 0.107926 -0.0609025
FixedParameters: 0 0 0

#Transform 133
Transform: AffineTransform_float_3_3
Parameters: 1 -4.26088e-05 -0.00061189 4.13909e-05 0.999997 -0.00262903 0.000612111 0.00262898 0.999997 0.0139748 0.1371 -0.0754775
FixedParameters: 0 0 0

#Transform 134
Transform: AffineTransform_float_3_3
Parameters: 0.999999 -4.27051e-05 -0.000778908 4.12946e-05 0.999997 -0.00218903 0.000779092 0.00218897 0.999998 0.0239405 0.0871045 -0.0529281
FixedParameters: 0 0 0

#Transform 135
Transform: AffineTransform_float_3_3
Parameters: 0.999999 -4.23807e-05 -0.000793927 4.06191e-05 0.999998 -0.00173903 0.000794072 0.00173897 0.999998 0.0382701 0.0554646 -0.00781704
FixedParameters: 0 0 0

#Transform 136
Transform: AffineTransform_float_3_3
Parameters: 0.999999 -4.27688e-05 -0.000746901 4.1231e-05 0.999997 -0.00236803 0.000747099 0.00236797 0.999997 0.0314824 0.0879522 0.0204473
FixedParameters: 0 0 0

#Transform 137
Transform: AffineTransform_float_3_3
Parameters: 0.999999 -4.22794e-05 -0.000815935 4.0722e-05 0.999999 -0.00156803 0.000815065 0.00156797 0.999999 0.0383492 0.0692796 0.0304975
FixedParameters: 0 0 0

#Transform 138
Transform: AffineTransform_float_3_3
Parameters: 0.999999 -0.000249924 -0.000911474 0.000248074 0.999997 -0.00211123 0.000912526 0.00211077 0.999998 0.0255597 0.0956747 0.057621
FixedParameters: 0 0 0

#Transform 139
Transform: AffineTransform_float_3_3
Parameters: 0.999999 -4.25315e-05 -0.000815921 4.04702e-05 0.999998 -0.00187703 0.000815077 0.00187697 0.999998 0.0293251 0.111794 -0.027795
FixedParameters: 0 0 0

#Transform 140
Transform: AffineTransform_float_3_3
Parameters: 0.999999 -0.00046408 -0.000814819 0.000461922 0.999996 -0.00255038 0.000815181 0.00255062 0.999997 0.0188821 0.119123 -0.0346084
FixedParameters: 0 0 0

#Transform 141
Transform: AffineTransform_float_3_3
Parameters: 0.999999 -0.000287764 -0.000815379 0.000285236 0.999997 -0.00216323 0.000815619 0.00216277 0.999998 0.0144773 0.0913885 -0.0369732
FixedParameters: 0 0 0

#Transform 142
Transform: AffineTransform_float_3_3
Parameters: 0.999999 -0.00017588 -0.00088963 0.000173119 0.999998 -0.00211316 0.000890368 0.00211284 0.999998 0.0383013 0.0439746 0.0515702
FixedParameters: 0 0 0

#Transform 143
Transform: AffineTransform_float_3_3
Parameters: 0.999999 -0.000186106 -0.000815748 0.000184895 0.999999 -0.00135615 0.000815251 0.00135585 0.999998 0.037745 0.0356351 0.0803091
FixedParameters: 0 0 0

#Transform 144
Transform: AffineTransform_float_3_3
Parameters: 0.999999 -0.00044302 -0.00133233 0.000440981 0.999999 -0.00151559 0.00133267 0.00151541 0.999998 0.0396735 0.0470985 0.100081
FixedParameters: 0 0 0

#Transform 145
Transform: AffineTransform_float_3_3
Parameters: 1 -0.00044198 -0.000956549 0.000441021 1 -0.00102342 0.000957452 0.00102358 0.999999 0.042091 0.0512342 0.0609397
FixedParameters: 0 0 0

#Transform 146
Transform: AffineTransform_float_3_3
Parameters: 0.999999 -0.000186533 -0.00123362 0.000183466 0.999998 -0.00205323 0.00123438 0.00205277 0.999997 0.0402312 0.0922929 0.0513936
FixedParameters: 0 0 0

#Transform 147
Transform: AffineTransform_float_3_3
Parameters: 1 -0.000139081 -0.00102472 0.000136921 0.999998 -0.00203014 0.00102428 0.00203086 0.999998 0.0392408 0.106001 -0.0241179
FixedParameters: 0 0 0

#Transform 148
Transform: AffineTransform_float_3_3
Parameters: 0.999999 -9.4243e-05 -0.000875761 9.17562e-05 0.999996 -0.00256108 0.000876238 0.00256092 0.999997 0.0319943 0.127338 -0.0378074
FixedParameters: 0 0 0

#Transform 149
Transform: AffineTransform_float_3_3
Parameters: 0.999999 -0.000119013 -0.000916741 0.000116986 0.999997 -0.00219611 0.000917259 0.00219589 0.999997 0.0206593 0.0939475 -0.0464662
FixedParameters: 0 0 0

#Transform 150
Transform: AffineTransform_float_3_3
Parameters: 0.999999 -0.000123767 -0.000815734 0.000122234 0.999997 -0.0021661 0.000815267 0.0021659 0.999998 0.0201143 0.0705026 -0.0206334
FixedParameters: 0 0 0

#Transform 151
Transform: AffineTransform_float_3_3
Parameters: 0.999999 -0.000442506 -0.000815184 0.000441494 0.999998 -0.00184736 0.000815816 0.00184664 0.999998 0.0231342 0.0504948 0.00293598
FixedParameters: 0 0 0

#Transform 152
Transform: AffineTransform_float_3_3
Parameters: 0.999999 -0.000216024 -0.000815466 0.000213977 0.999997 -0.00248117 0.000815533 0.00248182 0.999996 0.0309336 0.0814318 0.0584142
FixedParameters: 0 0 0

#Transform 153
Transform: AffineTransform_float_3_3
Parameters: 0.999999 -0.000442908 -0.00116328 0.000441091 0.999998 -0.00163951 0.00116473 0.00163948 0.999998 0.0437893 0.065446 0.0497997
FixedParameters: 0 0 0

#Transform 154
Transform: AffineTransform_float_3_3
Parameters: 0.999999 -0.000193318 -0.00129751 0.00019068 0.999996 -0.00255725 0.00129849 0.00255675 0.999996 0.045513 0.0986962 0.0568353
FixedParameters: 0 0 0

#Transform 155
Transform: AffineTransform_float_3_3
Parameters: 0.999999 -0.000201799 -0.00129757 0.0001992 0.999997 -0.00215726 0.00129843 0.00215674 0.999997 0.0338183 0.102147 -0.0211738
FixedParameters: 0 0 0

#Transform 156
Transform: AffineTransform_float_3_3
Parameters: 0.999999 -0.000248017 -0.000902448 0.000245982 0.999998 -0.00223422 0.000903552 0.00223478 0.999997 0.0173437 0.112903 -0.0440679
FixedParameters: 0 0 0

#Transform 157
Transform: AffineTransform_float_3_3
Parameters: 1 -0.00010467 -0.00102673 0.000101329 0.999996 -0.0026001 0.00102727 0.00259989 0.999996 0.0218294 0.11026 -0.0422096
FixedParameters: 0 0 0

#Transform 158
Transform: AffineTransform_float_3_3
Parameters: 0.999999 -0.000442506 -0.000787154 0.000441493 0.999998 -0.00191335 0.000787846 0.00191265 0.999998 0.0186806 0.0542991 -0.0233122
FixedParameters: 0 0 0

#Transform 159
Transform: AffineTransform_float_3_3
Parameters: 1 -0.000443402 -0.00100795 0.000440598 0.999997 -0.00238244 0.00100905 0.00238155 0.999996 0.0247481 0.069816 0.0162163
FixedParameters: 0 0 0

#Transform 160
Transform: AffineTransform_float_3_3
Parameters: 1 -0.000441294 -0.00105488 0.000440707 1 -0.000278465 0.00105512 0.000278535 1 0.0370427 0.076466 -0.00722069
FixedParameters: 0 0 0

#Transform 161
Transform: AffineTransform_float_3_3
Parameters: 1 -0.000241467 -0.00100541 0.000239532 0.999997 -0.00245324 0.00100659 0.00245276 0.999996 0.0436538 0.0830195 0.0734151
FixedParameters: 0 0 0

#Transform 162
Transform: AffineTransform_float_3_3
Parameters: 0.999999 -0.000337919 -0.000876646 0.000337081 1 -0.0010483 0.000877353 0.0010477 0.999999 0.0362338 0.0976571 -0.030858
FixedParameters: 0 0 0

#Transform 163
Transform: AffineTransform_float_3_3
Parameters: 0.999999 -0.000297016 -0.00119025 0.000294983 0.999996 -0.00253235 0.00119175 0.00253265 0.999996 0.0306392 0.135944 -0.0108406
FixedParameters: 0 0 0

#Transform 164
Transform: AffineTransform_float_3_3
Parameters: 0.999999 -0.000336146 -0.000992275 0.000333853 0.999997 -0.00216133 0.000993724 0.00216167 0.999997 0.0305198 0.145928 -0.0634213
FixedParameters: 0 0 0

#Transform 165
Transform: AffineTransform_float_3_3
Parameters: 1 -0.000443781 -0.0010268 0.000441221 0.999996 -0.00270745 0.0010272 0.00270655 0.999996 0.0202007 0.135081 -0.0269772
FixedParameters: 0 0 0

#Transform 166
Transform: AffineTransform_float_3_3
Parameters: 1 -0.00057629 -0.000811086 0.00057571 0.999998 -0.00158947 0.000811917 0.00158953 0.999999 0.0173616 0.0659679 -0.0393896
FixedParameters: 0 0 0

#Transform 167
Transform: AffineTransform_float_3_3
Parameters: 0.999999 -0.000442992 -0.00084696 0.000441007 0.999997 -0.00235137 0.000848039 0.00235063 0.999997 0.0254594 0.0920486 0.0430754
FixedParameters: 0 0 0

#Transform 168
Transform: AffineTransform_float_3_3
Parameters: 1 -0.000442773 -0.000884115 0.000441228 0.999998 -0.00200339 0.000884886 0.00200361 0.999997 0.0335166 0.0519751 0.028445
FixedParameters: 0 0 0

#Transform 169
Transform: AffineTransform_float_3_3
Parameters: 0.999999 -0.000443196 -0.000870885 0.000440802 0.999996 -0.00252139 0.000872114 0.00252062 0.999997 0.0353396 0.0929868 0.055754
FixedParameters: 0 0 0

#Transform 170
Transform: AffineTransform_float_3_3
Parameters: 0.999999 -0.000443098 -0.000906977 0.000440902 0.999997 -0.0023124 0.000908021 0.0023116 0.999997 0.0278283 0.080117 0.0167575
FixedParameters: 0 0 0

#Transform 171
Transform: AffineTransform_float_3_3
Parameters: 1 -0.000443635 -0.000973805 0.000441366 0.999996 -0.00270343 0.000975197 0.00270357 0.999996 0.0334677 0.128714 0.0115187
FixedParameters: 0 0 0

#Transform 172
Transform: AffineTransform_float_3_3
Parameters: 0.999999 -0.00020004 -0.00092256 0.000197961 0.999998 -0.00221119 0.00092244 0.00221082 0.999997 0.0246697 0.12969 -0.0569281
FixedParameters: 0 0 0

#Transform 173
Transform: AffineTransform_float_3_3
Parameters: 0.999999 -0.000182719 -0.00085142 0.000179282 0.999995 -0.00319315 0.000851576 0.00319284 0.999994 0.0273875 0.146189 -0.0291745
FixedParameters: 0 0 0

#Transform 174
Transform: AffineTransform_float_3_3
Parameters: 0.999999 -0.00019259 -0.000703567 0.000191409 0.999998 -0.00225914 0.000704434 0.00225887 0.999997 0.0216102 0.0722751 -0.0141935
FixedParameters: 0 0 0

#Transform 175
Transform: AffineTransform_float_3_3
Parameters: 0.999999 -0.000108669 -0.000806776 0.000107331 0.999998 -0.00206809 0.000807223 0.00206791 0.999997 0.0203069 0.06323 0.00839835
FixedParameters: 0 0 0

#Transform 176
Transform: AffineTransform_float_3_3
Parameters: 0.999999 -0.000278837 -0.000804365 0.000277161 0.999998 -0.00228322 0.000805635 0.00228278 0.999997 0.0146717 0.104969 0.00932839
FixedParameters: 0 0 0

#Transform 177
Transform: AffineTransform_float_3_3
Parameters: 0.999999 -0.00023409 -0.000702637 0.000232909 0.999999 -0.00155116 0.000703362 0.00155083 0.999998 0.0182425 0.0732348 -0.0141714
FixedParameters: 0 0 0

#Transform 178
Transform: AffineTransform_float_3_3
Parameters: 0.999999 -0.000188859 -0.000723517 0.000187139 0.999996 -0.00256914 0.000724483 0.00256886 0.999997 0.01653 0.132708 -0.00247921
FixedParameters: 0 0 0

#Transform 179
Transform: AffineTransform_float_3_3
Parameters: 0.999999 -0.000176236 -0.000698689 0.000174766 0.999999 -0.00176812 0.00069831 0.00176888 0.999998 0.016298 0.134636 -0.0474805
FixedParameters: 0 0 0

#Transform 180
Transform: AffineTransform_float_3_3
Parameters: 0.999999 -0.0004432 -0.000818813 0.000440799 0.999997 -0.00268536 0.000820186 0.00268464 0.999996 0.0100103 0.168096 -0.0433537
FixedParameters: 0 0 0

#Transform 181
Transform: AffineTransform_float_3_3
Parameters: 0.999999 -0.000100203 -0.000734837 9.97966e-05 0.999998 -0.00163707 0.000735164 0.00163693 0.999999 0.0152814 0.0846549 -0.0478216
FixedParameters: 0 0 0

#Transform 182
Transform: AffineTransform_float_3_3
Parameters: 0.999999 -0.000148449 -0.000700694 0.00014755 0.999998 -0.0020681 0.000701306 0.0020679 0.999997 0.01204 0.0838132 0.00330914
FixedParameters: 0 0 0

#Transform 183
Transform: AffineTransform_float_3_3
Parameters: 0.999999 -9.91047e-05 -0.000845871 9.78958e-05 0.999999 -0.00130508 0.000846128 0.00130592 0.999999 0.0318208 0.0730607 -0.0320193
FixedParameters: 0 0 0

#Transform 184
Transform: AffineTransform_float_3_3
Parameters: 0.999999 -0.000220561 -0.000901619 0.000219441 0.999998 -0.0017302 0.000901381 0.0017308 0.999998 0.0430018 0.090849 0.0186646
FixedParameters: 0 0 0

#Transform 185
Transform: AffineTransform_float_3_3
Parameters: 0.999999 -3.61637e-05 -0.00129794 3.38361e-05 0.999998 -0.00166704 0.00129806 0.00166695 0.999998 0.0283911 0.12245 -0.041833
FixedParameters: 0 0 0

#Transform 186
Transform: AffineTransform_float_3_3
Parameters: 0.999999 -6.48664e-05 -0.000869936 6.41344e-05 0.999999 -0.000996056 0.000869064 0.000995944 0.999999 0.0103545 0.147219 -0.0524553
FixedParameters: 0 0 0

#Transform 187
Transform: AffineTransform_float_3_3
Parameters: 0.999999 -0.000118665 -0.00129767 0.000115334 0.999996 -0.00282415 0.00129833 0.00282385 0.999995 0.0154817 0.174692 -0.0737351
FixedParameters: 0 0 0

#Transform 188
Transform: AffineTransform_float_3_3
Parameters: 1 -0.000252331 -0.00109447 0.000250669 0.999997 -0.00212828 0.00109554 0.00212872 0.999997 0.00979938 0.0954239 -0.0737931
FixedParameters: 0 0 0

#Transform 189
Transform: AffineTransform_float_3_3
Parameters: 0.999999 -0.00030331 -0.00129723 0.000300689 0.999996 -0.00255039 0.00129877 0.00255061 0.999996 0.0237699 0.12324 -0.0228185
FixedParameters: 0 0 0

#Transform 190
Transform: AffineTransform_float_3_3
Parameters: 0.999999 -0.000443287 -0.00129722 0.000440714 0.999999 -0.00176257 0.00129778 0.00176243 0.999997 0.0195023 0.105698 -0.0564878
FixedParameters: 0 0 0

#Transform 191
Transform: AffineTransform_float_3_3
