# transform file /out/sourcedata/freesurfer/sub-v2s11x28713_ses-1/mri/transforms/cc_up.lta
# created by oesteban on Tue Mar 10 23:23:13 2026

type      = 0 # LINEAR_VOX_TO_VOX
nxforms   = 1
mean      = 160.0000 163.0000 157.0000
sigma     = 10000.0000
1 4 4
9.983977675437927e-01 8.089932613074780e-03 5.600448697805405e-02 -4.166636276245117e+01 
-8.077234961092472e-03 9.999673366546631e-01 -4.530873557087034e-04 -1.862411880493164e+01 
-5.600631982088089e-02 2.910383045673370e-11 9.984304308891296e-01 -7.103776931762695e-01 
0.000000000000000e+00 0.000000000000000e+00 0.000000000000000e+00 1.000000000000000e+00 
src volume info
valid = 1  # volume info valid
filename = /out/sourcedata/freesurfer/sub-v2s11x28713_ses-1/mri/norm.mgz
volume = 320 320 320
voxelsize = 7.999999523162842e-01 7.999999523162842e-01 7.999999523162842e-01
xras   = -9.999999403953552e-01 0.000000000000000e+00 0.000000000000000e+00
yras   = 0.000000000000000e+00 0.000000000000000e+00 -9.999999403953552e-01
zras   = 0.000000000000000e+00 9.999999403953552e-01 0.000000000000000e+00
cras   = 5.132835388183594e+00 -1.392052459716797e+01 -1.085754394531250e+00
dst volume info
valid = 1  # volume info valid
filename = /out/sourcedata/freesurfer/sub-v2s11x28713_ses-1/mri/norm.mgz
volume = 320 320 320
voxelsize = 7.999999523162842e-01 7.999999523162842e-01 7.999999523162842e-01
xras   = -9.999999403953552e-01 0.000000000000000e+00 0.000000000000000e+00
yras   = 0.000000000000000e+00 0.000000000000000e+00 -9.999999403953552e-01
zras   = 0.000000000000000e+00 9.999999403953552e-01 0.000000000000000e+00
cras   = 5.132835388183594e+00 -1.392052459716797e+01 -1.085754394531250e+00
