# transform file /out/sourcedata/freesurfer/sub-v2s11x28705_ses-1/mri/transforms/cc_up.lta
# created by oesteban on Tue Mar 10 23:33:43 2026

type      = 0 # LINEAR_VOX_TO_VOX
nxforms   = 1
mean      = 157.0000 159.0000 155.0000
sigma     = 10000.0000
1 4 4
9.992368221282959e-01 2.298451773822308e-02 -3.158290311694145e-02 -2.720484542846680e+01 
-2.297304570674896e-02 9.997357726097107e-01 7.261096034198999e-04 -8.468743324279785e+00 
3.159124776721001e-02 0.000000000000000e+00 9.995008707046509e-01 -2.087703514099121e+01 
0.000000000000000e+00 0.000000000000000e+00 0.000000000000000e+00 1.000000000000000e+00 
src volume info
valid = 1  # volume info valid
filename = /out/sourcedata/freesurfer/sub-v2s11x28705_ses-1/mri/norm.mgz
volume = 320 320 320
voxelsize = 8.000000119209290e-01 8.000000119209290e-01 8.000000119209290e-01
xras   = -1.000000000000000e+00 0.000000000000000e+00 0.000000000000000e+00
yras   = 0.000000000000000e+00 0.000000000000000e+00 -1.000000000000000e+00
zras   = 0.000000000000000e+00 1.000000000000000e+00 0.000000000000000e+00
cras   = 7.999954223632812e-01 1.208747100830078e+01 7.414558410644531e+00
dst volume info
valid = 1  # volume info valid
filename = /out/sourcedata/freesurfer/sub-v2s11x28705_ses-1/mri/norm.mgz
volume = 320 320 320
voxelsize = 8.000000119209290e-01 8.000000119209290e-01 8.000000119209290e-01
xras   = -1.000000000000000e+00 0.000000000000000e+00 0.000000000000000e+00
yras   = 0.000000000000000e+00 0.000000000000000e+00 -1.000000000000000e+00
zras   = 0.000000000000000e+00 1.000000000000000e+00 0.000000000000000e+00
cras   = 7.999954223632812e-01 1.208747100830078e+01 7.414558410644531e+00
