#Insight Transform File V1.0
#Transform 0
Transform: AffineTransform_float_3_3
Parameters: 0.999999 -0.000672394 -0.000370286 0.000672606 0.999999 -0.00106225 0.000371714 0.00106175 1 -0.0725683 -0.0290264 0.157176
FixedParameters: 0 0 0

#Transform 1
Transform: AffineTransform_float_3_3
Parameters: 0.999999 -0.000747068 -5.60961e-05 0.000746931 0.999999 -0.00121004 5.69038e-05 0.00120996 1 -0.0806597 -0.00972574 0.145647
FixedParameters: 0 0 0

#Transform 2
Transform: AffineTransform_float_3_3
Parameters: 0.999999 -0.00079783 0.000180752 0.00079817 0.999999 -0.000942856 -0.000180248 0.000942144 0.999999 -0.0825444 -0.0115131 0.11747
FixedParameters: 0 0 0

#Transform 3
Transform: AffineTransform_float_3_3
Parameters: 1 -0.000672482 -0.000766578 0.000672519 0.999999 -0.000628515 0.000766423 0.000628484 0.999999 0.0200282 -0.0405042 0.0710405
FixedParameters: 0 0 0

#Transform 4
Transform: AffineTransform_float_3_3
Parameters: 0.999999 -5.76629e-05 -0.00126997 5.6337e-05 1 -0.000522072 0.00127003 0.000521927 0.999999 -0.00462412 -0.0433924 0.0632782
FixedParameters: 0 0 0

#Transform 5
Transform: AffineTransform_float_3_3
Parameters: 0.999999 -0.000219108 -0.000921974 0.000218892 1 -0.000117202 0.000922025 0.000116798 0.999999 -9.90189e-05 -0.0115115 0.0324549
FixedParameters: 0 0 0

#Transform 6
Transform: AffineTransform_float_3_3
Parameters: 0.999999 0.000419334 -0.00127022 -0.000419666 1 -0.000524467 0.00126978 0.000524533 0.999999 -0.0956129 0.0342663 -0.0465693
FixedParameters: 0 0 0

#Transform 7
Transform: AffineTransform_float_3_3
Parameters: 0.999999 0.000293511 -0.00127011 -0.000293489 1 -0.000384628 0.00126989 0.000385373 0.999999 -0.154683 0.0338536 -0.00635447
FixedParameters: 0 0 0

#Transform 8
Transform: AffineTransform_float_3_3
Parameters: 0.999999 0.000107872 -0.000959013 -0.000108127 1 -0.000132896 0.000958985 0.000133103 0.999999 -0.188519 0.0287755 0.0366297
FixedParameters: 0 0 0

#Transform 9
Transform: AffineTransform_float_3_3
Parameters: 0.999999 -0.000177623 -0.000901877 0.000177376 0.999999 -0.00069116 0.000902123 0.00069084 1 -0.120856 -0.000243929 0.0388609
FixedParameters: 0 0 0

#Transform 10
Transform: AffineTransform_float_3_3
Parameters: 1 -6.12557e-05 -0.000272943 6.07441e-05 0.999999 -0.000937016 0.000273057 0.000936982 0.999999 -0.105427 0.0137487 0.00469036
FixedParameters: 0 0 0

#Transform 11
Transform: AffineTransform_float_3_3
Parameters: 0.999999 -0.000317678 -0.000656672 0.000317321 1 -0.00103321 0.000657328 0.00103279 1 -0.0368146 0.00252405 0.00497414
FixedParameters: 0 0 0

#Transform 12
Transform: AffineTransform_float_3_3
Parameters: 0.999999 -0.000581455 -0.000484455 0.000580545 1 -0.000937282 0.000485545 0.000937719 1 0.00886324 0.0138458 -0.00411448
FixedParameters: 0 0 0

#Transform 13
Transform: AffineTransform_float_3_3
Parameters: 1 -0.000581713 -0.000825499 0.000580288 1 -0.00086248 0.000826502 0.00086252 1 0.0957018 -0.0163424 0.0217871
FixedParameters: 0 0 0

#Transform 14
Transform: AffineTransform_float_3_3
Parameters: 1 -0.000386824 -0.000378179 0.000387175 1 0.000463853 0.00037782 -0.000464146 1 0.0730616 0.00619281 0.0290313
FixedParameters: 0 0 0

#Transform 15
Transform: AffineTransform_float_3_3
Parameters: 1 -0.00063904 8.57034e-05 0.00063896 0.999999 0.000464055 -8.62971e-05 -0.000464945 1 0.00817925 0.00700394 0.0380433
FixedParameters: 0 0 0

#Transform 16
Transform: AffineTransform_float_3_3
Parameters: 0.999999 -0.000686004 -0.000171984 0.000685996 1 -2.3118e-05 0.000172016 2.2882e-05 1 -0.0771221 0.00970838 0.0633121
FixedParameters: 0 0 0

#Transform 17
Transform: AffineTransform_float_3_3
Parameters: 1 -0.000339034 0.0001149 0.000338966 1 0.000294039 -0.0001151 -0.000293961 1 -0.146472 0.00209571 0.0560994
FixedParameters: 0 0 0

#Transform 18
Transform: AffineTransform_float_3_3
Parameters: 1 -0.000208989 -6.30378e-05 0.000209011 1 0.000180987 6.29622e-05 -0.000181013 1 -0.116653 0.0246065 0.0214537
FixedParameters: 0 0 0

#Transform 19
Transform: AffineTransform_float_3_3
Parameters: 1 -0.000339208 0.00044084 0.000338792 1 0.000472149 -0.00044016 -0.000472851 1 -0.149602 0.0270075 0.0222942
FixedParameters: 0 0 0

#Transform 20
Transform: AffineTransform_float_3_3
Parameters: 1 -0.000339004 -2.79552e-05 0.000338996 1 -0.000132009 2.80447e-05 0.00013199 1 0.00650539 -0.0286113 -0.0141802
FixedParameters: 0 0 0

#Transform 21
Transform: AffineTransform_float_3_3
Parameters: 1 -0.000338987 -7.50603e-05 0.000339013 1 0.000177975 7.49396e-05 -0.000178025 1 -0.031075 0.0260699 0.0030703
FixedParameters: 0 0 0

#Transform 22
Transform: AffineTransform_float_3_3
Parameters: 1 -0.000338939 -0.00034306 0.000339061 1 0.000177884 0.00034294 -0.000178116 1 0.0280008 0.0242872 0.0103925
FixedParameters: 0 0 0

#Transform 23
Transform: AffineTransform_float_3_3
Parameters: 1 3.09065e-05 8.40345e-05 -3.10935e-05 1 0.001113 -8.39655e-05 -0.001113 1 -0.0608026 0.0296874 0.0209273
FixedParameters: 0 0 0

#Transform 24
Transform: AffineTransform_float_3_3
Parameters: 1 3.48981e-05 0.000122029 -3.51018e-05 0.999999 0.000834995 -0.000121971 -0.000835004 0.999999 -0.0270578 0.0357933 0.0190925
FixedParameters: 0 0 0

#Transform 25
Transform: AffineTransform_float_3_3
Parameters: 1 -8.61518e-05 0.000121893 8.58481e-05 0.999999 0.00124501 -0.000122107 -0.00124499 0.999999 -0.056201 0.0511641 0.00991202
FixedParameters: 0 0 0

#Transform 26
Transform: AffineTransform_float_3_3
Parameters: 1 -0.000154126 0.000121841 0.000153874 1 0.00103002 -0.000122159 -0.00102998 1 -0.0385383 0.0419806 -0.014574
FixedParameters: 0 0 0

#Transform 27
Transform: AffineTransform_float_3_3
Parameters: 1 -0.000130341 0.00037188 0.000129658 0.999999 0.000918047 -0.000372119 -0.000917951 0.999999 -0.0190772 0.0506052 -0.00480253
FixedParameters: 0 0 0

#Transform 28
Transform: AffineTransform_float_3_3
Parameters: 1 -0.000339187 0.000177644 0.000338814 1 0.00105006 -0.000177356 -0.00104994 1 0.0486284 0.0504211 -0.0191394
FixedParameters: 0 0 0

#Transform 29
Transform: AffineTransform_float_3_3
Parameters: 1 0.000241902 8.72715e-05 -0.000242098 1 0.00112198 -8.67284e-05 -0.00112202 1 -0.029765 0.0619478 -0.00452209
FixedParameters: 0 0 0

#Transform 30
Transform: AffineTransform_float_3_3
Parameters: 0.999999 0.000928446 0.000436179 -0.000929552 0.999999 0.0012696 -0.000434819 -0.0012704 0.999999 -0.064712 0.0580769 0.0122306
FixedParameters: 0 0 0

#Transform 31
Transform: AffineTransform_float_3_3
Parameters: 1 0.000509508 0.00110569 -0.000511492 0.999999 0.00134943 -0.00110531 -0.00135056 0.999998 -0.117178 0.0755572 0.0263403
FixedParameters: 0 0 0

#Transform 32
Transform: AffineTransform_float_3_3
Parameters: 1 0.000509673 0.00109762 -0.000511327 0.999999 0.00120944 -0.00109638 -0.00120956 0.999998 -0.142607 0.0647708 0.00925865
FixedParameters: 0 0 0

#Transform 33
Transform: AffineTransform_float_3_3
Parameters: 1 0.000669933 0.00083286 -0.000671068 0.999999 0.00128244 -0.00083214 -0.00128256 0.999999 -0.124368 0.061134 -0.00842786
FixedParameters: 0 0 0

#Transform 34
Transform: AffineTransform_float_3_3
Parameters: 0.999999 0.000845168 0.00109841 -0.000846832 0.999998 0.00166907 -0.00109659 -0.00166993 0.999998 -0.115919 0.0424779 -0.00861378
FixedParameters: 0 0 0

#Transform 35
Transform: AffineTransform_float_3_3
Parameters: 0.999999 0.00100241 0.00096565 -0.00100359 0.999998 0.00164403 -0.000964351 -0.00164497 0.999998 -0.0272822 0.0420684 -0.0241043
FixedParameters: 0 0 0

#Transform 36
Transform: AffineTransform_float_3_3
Parameters: 0.999999 0.00100589 0.000750485 -0.00100711 0.999999 0.00147525 -0.000748515 -0.00147575 0.999998 -0.0515439 0.0431347 -0.0226098
FixedParameters: 0 0 0

#Transform 37
Transform: AffineTransform_float_3_3
Parameters: 0.999999 0.000866191 0.000433618 -0.000866808 0.999998 0.00186663 -0.000432382 -0.00186738 0.999998 -0.0500816 0.0531272 -0.0036757
FixedParameters: 0 0 0

#Transform 38
Transform: AffineTransform_float_3_3
Parameters: 1 0.000552213 -0.000112962 -0.000551787 0.999998 0.00188006 0.000114038 -0.00187994 0.999998 -0.178083 0.0913668 0.0290374
FixedParameters: 0 0 0

#Transform 39
Transform: AffineTransform_float_3_3
Parameters: 1 0.00067039 -0.000220821 -0.00066961 0.999998 0.00175915 0.000222179 -0.00175985 0.999999 -0.210668 0.0838749 0.0468044
FixedParameters: 0 0 0

#Transform 40
Transform: AffineTransform_float_3_3
Parameters: 1 0.000450623 -0.000303075 -0.000449377 0.999998 0.00205414 0.000303924 -0.00205386 0.999998 -0.215 0.106007 0.0128788
FixedParameters: 0 0 0

#Transform 41
Transform: AffineTransform_float_3_3
Parameters: 1 0.000549088 -5.10605e-05 -0.000549912 0.999999 0.00171103 5.19409e-05 -0.00171097 0.999998 -0.23618 0.0815706 0.0574223
FixedParameters: 0 0 0

#Transform 42
Transform: AffineTransform_float_3_3
Parameters: 1 4.76475e-05 0.000135125 -4.73522e-05 0.999996 0.00260999 -0.000134877 -0.00261 0.999996 -0.203641 0.0804191 0.0322209
FixedParameters: 0 0 0

#Transform 43
Transform: AffineTransform_float_3_3
Parameters: 1 4.74024e-05 0.000346083 -4.75974e-05 0.999998 0.00172698 -0.000345918 -0.00172702 0.999999 -0.161488 0.0514493 0.0644815
FixedParameters: 0 0 0

#Transform 44
Transform: AffineTransform_float_3_3
Parameters: 1 4.65495e-05 0.000651105 -4.74525e-05 0.999998 0.00222797 -0.000651896 -0.00222803 0.999998 -0.15149 0.0723855 0.0319663
FixedParameters: 0 0 0

#Transform 45
Transform: AffineTransform_float_3_3
Parameters: 1 4.71204e-05 0.000548076 -4.78795e-05 0.999998 0.00160497 -0.000547924 -0.00160502 0.999998 -0.0929996 0.0521554 0.0448276
FixedParameters: 0 0 0

#Transform 46
Transform: AffineTransform_float_3_3
Parameters: 1 4.70232e-05 0.000649071 -4.79767e-05 0.999999 0.00150497 -0.000648928 -0.00150503 0.999998 -0.0673755 0.0709722 0.0189771
FixedParameters: 0 0 0

#Transform 47
Transform: AffineTransform_float_3_3
Parameters: 1 4.72893e-05 0.000498068 -4.77106e-05 0.999999 0.00142698 -0.000497932 -0.00142702 0.999999 -0.00206844 0.0532558 0.0241591
FixedParameters: 0 0 0

#Transform 48
Transform: AffineTransform_float_3_3
Parameters: 1 4.76619e-05 0.000248065 -4.7338e-05 0.999999 0.00136299 -0.000247936 -0.00136301 0.999999 -0.0682436 0.0709616 0.0112374
FixedParameters: 0 0 0

#Transform 49
Transform: AffineTransform_float_3_3
Parameters: 1 4.76227e-05 0.000248073 -4.73771e-05 0.999999 0.00152099 -0.000247928 -0.00152101 0.999999 -0.08663 0.0651852 0.0186852
FixedParameters: 0 0 0

#Transform 50
Transform: AffineTransform_float_3_3
Parameters: 1 4.74945e-05 0.000248097 -4.75056e-05 0.999998 0.00203899 -0.000247904 -0.00203801 0.999998 -0.189353 0.0703873 0.0220935
FixedParameters: 0 0 0

#Transform 51
Transform: AffineTransform_float_3_3
Parameters: 1 4.70842e-05 0.000556078 -4.79156e-05 0.999998 0.00164697 -0.000555922 -0.00164703 0.999999 -0.227166 0.0657362 0.0392559
FixedParameters: 0 0 0

#Transform 52
Transform: AffineTransform_float_3_3
Parameters: 0.999999 4.69065e-05 0.000762068 -4.80948e-05 0.999999 0.00143496 -0.000762931 -0.00143504 0.999998 -0.210471 0.0748608 0.0347901
FixedParameters: 0 0 0

#Transform 53
Transform: AffineTransform_float_3_3
Parameters: 0.999999 -1.54049e-05 0.000852976 1.45951e-05 0.999998 0.00164701 -0.000853025 -0.00164699 0.999999 -0.178643 0.0667743 0.00746918
FixedParameters: 0 0 0

#Transform 54
Transform: AffineTransform_float_3_3
Parameters: 0.999999 -0.000134001 0.000725816 0.000132999 0.999999 0.0013781 -0.000726184 -0.0013789 0.999999 -0.104885 0.0541477 0.0059344
FixedParameters: 0 0 0

#Transform 55
Transform: AffineTransform_float_3_3
Parameters: 1 -3.58674e-05 0.000634951 3.51325e-05 0.999999 0.00136602 -0.000635048 -0.00136598 0.999999 -0.0369847 0.0538043 -0.0179576
FixedParameters: 0 0 0

#Transform 56
Transform: AffineTransform_float_3_3
Parameters: 1 -0.000400079 5.44195e-05 0.00039992 0.999999 0.00145102 -5.55803e-05 -0.00145098 0.999999 0.011333 0.0544505 -0.0518431
FixedParameters: 0 0 0

#Transform 57
Transform: AffineTransform_float_3_3
Parameters: 1 4.76102e-05 0.000241077 -4.73896e-05 0.999998 0.00161699 -0.000240924 -0.00161701 0.999998 -0.0693865 0.0520025 -0.0218833
FixedParameters: 0 0 0

#Transform 58
Transform: AffineTransform_float_3_3
Parameters: 1 -0.000334411 0.000256465 0.00033359 0.999998 0.00160008 -0.000256534 -0.00159991 0.999998 -0.102977 0.0626692 0.00935176
FixedParameters: 0 0 0

#Transform 59
Transform: AffineTransform_float_3_3
Parameters: 1 -6.83066e-06 0.000405987 6.16931e-06 0.999998 0.002046 -0.000406013 -0.002046 0.999998 -0.178494 0.0715776 0.0071048
FixedParameters: 0 0 0

#Transform 60
Transform: AffineTransform_float_3_3
Parameters: 1 4.7261e-05 0.000406087 -4.77389e-05 0.999999 0.00181998 -0.000405914 -0.00182002 0.999999 -0.152241 0.0607352 -0.0134204
FixedParameters: 0 0 0

#Transform 61
Transform: AffineTransform_float_3_3
Parameters: 0.999999 -5.91367e-06 0.000856989 4.0863e-06 0.999998 0.00223301 -0.000857011 -0.002233 0.999997 -0.175167 0.0692338 -0.00266316
FixedParameters: 0 0 0

#Transform 62
Transform: AffineTransform_float_3_3
Parameters: 0.999999 4.64175e-05 0.000790094 -4.75822e-05 0.999998 0.00200296 -0.000789906 -0.00200304 0.999997 -0.0808199 0.0737802 -0.0276347
FixedParameters: 0 0 0

#Transform 63
Transform: AffineTransform_float_3_3
Parameters: 0.999999 4.56328e-05 0.00104011 -4.73669e-05 0.999998 0.00227595 -0.00103989 -0.00227605 0.999997 -0.0885157 0.0799155 0.00406697
FixedParameters: 0 0 0

#Transform 64
Transform: AffineTransform_float_3_3
Parameters: 1 4.69466e-05 0.000474106 -4.80553e-05 0.999997 0.00222198 -0.000474895 -0.00222202 0.999998 -0.0388842 0.0893321 -0.00739877
FixedParameters: 0 0 0

#Transform 65
Transform: AffineTransform_float_3_3
Parameters: 0.999999 4.60247e-05 0.000799116 -4.7975e-05 0.999997 0.00247196 -0.000798883 -0.00247204 0.999996 -0.103058 0.0771313 0.01405
FixedParameters: 0 0 0

#Transform 66
Transform: AffineTransform_float_3_3
Parameters: 0.999999 -7.74418e-06 0.000759984 6.25578e-06 0.999998 0.00229501 -0.000760016 -0.002295 0.999997 -0.104767 0.0784066 0.0173224
FixedParameters: 0 0 0

#Transform 67
Transform: AffineTransform_float_3_3
Parameters: 1 4.54045e-05 0.0011681 -4.75951e-05 0.999997 0.00222194 -0.0011679 -0.00222205 0.999997 -0.135797 0.0898693 0.00379821
FixedParameters: 0 0 0

#Transform 68
Transform: AffineTransform_float_3_3
Parameters: 1 -0.000125322 0.00104472 0.000122678 0.999997 0.00222213 -0.00104528 -0.00222187 0.999997 -0.106864 0.0819027 0.00418197
FixedParameters: 0 0 0

#Transform 69
Transform: AffineTransform_float_3_3
Parameters: 1 4.53376e-05 0.00115211 -4.76622e-05 0.999998 0.00231095 -0.00115189 -0.00231105 0.999996 -0.112834 0.0869164 0.00358054
FixedParameters: 0 0 0

#Transform 70
Transform: AffineTransform_float_3_3
Parameters: 0.999999 -4.72693e-05 0.000984893 4.47304e-05 0.999998 0.00230405 -0.000985105 -0.00230396 0.999997 -0.0385474 0.0767027 -0.0145615
FixedParameters: 0 0 0

#Transform 71
Transform: AffineTransform_float_3_3
Parameters: 0.999999 4.62513e-05 0.000782105 -4.77484e-05 0.999998 0.00223596 -0.000781895 -0.00223604 0.999997 -0.0478054 0.0805724 0.00503176
FixedParameters: 0 0 0

#Transform 72
Transform: AffineTransform_float_3_3
Parameters: 0.999999 4.60059e-05 0.000918102 -4.79937e-05 0.999997 0.00217196 -0.000917898 -0.00217204 0.999997 -0.0541997 0.0795308 -0.0157074
FixedParameters: 0 0 0

#Transform 73
Transform: AffineTransform_float_3_3
Parameters: 1 4.64394e-05 0.000618119 -4.75603e-05 0.999997 0.00252497 -0.000617882 -0.00252503 0.999996 -0.136796 0.0866767 0.00439572
FixedParameters: 0 0 0

#Transform 74
Transform: AffineTransform_float_3_3
Parameters: 0.999999 4.58267e-05 0.000887114 -4.7173e-05 0.999997 0.00244996 -0.000886886 -0.00245004 0.999996 -0.165083 0.0711783 0.0076142
FixedParameters: 0 0 0

#Transform 75
Transform: AffineTransform_float_3_3
Parameters: 1 -0.000144777 0.00115366 0.000142224 0.999997 0.00240717 -0.00115335 -0.00240684 0.999997 -0.150884 0.0854218 0.00324574
FixedParameters: 0 0 0

#Transform 76
Transform: AffineTransform_float_3_3
Parameters: 0.999999 -0.000139416 0.00148859 0.000134584 0.999995 0.0029652 -0.0014894 -0.00296579 0.999994 -0.153057 0.0825191 -0.000129672
FixedParameters: 0 0 0

#Transform 77
Transform: AffineTransform_float_3_3
Parameters: 0.999999 -0.000258375 0.00141539 0.000255623 0.999997 0.00238436 -0.00141661 -0.00238364 0.999996 -0.087459 0.0813363 -0.0183366
FixedParameters: 0 0 0

#Transform 78
Transform: AffineTransform_float_3_3
Parameters: 0.999998 -0.000189931 0.00169156 0.000186069 0.999998 0.00232332 -0.00169244 -0.00232368 0.999996 -0.0701031 0.0705261 -0.0137907
FixedParameters: 0 0 0

#Transform 79
Transform: AffineTransform_float_3_3
Parameters: 0.999999 -0.000374674 0.00134598 0.000371326 0.999996 0.0027285 -0.00134702 -0.0027285 0.999996 -0.0302442 0.084462 -0.0124081
FixedParameters: 0 0 0

#Transform 80
Transform: AffineTransform_float_3_3
Parameters: 0.999999 4.4305e-05 0.00141412 -4.76946e-05 0.999996 0.00261293 -0.00141388 -0.00261306 0.999995 -0.10334 0.0941329 0.0136743
FixedParameters: 0 0 0

#Transform 81
Transform: AffineTransform_float_3_3
Parameters: 0.999999 4.41921e-05 0.00143212 -4.78075e-05 0.999996 0.00265893 -0.00143188 -0.00265907 0.999996 -0.122295 0.091879 0.0182404
FixedParameters: 0 0 0

#Transform 82
Transform: AffineTransform_float_3_3
Parameters: 0.999999 -0.000140127 0.00184562 0.000135874 0.999996 0.00277826 -0.00184539 -0.00277775 0.999995 -0.135494 0.103207 -0.000551426
FixedParameters: 0 0 0

#Transform 83
Transform: AffineTransform_float_3_3
Parameters: 0.999999 -7.22517e-05 0.0018478 6.67476e-05 0.999996 0.00284213 -0.0018482 -0.00284187 0.999995 -0.110617 0.0922703 -0.000901679
FixedParameters: 0 0 0

#Transform 84
Transform: AffineTransform_float_3_3
Parameters: 0.999998 -0.000273612 0.00165324 0.000269388 0.999996 0.00278945 -0.00165376 -0.00278855 0.999994 -0.118787 0.0942646 -0.00475493
FixedParameters: 0 0 0

#Transform 85
Transform: AffineTransform_float_3_3
Parameters: 0.999998 -0.000136947 0.00167368 0.000133052 0.999997 0.00235823 -0.00167432 -0.00235777 0.999996 -0.0544694 0.0773529 -0.0262418
FixedParameters: 0 0 0

#Transform 86
Transform: AffineTransform_float_3_3
Parameters: 0.999999 -0.000282285 0.00175732 0.000277715 0.999997 0.00243749 -0.00175868 -0.00243751 0.999996 -0.0618741 0.100659 0.000919139
FixedParameters: 0 0 0

#Transform 87
Transform: AffineTransform_float_3_3
Parameters: 0.999999 -0.00013877 0.00139063 0.000135231 0.999997 0.00271119 -0.00139037 -0.00271081 0.999996 -0.0789367 0.0889567 -0.0042629
FixedParameters: 0 0 0

#Transform 88
Transform: AffineTransform_float_3_3
Parameters: 0.999999 -0.00021401 0.00148543 0.00020999 0.999997 0.00269832 -0.00148657 -0.00269869 0.999996 -0.150943 0.0983477 0.0203677
FixedParameters: 0 0 0

#Transform 89
Transform: AffineTransform_float_3_3
Parameters: 0.999999 4.24897e-05 0.00175214 -4.75098e-05 0.999995 0.00314492 -0.00175186 -0.00314508 0.999993 -0.157602 0.104447 0.00587056
FixedParameters: 0 0 0

#Transform 90
Transform: AffineTransform_float_3_3
Parameters: 0.999998 4.17321e-05 0.00202914 -4.72673e-05 0.999995 0.00308891 -0.00202886 -0.00308909 0.999993 -0.1427 0.101843 0.00486559
FixedParameters: 0 0 0

#Transform 91
Transform: AffineTransform_float_3_3
Parameters: 0.999998 -0.000273063 0.00229817 0.000265933 0.999995 0.00307362 -0.00229983 -0.00307238 0.999992 -0.12205 0.100955 -0.00337977
FixedParameters: 0 0 0

#Transform 92
Transform: AffineTransform_float_3_3
Parameters: 0.999998 -0.000362947 0.00193489 0.000357051 0.999995 0.0030737 -0.00193611 -0.00307231 0.999994 -0.0511851 0.103261 -0.00785643
FixedParameters: 0 0 0

#Transform 93
Transform: AffineTransform_float_3_3
Parameters: 0.999998 -0.000376266 0.00188496 0.000370733 0.999996 0.0027937 -0.00188604 -0.0027923 0.999995 -0.0402189 0.0946662 -0.0146554
FixedParameters: 0 0 0

#Transform 94
Transform: AffineTransform_float_3_3
Parameters: 0.999998 -0.000375906 0.00188103 0.000371094 0.999996 0.0026077 -0.00188197 -0.0026073 0.999995 -0.0173128 0.0961359 -0.0160941
FixedParameters: 0 0 0

#Transform 95
Transform: AffineTransform_float_3_3
Parameters: 0.999999 -0.000451932 0.00172171 0.000447067 0.999996 0.00286377 -0.00172329 -0.00286323 0.999995 -0.106057 0.098471 0.0091549
FixedParameters: 0 0 0

#Transform 96
Transform: AffineTransform_float_3_3
Parameters: 0.999997 -0.00054426 0.00216018 0.00053774 0.999994 0.00336017 -0.00216182 -0.00335883 0.999992 -0.133487 0.084607 0.0165728
FixedParameters: 0 0 0

#Transform 97
Transform: AffineTransform_float_3_3
Parameters: 0.999998 -0.000377237 0.00198082 0.000370763 0.999995 0.00314774 -0.00198218 -0.00314726 0.999993 -0.156684 0.103792 0.00611348
FixedParameters: 0 0 0

#Transform 98
Transform: AffineTransform_float_3_3
Parameters: 0.999998 -0.000378056 0.0022018 0.000370944 0.999995 0.00320383 -0.0022032 -0.00320318 0.999993 -0.122734 0.0850103 -0.00271266
FixedParameters: 0 0 0

#Transform 99
Transform: AffineTransform_float_3_3
Parameters: 0.999998 -0.000498327 0.00228141 0.000491671 0.999994 0.00321113 -0.00228359 -0.00320987 0.999992 -0.10853 0.113193 -0.0111133
FixedParameters: 0 0 0

#Transform 100
Transform: AffineTransform_float_3_3
Parameters: 0.999997 -0.000694577 0.00204778 0.00068742 0.999994 0.00321141 -0.00205022 -0.00320958 0.999992 -0.0544342 0.086044 -0.0247811
FixedParameters: 0 0 0

#Transform 101
Transform: AffineTransform_float_3_3
Parameters: 0.999998 -0.000569474 0.00184232 0.000564528 0.999996 0.00297005 -0.00184368 -0.00296896 0.999994 -0.0398235 0.101443 -0.000956122
FixedParameters: 0 0 0

#Transform 102
Transform: AffineTransform_float_3_3
Parameters: 0.999998 -0.000560231 0.00190418 0.00055377 0.999995 0.00327106 -0.00190582 -0.00326994 0.999993 -0.0537566 0.0851436 -0.00227836
FixedParameters: 0 0 0

#Transform 103
Transform: AffineTransform_float_3_3
Parameters: 0.999998 -0.000377206 0.0019378 0.000370794 0.999995 0.00320172 -0.0019392 -0.00320127 0.999993 -0.0764894 0.101911 0.0222454
FixedParameters: 0 0 0

#Transform 104
Transform: AffineTransform_float_3_3
Parameters: 0.999997 -0.000379045 0.00213859 0.000370957 0.999993 0.0037608 -0.00213941 -0.0037602 0.99999 -0.13189 0.0987878 0.0180124
FixedParameters: 0 0 0

#Transform 105
Transform: AffineTransform_float_3_3
Parameters: 0.999997 -0.000552821 0.00210822 0.000545178 0.999994 0.00323516 -0.00210977 -0.00323384 0.999993 -0.112768 0.106126 0.0201537
FixedParameters: 0 0 0

#Transform 106
Transform: AffineTransform_float_3_3
Parameters: 0.999998 -0.000456786 0.00229346 0.000449213 0.999994 0.00339404 -0.00229554 -0.00339296 0.999991 -0.12717 0.100169 0.0133614
FixedParameters: 0 0 0

#Transform 107
Transform: AffineTransform_float_3_3
Parameters: 0.999997 -0.000634838 0.00206391 0.000628163 0.999995 0.00331131 -0.00206609 -0.0033107 0.999993 -0.0661758 0.101987 -0.0028657
FixedParameters: 0 0 0

#Transform 108
Transform: AffineTransform_float_3_3
Parameters: 0.999998 -0.000580376 0.00186033 0.000574622 0.999995 0.00288907 -0.00186267 -0.00288792 0.999994 -0.0430007 0.0878211 -0.0077272
FixedParameters: 0 0 0

#Transform 109
Transform: AffineTransform_float_3_3
Parameters: 0.999998 -0.00048482 0.00199536 0.000478178 0.999994 0.00341696 -0.00199765 -0.00341604 0.999992 -0.00978461 0.104586 -0.0262257
FixedParameters: 0 0 0

#Transform 110
Transform: AffineTransform_float_3_3
Parameters: 0.999998 -0.00050395 0.00152337 0.000499051 0.999994 0.00324776 -0.00152463 -0.00324724 0.999994 -0.0659667 0.113924 -0.00798464
FixedParameters: 0 0 0

#Transform 111
Transform: AffineTransform_float_3_3
Parameters: 0.999998 -0.00043597 0.00155962 0.000431028 0.999995 0.00318567 -0.00156138 -0.00318532 0.999993 -0.0838387 0.0902896 0.0180251
FixedParameters: 0 0 0

#Transform 112
Transform: AffineTransform_float_3_3
Parameters: 0.999999 -0.000510572 0.00167601 0.000504429 0.999992 0.00391885 -0.00167799 -0.00391815 0.999991 -0.1473 0.106198 0.0292134
FixedParameters: 0 0 0

#Transform 113
Transform: AffineTransform_float_3_3
Parameters: 0.999998 -0.0001921 0.00186528 0.0001849 0.999992 0.00380635 -0.00186572 -0.00380565 0.999991 -0.129833 0.101795 0.0145506
FixedParameters: 0 0 0

#Transform 114
Transform: AffineTransform_float_3_3
Parameters: 0.999998 -0.000378022 0.00192764 0.000370977 0.999994 0.00364172 -0.00192936 -0.00364128 0.999991 -0.115697 0.100415 0.00574342
FixedParameters: 0 0 0

#Transform 115
Transform: AffineTransform_float_3_3
Parameters: 0.999998 -0.000379131 0.00229968 0.000370872 0.999993 0.00353486 -0.00230033 -0.00353414 0.999991 -0.101278 0.0881495 -0.00506639
FixedParameters: 0 0 0

#Transform 116
Transform: AffineTransform_float_3_3
Parameters: 0.999998 -0.000378886 0.00200653 0.000371113 0.999992 0.00392875 -0.00200847 -0.00392825 0.999991 -0.0364403 0.0889779 -0.0176762
FixedParameters: 0 0 0

#Transform 117
Transform: AffineTransform_float_3_3
Parameters: 0.999997 -0.00078664 0.00220965 0.00077936 0.999995 0.00300373 -0.00221235 -0.00300227 0.999993 -0.00501881 0.0715201 -0.0207115
FixedParameters: 0 0 0

#Transform 118
Transform: AffineTransform_float_3_3
Parameters: 0.999999 -0.00103438 0.00152404 0.00102962 0.999996 0.00286857 -0.00152796 -0.00286742 0.999994 0.0242329 0.0847282 -0.032333
FixedParameters: 0 0 0

#Transform 119
Transform: AffineTransform_float_3_3
Parameters: 0.999999 -0.000783116 0.00116391 0.000779884 0.999996 0.00267491 -0.00116609 -0.00267409 0.999995 -0.0524083 0.0992565 -0.0275011
FixedParameters: 0 0 0

#Transform 120
Transform: AffineTransform_float_3_3
Parameters: 0.999999 -0.000308603 0.00127814 0.000304397 0.999996 0.00281839 -0.00127886 -0.00281761 0.999995 -0.103873 0.0780385 -0.0469675
FixedParameters: 0 0 0

#Transform 121
Transform: AffineTransform_float_3_3
Parameters: 0.999999 -0.000748042 0.00116405 0.000744958 0.999997 0.00261187 -0.00116595 -0.00261013 0.999996 -0.164686 0.0739705 -0.0267319
FixedParameters: 0 0 0

#Transform 122
Transform: AffineTransform_float_3_3
Parameters: 0.999998 -0.000546551 0.00164149 0.000542448 0.999996 0.00277289 -0.00164251 -0.00277111 0.999995 -0.171521 0.0777291 -0.0127659
FixedParameters: 0 0 0

#Transform 123
Transform: AffineTransform_float_3_3
Parameters: 0.999999 -0.00074541 0.00166158 0.000740589 0.999995 0.00325424 -0.00166442 -0.00325277 0.999994 -0.156321 0.0842134 -0.019712
FixedParameters: 0 0 0

#Transform 124
Transform: AffineTransform_float_3_3
Parameters: 0.999998 -0.000755202 0.0018645 0.000749795 0.999994 0.0033254 -0.0018675 -0.0033236 0.999992 -0.106818 0.093864 -0.0314868
FixedParameters: 0 0 0

#Transform 125
Transform: AffineTransform_float_3_3
Parameters: 0.999998 -0.000547025 0.00148516 0.000541974 0.999994 0.00338281 -0.00148684 -0.00338119 0.999993 -0.0324393 0.090195 -0.0338851
FixedParameters: 0 0 0

#Transform 126
Transform: AffineTransform_float_3_3
Parameters: 0.999999 -0.000546467 0.00125106 0.000542534 0.999994 0.00356768 -0.00125294 -0.00356732 0.999993 -0.0577197 0.0950106 -0.0197348
FixedParameters: 0 0 0

#Transform 127
Transform: AffineTransform_float_3_3
Parameters: 0.999999 -0.000546263 0.00116401 0.000542738 0.999993 0.00365863 -0.00116599 -0.00365837 0.999992 -0.0679781 0.0978235 -0.0197562
FixedParameters: 0 0 0

#Transform 128
Transform: AffineTransform_float_3_3
Parameters: 1 -0.000545384 0.00101719 0.000542617 0.999995 0.00332456 -0.00101881 -0.00332345 0.999994 -0.15226 0.0971381 -0.0078702
FixedParameters: 0 0 0

#Transform 129
Transform: AffineTransform_float_3_3
Parameters: 0.999999 -0.00038148 0.00116454 0.000376517 0.999992 0.00384544 -0.00116646 -0.00384456 0.999992 -0.167999 0.0900487 -0.00478597
FixedParameters: 0 0 0

#Transform 130
Transform: AffineTransform_float_3_3
Parameters: 0.999999 -0.000316408 0.00133873 0.00031059 0.999992 0.00403842 -0.00134027 -0.00403758 0.999991 -0.180089 0.0920744 0.0199091
FixedParameters: 0 0 0

#Transform 131
Transform: AffineTransform_float_3_3
Parameters: 0.999999 -0.000379019 0.00133659 0.000373981 0.999993 0.0037525 -0.00133841 -0.0037525 0.999992 -0.147414 0.0832707 0.00566988
FixedParameters: 0 0 0

#Transform 132
Transform: AffineTransform_float_3_3
Parameters: 0.999999 -0.00054687 0.00137107 0.00054213 0.999993 0.00354974 -0.00137293 -0.00354925 0.999993 -0.126237 0.0803532 -0.0110183
FixedParameters: 0 0 0

#Transform 133
Transform: AffineTransform_float_3_3
Parameters: 1 -0.000545158 0.000899094 0.000542839 0.999993 0.00350849 -0.000901911 -0.00350851 0.999994 -0.0665286 0.0897774 -0.0583516
FixedParameters: 0 0 0

#Transform 134
Transform: AffineTransform_float_3_3
Parameters: 1 -0.000336498 0.000426823 0.000335505 0.999994 0.00350414 -0.000427178 -0.00350386 0.999994 -0.130672 0.066614 -0.0531955
FixedParameters: 0 0 0

#Transform 135
Transform: AffineTransform_float_3_3
Parameters: 1 -0.000419815 0.000254661 0.000419184 0.999995 0.00319211 -0.000256339 -0.00319189 0.999995 -0.135789 0.0879946 -0.0805191
FixedParameters: 0 0 0

#Transform 136
Transform: AffineTransform_float_3_3
Parameters: 1 -0.000339029 0.000575809 0.000336973 0.999993 0.00352119 -0.00057619 -0.0035208 0.999993 -0.222414 0.0948785 -0.0538924
FixedParameters: 0 0 0

#Transform 137
Transform: AffineTransform_float_3_3
Parameters: 0.999999 -0.000545056 0.000860071 0.000541944 0.999993 0.00354947 -0.000861929 -0.00354953 0.999994 -0.206632 0.0845351 -0.0492278
FixedParameters: 0 0 0

#Transform 138
Transform: AffineTransform_float_3_3
Parameters: 1 -0.000300742 0.00100989 0.000297258 0.999993 0.0037033 -0.00101111 -0.0037027 0.999992 -0.22527 0.0873022 -0.022324
FixedParameters: 0 0 0

#Transform 139
Transform: AffineTransform_float_3_3
Parameters: 0.999999 -0.000196918 0.000770259 0.000194083 0.999993 0.00378615 -0.00077074 -0.00378685 0.999992 -0.201167 0.0779742 -0.0273231
FixedParameters: 0 0 0

#Transform 140
Transform: AffineTransform_float_3_3
Parameters: 0.999999 -0.000400762 0.000763556 0.00039824 0.999994 0.00361431 -0.000764444 -0.0036137 0.999993 -0.156288 0.0879197 -0.047427
FixedParameters: 0 0 0

#Transform 141
Transform: AffineTransform_float_3_3
Parameters: 0.999999 -0.000329682 0.000744819 0.000327317 0.999993 0.00359824 -0.000746182 -0.00359775 0.999993 -0.1181 0.0816221 -0.0494579
FixedParameters: 0 0 0

#Transform 142
Transform: AffineTransform_float_3_3
Parameters: 1 -0.000545692 0.000983962 0.000542308 0.999993 0.00374854 -0.00098604 -0.00374747 0.999993 -0.120463 0.0928671 -0.0300472
FixedParameters: 0 0 0

#Transform 143
Transform: AffineTransform_float_3_3
Parameters: 1 -0.000294948 0.0010529 0.000290051 0.999993 0.00374831 -0.0010541 -0.00374769 0.999993 -0.138313 0.0930094 -0.0230555
FixedParameters: 0 0 0

#Transform 144
Transform: AffineTransform_float_3_3
Parameters: 1 -0.000294528 0.00114585 0.000290471 0.999992 0.00395033 -0.00114716 -0.00394966 0.999991 -0.227687 0.103864 -0.00485494
FixedParameters: 0 0 0

#Transform 145
Transform: AffineTransform_float_3_3
Parameters: 1 -0.000396139 0.00106347 0.000391859 0.999993 0.00388942 -0.00106553 -0.00388858 0.999992 -0.227623 0.0951318 -0.00787705
FixedParameters: 0 0 0

#Transform 146
Transform: AffineTransform_float_3_3
Parameters: 0.999999 -0.000305647 0.0013187 0.000300352 0.999991 0.0042804 -0.0013203 -0.0042796 0.99999 -0.26131 0.085255 -0.015279
FixedParameters: 0 0 0

#Transform 147
Transform: AffineTransform_float_3_3
Parameters: 0.999999 -0.000546487 0.00117392 0.000542512 0.999992 0.00381964 -0.00117608 -0.00381836 0.999992 -0.191128 0.0935814 -0.0130365
FixedParameters: 0 0 0

#Transform 148
Transform: AffineTransform_float_3_3
Parameters: 0.999999 -0.000548335 0.00168896 0.000542665 0.999993 0.00374892 -0.00169105 -0.00374808 0.999991 -0.178319 0.0895227 -0.0437165
FixedParameters: 0 0 0

#Transform 149
Transform: AffineTransform_float_3_3
Parameters: 1 -0.00054569 0.00108515 0.00054231 0.999994 0.00339859 -0.00108685 -0.00339741 0.999993 -0.121603 0.0957551 -0.0524407
FixedParameters: 0 0 0

#Transform 150
Transform: AffineTransform_float_3_3
Parameters: 0.999999 -0.000546425 0.00128513 0.000542576 0.999994 0.0034407 -0.00128687 -0.0034403 0.999994 -0.122904 0.0929235 -0.053956
FixedParameters: 0 0 0

#Transform 151
Transform: AffineTransform_float_3_3
Parameters: 1 -0.000546101 0.00104587 0.0005419 0.999992 0.00391657 -0.00104813 -0.00391643 0.999992 -0.180414 0.099055 -0.0248142
FixedParameters: 0 0 0

#Transform 152
Transform: AffineTransform_float_3_3
Parameters: 0.999999 -0.000546905 0.00128492 0.000542094 0.999992 0.0038147 -0.00128708 -0.0038143 0.999992 -0.214996 0.083679 -0.0124554
FixedParameters: 0 0 0

#Transform 153
Transform: AffineTransform_float_3_3
Parameters: 0.999999 -0.000461542 0.00115219 0.00045646 0.999992 0.00393853 -0.00115381 -0.00393847 0.999991 -0.221937 0.101108 0.00034379
FixedParameters: 0 0 0

#Transform 154
Transform: AffineTransform_float_3_3
Parameters: 0.999999 -0.000547552 0.00128465 0.00054245 0.99999 0.0043187 -0.00128635 -0.0043173 0.99999 -0.18198 0.0953398 -0.014531
FixedParameters: 0 0 0

#Transform 155
Transform: AffineTransform_float_3_3
Parameters: 0.999999 -0.000547994 0.00147979 0.000542005 0.999991 0.0040478 -0.00148221 -0.00404719 0.99999 -0.18328 0.097136 -0.00417813
FixedParameters: 0 0 0

#Transform 156
Transform: AffineTransform_float_3_3
Parameters: 0.999998 -0.000692956 0.00147021 0.00068704 0.999991 0.00404801 -0.00147379 -0.00404698 0.99999 -0.128239 0.0976135 -0.040519
FixedParameters: 0 0 0

#Transform 157
Transform: AffineTransform_float_3_3
Parameters: 0.999999 -0.000547294 0.0013068 0.000542705 0.999991 0.00404771 -0.00130921 -0.00404729 0.999991 -0.126638 0.116745 -0.0136243
FixedParameters: 0 0 0

#Transform 158
Transform: AffineTransform_float_3_3
Parameters: 0.999999 -0.000547152 0.0012718 0.000542847 0.999991 0.00404769 -0.00127421 -0.00404731 0.999991 -0.136354 0.0972715 0.00120256
FixedParameters: 0 0 0

#Transform 159
Transform: AffineTransform_float_3_3
Parameters: 0.999999 -0.000547087 0.0012558 0.000541916 0.999991 0.00404768 -0.0012572 -0.00404731 0.999991 -0.205662 0.118669 0.0136767
FixedParameters: 0 0 0

#Transform 160
Transform: AffineTransform_float_3_3
Parameters: 0.999998 -0.000491148 0.00151802 0.000484852 0.999991 0.00404774 -0.00151997 -0.00404726 0.99999 -0.238941 0.0970607 0.0132618
FixedParameters: 0 0 0

#Transform 161
Transform: AffineTransform_float_3_3
Parameters: 0.999999 -0.000546563 0.00115986 0.000542437 0.999992 0.00393063 -0.00116214 -0.00393037 0.999991 -0.219565 0.115017 0.0148512
FixedParameters: 0 0 0

#Transform 162
Transform: AffineTransform_float_3_3
Parameters: 0.999999 -0.000548065 0.00145974 0.000541933 0.999991 0.0041528 -0.00146226 -0.00415121 0.999991 -0.206094 0.0963745 -0.00901366
FixedParameters: 0 0 0

#Transform 163
Transform: AffineTransform_float_3_3
Parameters: 0.999998 -0.000624957 0.00147048 0.000619041 0.999991 0.00404791 -0.00147352 -0.00404708 0.99999 -0.174336 0.109021 -0.000892015
FixedParameters: 0 0 0

#Transform 164
Transform: AffineTransform_float_3_3
Parameters: 0.999999 -0.000603125 0.00134872 0.000598878 0.999992 0.00379681 -0.00135028 -0.00379619 0.999992 -0.124398 0.0990137 -0.022033
FixedParameters: 0 0 0

#Transform 165
Transform: AffineTransform_float_3_3
Parameters: 0.999999 -0.000741156 0.00116036 0.000736842 0.999994 0.00357786 -0.00116364 -0.00357714 0.999993 -0.115093 0.125402 -0.0206737
FixedParameters: 0 0 0

#Transform 166
Transform: AffineTransform_float_3_3
Parameters: 0.999999 -0.000717459 0.0012264 0.000712543 0.999993 0.00363188 -0.0012286 -0.00363112 0.999992 -0.108132 0.100386 -0.0210062
FixedParameters: 0 0 0

#Transform 167
Transform: AffineTransform_float_3_3
Parameters: 0.999999 -0.000546842 0.00117075 0.000542158 0.999992 0.00413164 -0.00117325 -0.00413136 0.999991 -0.174446 0.122136 0.000872951
FixedParameters: 0 0 0

#Transform 168
Transform: AffineTransform_float_3_3
Parameters: 0.999999 -0.000547377 0.00130876 0.000542623 0.999992 0.00410471 -0.00131124 -0.00410429 0.99999 -0.207125 0.0967357 -0.00262242
FixedParameters: 0 0 0

#Transform 169
Transform: AffineTransform_float_3_3
Parameters: 0.999999 -0.000547775 0.00146285 0.000542225 0.999992 0.0039448 -0.00146515 -0.0039442 0.999991 -0.233603 0.124536 0.0157801
FixedParameters: 0 0 0

#Transform 170
Transform: AffineTransform_float_3_3
Parameters: 0.999998 -0.000777898 0.00170287 0.000770102 0.999991 0.00404732 -0.00170613 -0.00404668 0.999991 -0.202835 0.0978777 -0.00327925
FixedParameters: 0 0 0

#Transform 171
Transform: AffineTransform_float_3_3
Parameters: 0.999998 -0.00054951 0.00188182 0.000542493 0.999992 0.00398903 -0.00188318 -0.00398797 0.999991 -0.188631 0.114201 0.00633072
FixedParameters: 0 0 0

#Transform 172
Transform: AffineTransform_float_3_3
Parameters: 0.999998 -0.000756134 0.0017289 0.000748868 0.999991 0.0041223 -0.0017321 -0.0041217 0.99999 -0.139299 0.0973002 -0.016627
FixedParameters: 0 0 0

#Transform 173
Transform: AffineTransform_float_3_3
Parameters: 0.999999 -0.000547354 0.00148103 0.000542646 0.999994 0.00361281 -0.00148297 -0.0036122 0.999993 -0.110321 0.115774 -0.000936111
FixedParameters: 0 0 0

#Transform 174
Transform: AffineTransform_float_3_3
Parameters: 0.999999 -0.000602128 0.00136375 0.00059687 0.999993 0.00375782 -0.00136625 -0.00375718 0.999992 -0.109333 0.113518 -0.00899562
FixedParameters: 0 0 0

#Transform 175
Transform: AffineTransform_float_3_3
Parameters: 0.999999 -0.000546686 0.00124596 0.000542314 0.999993 0.00375768 -0.00124805 -0.00375732 0.999992 -0.151535 0.123283 -0.00069857
FixedParameters: 0 0 0

#Transform 176
Transform: AffineTransform_float_3_3
Parameters: 0.999999 -0.000547281 0.00136389 0.00054272 0.999993 0.00386874 -0.00136611 -0.00386826 0.999991 -0.211179 0.0982972 -0.00150312
FixedParameters: 0 0 0

#Transform 177
Transform: AffineTransform_float_3_3
Parameters: 0.999999 -0.000667197 0.00135846 0.0006628 0.999992 0.0038229 -0.00136154 -0.00382209 0.999992 -0.228419 0.126385 0.00861881
FixedParameters: 0 0 0

#Transform 178
Transform: AffineTransform_float_3_3
Parameters: 0.999999 -0.000547649 0.00140581 0.00054235 0.999992 0.00401577 -0.00140819 -0.00401523 0.999991 -0.204876 0.103163 -0.00217082
FixedParameters: 0 0 0

#Transform 179
Transform: AffineTransform_float_3_3
Parameters: 0.999999 -0.000548161 0.00146771 0.000542838 0.999991 0.0041948 -0.00147029 -0.0041942 0.99999 -0.186824 0.11855 -0.00324494
FixedParameters: 0 0 0

#Transform 180
Transform: AffineTransform_float_3_3
Parameters: 0.999999 -0.00054739 0.00144297 0.00054261 0.999993 0.00373279 -0.00144504 -0.00373221 0.999992 -0.139308 0.0991381 -0.0320977
FixedParameters: 0 0 0

#Transform 181
Transform: AffineTransform_float_3_3
Parameters: 0.999999 -0.000835717 0.00126189 0.000831283 0.999992 0.00373305 -0.00126511 -0.00373295 0.999992 -0.129768 0.100173 -0.015002
FixedParameters: 0 0 0

#Transform 182
Transform: AffineTransform_float_3_3
Parameters: 0.999999 -0.000753103 0.00115032 0.000748899 0.999994 0.00356287 -0.00115268 -0.00356214 0.999993 -0.115429 0.108756 -0.0310045
FixedParameters: 0 0 0

#Transform 183
Transform: AffineTransform_float_3_3
Parameters: 0.999999 -0.000646424 0.00127877 0.000641579 0.999994 0.00345682 -0.00128023 -0.00345618 0.999993 -0.143936 0.123947 -0.00755866
FixedParameters: 0 0 0

#Transform 184
Transform: AffineTransform_float_3_3
Parameters: 0.999999 -0.000546841 0.00129597 0.000542159 0.999993 0.00373271 -0.00129803 -0.00373229 0.999992 -0.186923 0.101281 -0.00232523
FixedParameters: 0 0 0

#Transform 185
Transform: AffineTransform_float_3_3
Parameters: 0.999999 -0.000613135 0.00137472 0.000607867 0.999993 0.00373284 -0.00137628 -0.00373216 0.999992 -0.202387 0.111737 0.00615864
FixedParameters: 0 0 0

#Transform 186
Transform: AffineTransform_float_3_3
Parameters: 0.999998 -0.000548024 0.00161296 0.000541975 0.999993 0.00373288 -0.00161503 -0.00373212 0.999991 -0.189003 0.099203 0.0169763
FixedParameters: 0 0 0

#Transform 187
Transform: AffineTransform_float_3_3
Parameters: 0.999999 -0.000547097 0.00143306 0.000541903 0.999993 0.00355478 -0.00143493 -0.00355422 0.999992 -0.166572 0.10047 0.0183663
