#Insight Transform File V1.0
#Transform 0
Transform: AffineTransform_float_3_3
Parameters: 1 -0.000530272 -0.000370611 0.000529727 0.999999 -0.000734196 0.000371389 0.000733803 0.999999 -0.0513357 -0.10742 0.218803
FixedParameters: 0 0 0

#Transform 1
Transform: AffineTransform_float_3_3
Parameters: 1 -0.000361042 -9.38375e-05 0.000360958 1 -0.000450034 9.41624e-05 0.000449966 1 -0.075857 -0.0923995 0.182147
FixedParameters: 0 0 0

#Transform 2
Transform: AffineTransform_float_3_3
Parameters: 0.999999 -0.000669161 -0.000329673 0.000668838 0.999999 -0.00048822 0.000330326 0.000487779 1 -0.0591576 -0.0781443 0.148994
FixedParameters: 0 0 0

#Transform 3
Transform: AffineTransform_float_3_3
Parameters: 0.999999 -0.000574166 -0.000445786 0.000573834 1 -0.000372256 0.000446213 0.000371744 1 0.0138754 -0.0926126 0.0929805
FixedParameters: 0 0 0

#Transform 4
Transform: AffineTransform_float_3_3
Parameters: 1 0.000275857 -0.000613064 -0.000276143 1 -0.000232831 0.000612935 0.000233169 1 -0.00587727 -0.0911276 0.100682
FixedParameters: 0 0 0

#Transform 5
Transform: AffineTransform_float_3_3
Parameters: 0.999999 -3.69703e-05 -0.000760001 3.70296e-05 1 3.89719e-05 0.000759998 -3.90281e-05 0.999999 -0.0234712 -0.0725782 0.0533935
FixedParameters: 0 0 0

#Transform 6
Transform: AffineTransform_float_3_3
Parameters: 1 0.00042617 -0.000956371 -0.000426829 0.999999 -0.000867592 0.00095563 0.000868407 0.999999 -0.102423 -0.0383113 -0.0320477
FixedParameters: 0 0 0

#Transform 7
Transform: AffineTransform_float_3_3
Parameters: 0.999999 0.000265259 -0.000790249 -0.000265741 0.999999 -0.00093779 0.000789751 0.00093821 0.999999 -0.164314 -0.0281666 -0.00113399
FixedParameters: 0 0 0

#Transform 8
Transform: AffineTransform_float_3_3
Parameters: 1 9.60333e-05 -0.000528994 -9.59666e-05 1 6.30508e-05 0.000529006 -6.29492e-05 1 -0.195631 -0.0536689 0.075374
FixedParameters: 0 0 0

#Transform 9
Transform: AffineTransform_float_3_3
Parameters: 0.999999 -0.0002092 -0.000793947 0.0002088 1 -0.000252166 0.000793052 0.000251834 0.999999 -0.122695 -0.0493833 0.0612698
FixedParameters: 0 0 0

#Transform 10
Transform: AffineTransform_float_3_3
Parameters: 1 -8.74081e-05 -0.000330893 8.75918e-05 0.999999 -0.00123303 0.000331108 0.00123297 0.999999 -0.101487 -0.0554005 0.0421845
FixedParameters: 0 0 0

#Transform 11
Transform: AffineTransform_float_3_3
Parameters: 0.999999 -0.000195892 -0.00069775 0.000195108 0.999999 -0.00127714 0.00069825 0.00127786 0.999999 -0.0194724 -0.0419343 0.0139452
FixedParameters: 0 0 0

#Transform 12
Transform: AffineTransform_float_3_3
Parameters: 0.999999 -0.000641883 -0.000721214 0.000641117 0.999999 -0.00122446 0.000721785 0.00122354 0.999999 0.0116419 -0.0512298 0.0229216
FixedParameters: 0 0 0

#Transform 13
Transform: AffineTransform_float_3_3
Parameters: 0.999999 -0.000481887 -0.00072441 0.000481113 0.999999 -0.00122435 0.000724589 0.00122365 0.999999 0.0909218 -0.0628417 0.0370189
FixedParameters: 0 0 0

#Transform 14
Transform: AffineTransform_float_3_3
Parameters: 1 -0.000359853 -0.000280189 0.000360147 1 0.000525899 0.000279811 -0.000525101 1 0.0664727 -0.068291 0.0726227
FixedParameters: 0 0 0

#Transform 15
Transform: AffineTransform_float_3_3
Parameters: 1 -0.000362002 4.80959e-06 0.000361998 1 0.000526002 -4.19041e-06 -0.000525998 1 0.00731311 -0.0505629 0.0695795
FixedParameters: 0 0 0

#Transform 16
Transform: AffineTransform_float_3_3
Parameters: 1 -8.69223e-05 -0.000220031 8.70776e-05 1 0.000352981 0.000219969 -0.000353019 1 -0.0687138 -0.0596321 0.0913533
FixedParameters: 0 0 0

#Transform 17
Transform: AffineTransform_float_3_3
Parameters: 1 -8.71636e-05 0.000310954 8.68364e-05 1 0.000526027 -0.000311046 -0.000525973 1 -0.14448 -0.0619316 0.0685495
FixedParameters: 0 0 0

#Transform 18
Transform: AffineTransform_float_3_3
Parameters: 1 -8.70203e-05 5.59685e-05 8.69797e-05 1 0.000362005 -5.60315e-05 -0.000361995 1 -0.121111 -0.0551701 0.0483507
FixedParameters: 0 0 0

#Transform 19
Transform: AffineTransform_float_3_3
Parameters: 1 -8.70578e-05 0.000137964 8.69422e-05 1 0.000419012 -0.000138036 -0.000418988 1 -0.136957 -0.0444142 0.0464052
FixedParameters: 0 0 0

#Transform 20
Transform: AffineTransform_float_3_3
Parameters: 1 -8.70227e-05 0.000132985 8.69773e-05 1 0.000171012 -0.000133015 -0.000170988 1 -0.000667033 -0.0573059 0.024625
FixedParameters: 0 0 0

#Transform 21
Transform: AffineTransform_float_3_3
Parameters: 1 -0.000447978 0.000286035 0.000448022 1 -7.88718e-05 -0.000285965 7.81281e-05 1 -0.0276477 -0.0431964 0.0276425
FixedParameters: 0 0 0

#Transform 22
Transform: AffineTransform_float_3_3
Parameters: 1 -8.70107e-05 -0.000135993 8.69893e-05 1 -7.90118e-05 0.000136007 7.89882e-05 1 0.0208182 -0.0397814 0.0426829
FixedParameters: 0 0 0

#Transform 23
Transform: AffineTransform_float_3_3
Parameters: 1 0.000192981 1.72135e-05 -0.000193019 1 0.001106 -1.67865e-05 -0.001106 1 -0.0485018 -0.00387809 0.0698883
FixedParameters: 0 0 0

#Transform 24
Transform: AffineTransform_float_3_3
Parameters: 1 0.000305974 2.23614e-05 -0.000306026 1 0.00118099 -2.16386e-05 -0.00118101 1 -0.0203387 0.00795875 0.0552351
FixedParameters: 0 0 0

#Transform 25
Transform: AffineTransform_float_3_3
Parameters: 1 0.000104779 0.000162143 -0.000105221 0.999999 0.00136498 -0.000161857 -0.00136502 0.999999 -0.0471676 0.0238521 0.0261688
FixedParameters: 0 0 0

#Transform 26
Transform: AffineTransform_float_3_3
Parameters: 1 -8.68124e-05 -0.00013612 8.71875e-05 0.999999 0.00137899 0.00013588 -0.00137901 0.999999 -0.0217639 0.0162218 0.0220336
FixedParameters: 0 0 0

#Transform 27
Transform: AffineTransform_float_3_3
Parameters: 1 0.000330951 4.04018e-05 -0.00033105 0.999999 0.00121399 -4.05981e-05 -0.00121401 1 0.000405545 0.0123719 0.0101961
FixedParameters: 0 0 0

#Transform 28
Transform: AffineTransform_float_3_3
Parameters: 1 -8.71486e-05 0.000134904 8.68513e-05 1 0.00110101 -0.000135096 -0.00110099 1 0.0487068 0.0211741 0.0110096
FixedParameters: 0 0 0

#Transform 29
Transform: AffineTransform_float_3_3
Parameters: 1 0.000313574 0.000260514 -0.000314427 0.999999 0.00163792 -0.000260485 -0.00163808 0.999998 -0.0332585 0.0214099 0.0260961
FixedParameters: 0 0 0

#Transform 30
Transform: AffineTransform_float_3_3
Parameters: 0.999999 0.000742361 0.000426114 -0.000742638 0.999998 0.00150068 -0.000424886 -0.00150032 0.999999 -0.062873 0.031467 0.0398131
FixedParameters: 0 0 0

#Transform 31
Transform: AffineTransform_float_3_3
Parameters: 1 0.000663729 0.000777089 -0.000665272 0.999999 0.00163749 -0.000775912 -0.00163752 0.999999 -0.113201 0.0298864 0.0711066
FixedParameters: 0 0 0

#Transform 32
Transform: AffineTransform_float_3_3
Parameters: 1 0.000663901 0.000747977 -0.0006651 0.999998 0.0014705 -0.000747023 -0.0014705 0.999998 -0.122082 0.0321315 0.0374636
FixedParameters: 0 0 0

#Transform 33
Transform: AffineTransform_float_3_3
Parameters: 0.999999 0.000787889 0.000635379 -0.000789109 0.999998 0.0017485 -0.00063362 -0.0017495 0.999999 -0.119592 0.0279028 0.0116636
FixedParameters: 0 0 0

#Transform 34
Transform: AffineTransform_float_3_3
Parameters: 0.999999 0.00101761 0.000704013 -0.00101839 0.999998 0.00197629 -0.000701989 -0.00197672 0.999998 -0.105433 0.0241214 0.00934811
FixedParameters: 0 0 0

#Transform 35
Transform: AffineTransform_float_3_3
Parameters: 1 0.00109905 0.000503076 -0.00109995 0.999997 0.00188745 -0.000500925 -0.00188755 0.999998 -0.0149324 0.0249786 -0.0101932
FixedParameters: 0 0 0

#Transform 36
Transform: AffineTransform_float_3_3
Parameters: 0.999999 0.00116287 0.000690906 -0.00116413 0.999998 0.0016372 -0.000688095 -0.0016378 0.999999 -0.0489766 0.028043 0.0124344
FixedParameters: 0 0 0

#Transform 37
Transform: AffineTransform_float_3_3
Parameters: 0.999999 0.000973095 0.000447967 -0.000973902 0.999997 0.00202056 -0.000446032 -0.00202143 0.999998 -0.0574872 0.0237424 0.0271753
FixedParameters: 0 0 0

#Transform 38
Transform: AffineTransform_float_3_3
Parameters: 1 0.000664644 0.000218089 -0.000665356 0.999999 0.00163786 -0.00021691 -0.00163814 0.999998 -0.186126 0.0533438 0.0795347
FixedParameters: 0 0 0

#Transform 39
Transform: AffineTransform_float_3_3
Parameters: 1 0.000664708 0.000155255 -0.000665291 0.999998 0.0018879 -0.000153744 -0.0018881 0.999998 -0.22851 0.0475485 0.086345
FixedParameters: 0 0 0

#Transform 40
Transform: AffineTransform_float_3_3
Parameters: 1 0.000489761 0.000135867 -0.00048924 0.999999 0.00176894 -0.000135135 -0.00176907 0.999999 -0.235614 0.0620959 0.0527023
FixedParameters: 0 0 0

#Transform 41
Transform: AffineTransform_float_3_3
Parameters: 1 0.000396467 0.00032565 -0.000397532 0.999998 0.00163787 -0.000324349 -0.00163813 0.999998 -0.250784 0.063608 0.0860939
FixedParameters: 0 0 0

#Transform 42
Transform: AffineTransform_float_3_3
Parameters: 1 0.000206626 0.000666427 -0.000208375 0.999998 0.00206186 -0.000666571 -0.00206214 0.999997 -0.217424 0.0361167 0.109685
FixedParameters: 0 0 0

#Transform 43
Transform: AffineTransform_float_3_3
Parameters: 1 0.000207145 0.00052234 -0.000208855 0.999998 0.00163789 -0.000521658 -0.00163811 0.999998 -0.168686 0.0317 0.0992107
FixedParameters: 0 0 0

#Transform 44
Transform: AffineTransform_float_3_3
Parameters: 1 3.68709e-05 0.000598071 -3.8129e-05 0.999998 0.00188798 -0.000597929 -0.00188802 0.999998 -0.144077 0.0418159 0.0900915
FixedParameters: 0 0 0

#Transform 45
Transform: AffineTransform_float_3_3
Parameters: 1 0.0002072 0.00048834 -0.000208801 0.999998 0.0016379 -0.000488658 -0.0016381 0.999998 -0.0865737 0.0316505 0.075724
FixedParameters: 0 0 0

#Transform 46
Transform: AffineTransform_float_3_3
Parameters: 1 0.00020719 0.00049434 -0.000208809 0.999998 0.0016379 -0.000493658 -0.0016381 0.999998 -0.0535935 0.0445769 0.069146
FixedParameters: 0 0 0

#Transform 47
Transform: AffineTransform_float_3_3
Parameters: 1 0.000207562 0.00026734 -0.000208437 0.999998 0.00163794 -0.000266659 -0.00163805 0.999998 -0.0122655 0.0316412 0.05384
FixedParameters: 0 0 0

#Transform 48
Transform: AffineTransform_float_3_3
Parameters: 1 0.000207333 0.00040734 -0.000208666 0.999998 0.00163791 -0.000406659 -0.00163808 0.999998 -0.0717947 0.0490262 0.0432604
FixedParameters: 0 0 0

#Transform 49
Transform: AffineTransform_float_3_3
Parameters: 1 0.000207165 0.000442392 -0.000208836 0.999998 0.00188791 -0.000442606 -0.00188809 0.999998 -0.0997563 0.0477424 0.0509213
FixedParameters: 0 0 0

#Transform 50
Transform: AffineTransform_float_3_3
Parameters: 1 0.000206605 0.000644449 -0.000208394 0.999997 0.00216487 -0.00064355 -0.00216513 0.999998 -0.203915 0.0323541 0.0769511
FixedParameters: 0 0 0

#Transform 51
Transform: AffineTransform_float_3_3
Parameters: 0.999999 7.56555e-05 0.000766134 -7.63442e-05 0.999999 0.00175494 -0.000765867 -0.00175506 0.999998 -0.232846 0.0545417 0.0687936
FixedParameters: 0 0 0

#Transform 52
Transform: AffineTransform_float_3_3
Parameters: 0.999999 0.000206729 0.000724364 -0.00020827 0.999999 0.00175485 -0.000723636 -0.00175515 0.999998 -0.206409 0.0331569 0.0653772
FixedParameters: 0 0 0

#Transform 53
Transform: AffineTransform_float_3_3
Parameters: 0.999999 0.000109681 0.000722201 -0.000111319 0.999999 0.00182692 -0.000721798 -0.00182708 0.999998 -0.171743 0.0494312 0.0371673
FixedParameters: 0 0 0

#Transform 54
Transform: AffineTransform_float_3_3
Parameters: 0.999999 0.000206569 0.000771384 -0.000208432 0.999999 0.00185584 -0.000771614 -0.00185516 0.999998 -0.100565 0.0317902 0.0336877
FixedParameters: 0 0 0

#Transform 55
Transform: AffineTransform_float_3_3
Parameters: 1 0.000119531 0.00025522 -0.000119468 0.999999 0.00183697 -0.000254781 -0.00183703 0.999999 -0.0385104 0.0259855 0.00787291
FixedParameters: 0 0 0

#Transform 56
Transform: AffineTransform_float_3_3
Parameters: 1 8.38868e-05 5.91609e-05 -8.3113e-05 0.999998 0.001917 -5.88408e-05 -0.00191701 0.999998 -0.0110766 0.0313076 -0.0241591
FixedParameters: 0 0 0

#Transform 57
Transform: AffineTransform_float_3_3
Parameters: 1 9.89804e-05 1.01924e-05 -9.90193e-05 0.999998 0.001944 -9.80753e-06 -0.001944 0.999998 -0.0764963 0.0309484 0.00551173
FixedParameters: 0 0 0

#Transform 58
Transform: AffineTransform_float_3_3
Parameters: 1 -4.57289e-05 0.000374912 4.52709e-05 0.999998 0.00194402 -0.000375089 -0.00194398 0.999998 -0.109492 0.0314791 0.031902
FixedParameters: 0 0 0

#Transform 59
Transform: AffineTransform_float_3_3
Parameters: 1 2.59504e-05 0.000485057 -2.70495e-05 0.999997 0.00216399 -0.000484942 -0.00216401 0.999997 -0.188848 0.0283966 0.0360813
FixedParameters: 0 0 0

#Transform 60
Transform: AffineTransform_float_3_3
Parameters: 1 0.000106038 0.000495207 -0.000106962 0.999998 0.00194395 -0.000494793 -0.00194405 0.999998 -0.153048 0.0309404 0.0195938
FixedParameters: 0 0 0

#Transform 61
Transform: AffineTransform_float_3_3
Parameters: 0.999999 5.03413e-05 0.000730116 -5.16607e-05 0.999998 0.00227196 -0.000730884 -0.00227204 0.999997 -0.16187 0.0425842 0.0241035
FixedParameters: 0 0 0

#Transform 62
Transform: AffineTransform_float_3_3
Parameters: 0.999999 0.000206513 0.000706436 -0.000208486 0.999998 0.00210585 -0.000705562 -0.00210614 0.999997 -0.0809069 0.0468146 0.00340021
FixedParameters: 0 0 0

#Transform 63
Transform: AffineTransform_float_3_3
Parameters: 0.999999 9.11035e-05 0.000780223 -9.28983e-05 0.999997 0.00243093 -0.000780776 -0.00243107 0.999996 -0.0899703 0.0508083 0.018632
FixedParameters: 0 0 0

#Transform 64
Transform: AffineTransform_float_3_3
Parameters: 1 0.000266728 0.000498682 -0.00026727 0.999996 0.00255287 -0.000497319 -0.00255313 0.999996 -0.0408884 0.0644537 0.0186934
FixedParameters: 0 0 0

#Transform 65
Transform: AffineTransform_float_3_3
Parameters: 0.999999 0.000122084 0.000721327 -0.000123915 0.999997 0.00265691 -0.000720673 -0.00265709 0.999996 -0.0967946 0.0548674 0.0424305
FixedParameters: 0 0 0

#Transform 66
Transform: AffineTransform_float_3_3
Parameters: 0.999999 0.000205829 0.000855525 -0.00020817 0.999997 0.00253882 -0.000854474 -0.00253818 0.999997 -0.112871 0.0461132 0.0436689
FixedParameters: 0 0 0

#Transform 67
Transform: AffineTransform_float_3_3
Parameters: 0.999999 0.000205596 0.00101649 -0.000208403 0.999997 0.00236579 -0.00101551 -0.00236521 0.999996 -0.141648 0.0628581 0.0397493
FixedParameters: 0 0 0

#Transform 68
Transform: AffineTransform_float_3_3
Parameters: 0.999999 0.000205866 0.000890495 -0.000208133 0.999997 0.00239682 -0.000889503 -0.00239718 0.999996 -0.0980956 0.0615262 0.0230552
FixedParameters: 0 0 0

#Transform 69
Transform: AffineTransform_float_3_3
Parameters: 0.999999 0.000205486 0.000990525 -0.000208515 0.999997 0.00253879 -0.000990474 -0.0025382 0.999997 -0.107573 0.0512428 0.0163439
FixedParameters: 0 0 0

#Transform 70
Transform: AffineTransform_float_3_3
Parameters: 0.999999 0.000206313 0.000731478 -0.000208686 0.999998 0.00230685 -0.00073052 -0.00230715 0.999997 -0.0363694 0.0538516 0.0134209
FixedParameters: 0 0 0

#Transform 71
Transform: AffineTransform_float_3_3
Parameters: 0.999999 0.000206095 0.00077351 -0.000208906 0.999997 0.00246384 -0.000773487 -0.00246416 0.999996 -0.0454091 0.0481022 0.013695
FixedParameters: 0 0 0

#Transform 72
Transform: AffineTransform_float_3_3
Parameters: 0.999999 0.00020623 0.000697525 -0.000208769 0.999997 0.00253885 -0.000696472 -0.00253814 0.999996 -0.0585934 0.0637424 0.0110876
FixedParameters: 0 0 0

#Transform 73
Transform: AffineTransform_float_3_3
Parameters: 0.999999 0.000206007 0.000785526 -0.000207992 0.999997 0.00253884 -0.000784475 -0.00253816 0.999997 -0.147118 0.0476756 0.0288298
FixedParameters: 0 0 0

#Transform 74
Transform: AffineTransform_float_3_3
Parameters: 0.999999 0.000205684 0.000912525 -0.000208317 0.999997 0.00253881 -0.000912474 -0.00253819 0.999997 -0.166251 0.0536944 0.0417459
FixedParameters: 0 0 0

#Transform 75
Transform: AffineTransform_float_3_3
Parameters: 1 -4.0709e-05 0.0010669 3.82907e-05 0.999997 0.00253904 -0.0010671 -0.00253896 0.999996 -0.153055 0.0484825 0.0380663
FixedParameters: 0 0 0

#Transform 76
Transform: AffineTransform_float_3_3
Parameters: 0.999999 -3.87985e-06 0.00126999 -8.79865e-07 0.999996 0.003055 -0.00127 -0.003055 0.999994 -0.150885 0.0502919 0.0303574
FixedParameters: 0 0 0

#Transform 77
Transform: AffineTransform_float_3_3
Parameters: 1 -0.000158788 0.00113862 0.000156211 0.999997 0.00244818 -0.00113939 -0.00244782 0.999997 -0.0804561 0.0536203 0.0209498
FixedParameters: 0 0 0

#Transform 78
Transform: AffineTransform_float_3_3
Parameters: 1 -0.000196983 0.00120051 0.000194018 0.999997 0.00248423 -0.00120049 -0.00248377 0.999996 -0.0652056 0.0561594 0.0176915
FixedParameters: 0 0 0

#Transform 79
Transform: AffineTransform_float_3_3
Parameters: 1 -0.000291985 0.00110221 0.000289013 0.999997 0.00270732 -0.00110379 -0.00270668 0.999995 -0.030482 0.059358 0.0179709
FixedParameters: 0 0 0

#Transform 80
Transform: AffineTransform_float_3_3
Parameters: 0.999999 8.65509e-05 0.00122625 -8.94484e-05 0.999996 0.00281289 -0.00122575 -0.00281311 0.999996 -0.098004 0.0643069 0.0427297
FixedParameters: 0 0 0

#Transform 81
Transform: AffineTransform_float_3_3
Parameters: 0.999999 -0.000131734 0.00131563 0.000128269 0.999996 0.00283717 -0.00131537 -0.00283783 0.999995 -0.110744 0.0622524 0.0422467
FixedParameters: 0 0 0

#Transform 82
Transform: AffineTransform_float_3_3
Parameters: 0.999998 -5.07558e-05 0.00164386 4.62436e-05 0.999996 0.00289308 -0.00164414 -0.00289292 0.999995 -0.13577 0.0637421 0.0381105
FixedParameters: 0 0 0

#Transform 83
Transform: AffineTransform_float_3_3
Parameters: 0.999999 7.97237e-05 0.00157922 -8.42755e-05 0.999997 0.00270787 -0.00157878 -0.00270813 0.999995 -0.104919 0.0656043 0.0306315
FixedParameters: 0 0 0

#Transform 84
Transform: AffineTransform_float_3_3
Parameters: 0.999999 -0.000220341 0.00148136 0.000216656 0.999995 0.00293032 -0.00148264 -0.00292967 0.999994 -0.113846 0.0601303 0.0210095
FixedParameters: 0 0 0

#Transform 85
Transform: AffineTransform_float_3_3
Parameters: 0.999999 -0.000210834 0.00154348 0.000207164 0.999997 0.00248432 -0.00154452 -0.00248368 0.999995 -0.0467022 0.058049 0.00629366
FixedParameters: 0 0 0

#Transform 86
Transform: AffineTransform_float_3_3
Parameters: 0.999999 -0.00029799 0.00145919 0.000294007 0.999996 0.00273443 -0.00146081 -0.00273357 0.999995 -0.0634994 0.0664894 0.00328633
FixedParameters: 0 0 0

#Transform 87
Transform: AffineTransform_float_3_3
Parameters: 0.999999 2.25553e-05 0.00129306 -2.54444e-05 0.999996 0.00266397 -0.00129294 -0.00266403 0.999995 -0.0832633 0.0664834 0.0277861
FixedParameters: 0 0 0

#Transform 88
Transform: AffineTransform_float_3_3
Parameters: 0.999999 -0.000106036 0.00135369 0.000101963 0.999996 0.00298114 -0.00135431 -0.00298086 0.999994 -0.160625 0.0626493 0.0536862
FixedParameters: 0 0 0

#Transform 89
Transform: AffineTransform_float_3_3
Parameters: 0.999999 -9.99249e-05 0.00144073 9.60757e-05 0.999997 0.00272314 -0.00144127 -0.00272386 0.999996 -0.161618 0.0804559 0.046431
FixedParameters: 0 0 0

#Transform 90
Transform: AffineTransform_float_3_3
Parameters: 0.999999 -3.57824e-05 0.0015269 3.12172e-05 0.999995 0.00313205 -0.0015271 -0.00313195 0.999994 -0.134368 0.060473 0.0423724
FixedParameters: 0 0 0

#Transform 91
Transform: AffineTransform_float_3_3
Parameters: 0.999998 -0.000248969 0.00159323 0.000244033 0.999995 0.00311739 -0.00159377 -0.00311761 0.999994 -0.105807 0.0820415 0.0340871
FixedParameters: 0 0 0

#Transform 92
Transform: AffineTransform_float_3_3
Parameters: 0.999999 -0.000248864 0.00155823 0.000244136 0.999995 0.00312138 -0.00155877 -0.00312062 0.999994 -0.0342888 0.0650224 0.0149399
FixedParameters: 0 0 0

#Transform 93
Transform: AffineTransform_float_3_3
Parameters: 0.999999 -0.000519291 0.00147349 0.000514709 0.999995 0.00291176 -0.0014745 -0.00291024 0.999994 -0.0363703 0.062087 0.0141948
FixedParameters: 0 0 0

#Transform 94
Transform: AffineTransform_float_3_3
Parameters: 0.999999 -0.000312065 0.00150516 0.000307935 0.999997 0.00270047 -0.00150584 -0.00269953 0.999995 -0.0202263 0.0738849 0.0088395
FixedParameters: 0 0 0

#Transform 95
Transform: AffineTransform_float_3_3
Parameters: 0.999999 -0.000431428 0.00147071 0.000427571 0.999996 0.00300963 -0.00147229 -0.00300937 0.999995 -0.104293 0.067748 0.0425068
FixedParameters: 0 0 0

#Transform 96
Transform: AffineTransform_float_3_3
Parameters: 0.999999 -0.000396991 0.00176767 0.000391007 0.999994 0.0033887 -0.00176933 -0.0033873 0.999992 -0.135739 0.062627 0.0500056
FixedParameters: 0 0 0

#Transform 97
Transform: AffineTransform_float_3_3
Parameters: 0.999999 -0.00024926 0.00153716 0.000243742 0.999994 0.00342038 -0.00153784 -0.00342062 0.999993 -0.14735 0.076036 0.0335062
FixedParameters: 0 0 0

#Transform 98
Transform: AffineTransform_float_3_3
Parameters: 0.999998 -0.000411325 0.0015516 0.000405672 0.999994 0.00343163 -0.0015534 -0.00343037 0.999993 -0.108864 0.0563787 0.0290556
FixedParameters: 0 0 0

#Transform 99
Transform: AffineTransform_float_3_3
Parameters: 0.999998 -0.000628889 0.00177292 0.000623111 0.999995 0.00332011 -0.00177508 -0.00331889 0.999993 -0.0904498 0.0684013 0.0158161
FixedParameters: 0 0 0

#Transform 100
Transform: AffineTransform_float_3_3
Parameters: 0.999998 -0.000753056 0.00171879 0.000747944 0.999996 0.00294029 -0.00172121 -0.00293871 0.999994 -0.0317808 0.0750288 0.01056
FixedParameters: 0 0 0

#Transform 101
Transform: AffineTransform_float_3_3
Parameters: 0.999998 -0.000688803 0.00152083 0.000684195 0.999995 0.00315704 -0.00152317 -0.00315595 0.999994 -0.0297693 0.0720659 0.0279886
FixedParameters: 0 0 0

#Transform 102
Transform: AffineTransform_float_3_3
Parameters: 0.999999 -0.000658317 0.00162786 0.000652687 0.999995 0.00326407 -0.00162914 -0.00326294 0.999994 -0.0450081 0.063667 0.0326593
FixedParameters: 0 0 0

#Transform 103
Transform: AffineTransform_float_3_3
Parameters: 0.999999 -0.000300386 0.00154896 0.000294613 0.999994 0.00347646 -0.00155003 -0.00347554 0.999993 -0.0861394 0.0587024 0.0646137
FixedParameters: 0 0 0

#Transform 104
Transform: AffineTransform_float_3_3
Parameters: 0.999999 -0.000250279 0.00180614 0.00024372 0.999994 0.00347645 -0.00180686 -0.00347555 0.999993 -0.126024 0.068697 0.0583358
FixedParameters: 0 0 0

#Transform 105
Transform: AffineTransform_float_3_3
Parameters: 0.999999 -0.000517128 0.00176221 0.000511868 0.999994 0.00347691 -0.00176479 -0.00347509 0.999992 -0.113162 0.0696428 0.0583227
FixedParameters: 0 0 0

#Transform 106
Transform: AffineTransform_float_3_3
Parameters: 0.999999 -0.000459236 0.00179342 0.000453764 0.999994 0.00347682 -0.00179459 -0.00347518 0.999993 -0.10785 0.0694074 0.046699
FixedParameters: 0 0 0

#Transform 107
Transform: AffineTransform_float_3_3
Parameters: 0.999998 -0.000703339 0.00153456 0.000697662 0.999993 0.00347707 -0.00153643 -0.00347592 0.999993 -0.0428056 0.0701548 0.0311275
FixedParameters: 0 0 0

#Transform 108
Transform: AffineTransform_float_3_3
Parameters: 0.999999 -0.000587079 0.00129215 0.000582918 0.999995 0.00315476 -0.00129485 -0.00315424 0.999994 -0.0363547 0.0574531 0.014851
FixedParameters: 0 0 0

#Transform 109
Transform: AffineTransform_float_3_3
Parameters: 0.999998 -0.000658132 0.00147572 0.000653864 0.999993 0.00347697 -0.00147828 -0.00347503 0.999993 -0.0160314 0.0745996 0.000995193
FixedParameters: 0 0 0

#Transform 110
Transform: AffineTransform_float_3_3
Parameters: 0.999999 -0.000454413 0.00135052 0.000449586 0.999995 0.00326561 -0.00135248 -0.00326539 0.999994 -0.0687662 0.0765527 0.0288995
FixedParameters: 0 0 0

#Transform 111
Transform: AffineTransform_float_3_3
Parameters: 0.999999 -0.000248386 0.00138722 0.000243614 0.999995 0.00316134 -0.00138778 -0.00316066 0.999994 -0.0844309 0.0774202 0.0498093
FixedParameters: 0 0 0

#Transform 112
Transform: AffineTransform_float_3_3
Parameters: 0.999999 -0.000249528 0.00152511 0.000243472 0.999994 0.00362438 -0.00152589 -0.00362363 0.999993 -0.151325 0.071301 0.0598657
FixedParameters: 0 0 0

#Transform 113
Transform: AffineTransform_float_3_3
Parameters: 0.999998 6.74672e-05 0.00159224 -7.25333e-05 0.999994 0.00347589 -0.00159176 -0.00347511 0.999992 -0.129855 0.0696208 0.0438532
FixedParameters: 0 0 0

#Transform 114
Transform: AffineTransform_float_3_3
Parameters: 0.999998 -0.000249922 0.0016301 0.000244078 0.999994 0.0036324 -0.0016309 -0.0036316 0.999992 -0.106119 0.0629827 0.0343952
FixedParameters: 0 0 0

#Transform 115
Transform: AffineTransform_float_3_3
Parameters: 0.999998 -0.000250119 0.0016771 0.000243882 0.999994 0.00364742 -0.0016779 -0.00364759 0.999992 -0.081128 0.0709257 0.031818
FixedParameters: 0 0 0

#Transform 116
Transform: AffineTransform_float_3_3
Parameters: 0.999998 -0.000384562 0.00159967 0.000379435 0.999994 0.00347661 -0.00160133 -0.00347539 0.999992 -0.0143074 0.0550014 0.0187967
FixedParameters: 0 0 0

#Transform 117
Transform: AffineTransform_float_3_3
Parameters: 0.999998 -0.000593794 0.00146807 0.000589204 0.999994 0.00326487 -0.00146993 -0.00326313 0.999993 0.00075378 0.046663 0.00466759
FixedParameters: 0 0 0

#Transform 118
Transform: AffineTransform_float_3_3
Parameters: 0.999999 -0.000968731 0.00124009 0.000965268 0.999995 0.0030062 -0.00124291 -0.0030048 0.999994 0.0243553 0.0672769 -0.000674986
FixedParameters: 0 0 0

#Transform 119
Transform: AffineTransform_float_3_3
Parameters: 0.999999 -0.000598391 0.00124037 0.000595608 0.999996 0.00273174 -0.00124263 -0.00273126 0.999996 -0.0467947 0.0633105 0.00191805
FixedParameters: 0 0 0

#Transform 120
Transform: AffineTransform_float_3_3
Parameters: 1 -0.000247211 0.00114031 0.000243788 0.999996 0.00281428 -0.00114169 -0.00281472 0.999996 -0.114077 0.063055 -0.00984872
FixedParameters: 0 0 0

#Transform 121
Transform: AffineTransform_float_3_3
Parameters: 0.999999 -0.000414389 0.0011608 0.00041161 0.999995 0.00291848 -0.00116221 -0.00291752 0.999995 -0.180029 0.0523858 0.00105321
FixedParameters: 0 0 0

#Transform 122
Transform: AffineTransform_float_3_3
Parameters: 0.999999 -0.000374193 0.00148195 0.000369807 0.999996 0.00282855 -0.00148305 -0.00282845 0.999995 -0.190672 0.0463598 0.0192114
FixedParameters: 0 0 0

#Transform 123
Transform: AffineTransform_float_3_3
Parameters: 0.999999 -0.000305753 0.00146001 0.000301247 0.999994 0.00325444 -0.00146099 -0.00325455 0.999993 -0.145901 0.0576203 0.0152379
FixedParameters: 0 0 0

#Transform 124
Transform: AffineTransform_float_3_3
Parameters: 0.999999 -0.000364989 0.00148478 0.000360011 0.999995 0.00335854 -0.00148622 -0.00335846 0.999994 -0.110016 0.0681255 0.0075578
FixedParameters: 0 0 0

#Transform 125
Transform: AffineTransform_float_3_3
Parameters: 0.999999 -0.000695721 0.00138263 0.000691281 0.999994 0.00341196 -0.00138437 -0.00341104 0.999993 -0.0334973 0.0678318 0.00627689
FixedParameters: 0 0 0

#Transform 126
Transform: AffineTransform_float_3_3
Parameters: 0.999999 -0.000497039 0.00116128 0.000492961 0.999994 0.00347658 -0.00116272 -0.00347543 0.999994 -0.059234 0.0722598 0.0228806
FixedParameters: 0 0 0

#Transform 127
Transform: AffineTransform_float_3_3
Parameters: 1 -9.54281e-05 0.00101768 9.25709e-05 0.999995 0.0033681 -0.00101832 -0.00336791 0.999994 -0.0736322 0.0648504 0.0155007
FixedParameters: 0 0 0

#Transform 128
Transform: AffineTransform_float_3_3
Parameters: 1 -0.0002481 0.00117915 0.0002439 0.999994 0.00347629 -0.00117986 -0.00347571 0.999994 -0.16897 0.0735244 0.0303727
FixedParameters: 0 0 0

#Transform 129
Transform: AffineTransform_float_3_3
Parameters: 0.999999 -0.000192579 0.0012453 0.000188422 0.999993 0.00367624 -0.0012457 -0.00367576 0.999992 -0.177987 0.0572216 0.0393247
FixedParameters: 0 0 0

#Transform 130
Transform: AffineTransform_float_3_3
Parameters: 0.999999 -0.000248938 0.00130707 0.000244063 0.999993 0.00377632 -0.00130793 -0.00377668 0.999992 -0.180994 0.0502562 0.060174
FixedParameters: 0 0 0

#Transform 131
Transform: AffineTransform_float_3_3
Parameters: 0.999999 -0.00017602 0.00135036 0.000170981 0.999993 0.00371724 -0.00135065 -0.00371677 0.999992 -0.147917 0.0507001 0.0395105
FixedParameters: 0 0 0

#Transform 132
Transform: AffineTransform_float_3_3
Parameters: 0.999999 -0.00036554 0.00125268 0.00036146 0.999994 0.00362146 -0.00125432 -0.00362154 0.999992 -0.126702 0.0525023 0.0182844
FixedParameters: 0 0 0

#Transform 133
Transform: AffineTransform_float_3_3
Parameters: 0.999999 -0.000247061 0.000880146 0.000243936 0.999994 0.00347621 -0.000881852 -0.00347578 0.999993 -0.0753522 0.0506606 -0.0196807
FixedParameters: 0 0 0

#Transform 134
Transform: AffineTransform_float_3_3
Parameters: 0.999999 -0.000246925 0.000823128 0.000244076 0.999993 0.0035512 -0.000823872 -0.0035518 0.999994 -0.155778 0.0434088 -0.0197817
FixedParameters: 0 0 0

#Transform 135
Transform: AffineTransform_float_3_3
Parameters: 1 -0.00024588 0.000560179 0.000244118 0.999995 0.00335314 -0.000561822 -0.00335386 0.999994 -0.141614 0.0664345 -0.0469198
FixedParameters: 0 0 0

#Transform 136
Transform: AffineTransform_float_3_3
Parameters: 0.999999 -0.000181378 0.000719405 0.000179624 0.999994 0.00330313 -0.000719597 -0.00330387 0.999995 -0.237076 0.0616711 -0.0165642
FixedParameters: 0 0 0

#Transform 137
Transform: AffineTransform_float_3_3
Parameters: 1 -0.000248064 0.00113812 0.000243936 0.999993 0.00357028 -0.00113888 -0.00356972 0.999993 -0.220937 0.0583243 -0.0204573
FixedParameters: 0 0 0

#Transform 138
Transform: AffineTransform_float_3_3
Parameters: 0.999999 -0.00015837 0.000902414 0.000155628 0.999993 0.00373314 -0.000903587 -0.00373286 0.999992 -0.223814 0.0558771 -0.000797575
FixedParameters: 0 0 0

#Transform 139
Transform: AffineTransform_float_3_3
Parameters: 0.999999 -0.00012297 0.000783539 0.000120028 0.999993 0.00379009 -0.00078446 -0.0037899 0.999992 -0.199488 0.053012 0.0123042
FixedParameters: 0 0 0

#Transform 140
Transform: AffineTransform_float_3_3
Parameters: 0.999999 -0.000246835 0.00074807 0.000244165 0.999993 0.00378818 -0.00074893 -0.00378781 0.999992 -0.158403 0.0554782 -0.00901856
FixedParameters: 0 0 0

#Transform 141
Transform: AffineTransform_float_3_3
Parameters: 1 -0.000104305 0.000663642 0.000102694 0.999994 0.00347207 -0.00066436 -0.00347193 0.999994 -0.129822 0.0591776 -0.00765811
FixedParameters: 0 0 0

#Transform 142
Transform: AffineTransform_float_3_3
Parameters: 0.999999 -0.000246815 0.00077611 0.000244185 0.999994 0.00362519 -0.00077689 -0.00362481 0.999993 -0.124401 0.0576963 0.0186724
FixedParameters: 0 0 0

#Transform 143
Transform: AffineTransform_float_3_3
Parameters: 1 -0.000129795 0.00107355 0.000126204 0.999993 0.00353414 -0.00107445 -0.00353386 0.999993 -0.148861 0.0646394 0.0178548
FixedParameters: 0 0 0

#Transform 144
Transform: AffineTransform_float_3_3
Parameters: 0.999999 -0.000247737 0.000975058 0.000243263 0.999992 0.00383124 -0.000975939 -0.00383076 0.999992 -0.238172 0.0711122 0.0328854
FixedParameters: 0 0 0

#Transform 145
Transform: AffineTransform_float_3_3
Parameters: 0.999999 -0.000248715 0.00122405 0.000243284 0.999992 0.0038513 -0.00122495 -0.0038507 0.999992 -0.234452 0.0745034 0.0291673
FixedParameters: 0 0 0

#Transform 146
Transform: AffineTransform_float_3_3
Parameters: 0.999999 -0.000185761 0.00122929 0.00018124 0.999993 0.00387223 -0.00122971 -0.00387178 0.999991 -0.267849 0.0631054 0.0348405
FixedParameters: 0 0 0

#Transform 147
Transform: AffineTransform_float_3_3
Parameters: 1 -0.000248302 0.0011781 0.000243699 0.999994 0.00365029 -0.0011789 -0.00364971 0.999992 -0.196718 0.0638034 0.0208702
FixedParameters: 0 0 0

#Transform 148
Transform: AffineTransform_float_3_3
Parameters: 0.999999 -0.000347453 0.00122675 0.000343547 0.999994 0.00362742 -0.00122825 -0.00362758 0.999992 -0.175018 0.0601241 -0.00378034
FixedParameters: 0 0 0

#Transform 149
Transform: AffineTransform_float_3_3
Parameters: 0.999999 -0.000595778 0.00108694 0.000592222 0.999994 0.00347265 -0.00108906 -0.00347235 0.999994 -0.129961 0.0630716 -0.0140442
FixedParameters: 0 0 0

#Transform 150
Transform: AffineTransform_float_3_3
Parameters: 0.999999 -0.000247475 0.00100015 0.000243526 0.999994 0.00347224 -0.00100085 -0.00347275 0.999993 -0.134799 0.061763 -0.0188709
FixedParameters: 0 0 0

#Transform 151
Transform: AffineTransform_float_3_3
Parameters: 1 -0.000564248 0.00107979 0.000559751 0.999992 0.00393061 -0.00108221 -0.00392939 0.999991 -0.188605 0.0569624 0.0174228
FixedParameters: 0 0 0

#Transform 152
Transform: AffineTransform_float_3_3
Parameters: 1 -0.000418209 0.00110642 0.000413788 0.999992 0.00380246 -0.00110858 -0.00380154 0.999992 -0.217378 0.063256 0.0237814
FixedParameters: 0 0 0

#Transform 153
Transform: AffineTransform_float_3_3
Parameters: 1 -0.000248592 0.00115002 0.000243409 0.999992 0.00399028 -0.00115098 -0.00399072 0.999992 -0.220842 0.067151 0.0253123
FixedParameters: 0 0 0

#Transform 154
Transform: AffineTransform_float_3_3
Parameters: 1 -0.000362506 0.00114058 0.000357494 0.999992 0.00394741 -0.00114242 -0.00394759 0.999991 -0.179701 0.0641399 0.0171239
FixedParameters: 0 0 0

#Transform 155
Transform: AffineTransform_float_3_3
Parameters: 0.999999 -0.000404045 0.00124638 0.000399953 0.999991 0.0040445 -0.00124863 -0.0040445 0.999991 -0.177101 0.0686193 0.0205431
FixedParameters: 0 0 0

#Transform 156
Transform: AffineTransform_float_3_3
Parameters: 0.999999 -0.000695471 0.00115632 0.000691531 0.999993 0.0038618 -0.00115868 -0.0038612 0.999992 -0.124045 0.074 -0.00551541
FixedParameters: 0 0 0

#Transform 157
Transform: AffineTransform_float_3_3
Parameters: 0.999999 -0.000394912 0.00123744 0.000390086 0.999992 0.00396749 -0.00123956 -0.00396652 0.999992 -0.122422 0.0764751 0.0123159
FixedParameters: 0 0 0

#Transform 158
Transform: AffineTransform_float_3_3
Parameters: 1 -0.000351321 0.00108461 0.000346682 0.999992 0.00398138 -0.00108539 -0.00398062 0.999992 -0.13336 0.0762223 0.0360743
FixedParameters: 0 0 0

#Transform 159
Transform: AffineTransform_float_3_3
Parameters: 0.999999 -0.000564307 0.00129169 0.000558693 0.999992 0.00410473 -0.0012943 -0.00410427 0.99999 -0.214445 0.0752756 0.038438
FixedParameters: 0 0 0

#Transform 160
Transform: AffineTransform_float_3_3
Parameters: 0.999999 -0.000556255 0.00131679 0.000551744 0.999992 0.00398773 -0.00131921 -0.00398727 0.999991 -0.247007 0.0768348 0.0347882
FixedParameters: 0 0 0

#Transform 161
Transform: AffineTransform_float_3_3
Parameters: 0.999999 -0.000372999 0.00145848 0.000367003 0.999992 0.00411154 -0.00145952 -0.00411046 0.99999 -0.231443 0.0745329 0.0329663
FixedParameters: 0 0 0

#Transform 162
Transform: AffineTransform_float_3_3
Parameters: 0.999999 -0.000248989 0.00124701 0.000244011 0.999992 0.00399931 -0.00124799 -0.00399869 0.999991 -0.201203 0.0756137 0.0231507
FixedParameters: 0 0 0

#Transform 163
Transform: AffineTransform_float_3_3
Parameters: 0.999999 -0.000584118 0.00121856 0.000578881 0.999991 0.00419571 -0.00122144 -0.00419529 0.999991 -0.169853 0.0741037 0.0156921
FixedParameters: 0 0 0

#Transform 164
Transform: AffineTransform_float_3_3
Parameters: 1 -0.000383066 0.00111561 0.000378933 0.999994 0.00364243 -0.00111739 -0.00364157 0.999992 -0.120477 0.0806676 0.00227699
FixedParameters: 0 0 0

#Transform 165
Transform: AffineTransform_float_3_3
Parameters: 0.999999 -0.000700137 0.00114548 0.000696862 0.999993 0.0036078 -0.00114852 -0.0036072 0.999993 -0.118617 0.0798946 0.00221513
FixedParameters: 0 0 0

#Transform 166
Transform: AffineTransform_float_3_3
Parameters: 1 -0.000409608 0.00103758 0.00040639 0.999994 0.00347542 -0.00103942 -0.00347457 0.999993 -0.109152 0.0960804 0.0129449
FixedParameters: 0 0 0

#Transform 167
Transform: AffineTransform_float_3_3
Parameters: 1 -0.000395512 0.00114445 0.000390491 0.999992 0.00393945 -0.00114555 -0.00393955 0.999991 -0.16884 0.0801782 0.0231335
FixedParameters: 0 0 0

#Transform 168
Transform: AffineTransform_float_3_3
Parameters: 0.999999 -0.000653823 0.00127754 0.000649175 0.999992 0.00377183 -0.00128046 -0.00377117 0.999992 -0.221525 0.0876672 0.0324329
FixedParameters: 0 0 0

#Transform 169
Transform: AffineTransform_float_3_3
Parameters: 0.999999 -0.000370644 0.00123061 0.000366355 0.999993 0.00377145 -0.00123239 -0.00377155 0.999992 -0.244503 0.0868447 0.047649
FixedParameters: 0 0 0

#Transform 170
Transform: AffineTransform_float_3_3
Parameters: 0.999999 -0.000767116 0.00135512 0.000761884 0.999992 0.00377204 -0.00135788 -0.00377096 0.999992 -0.204666 0.0874339 0.037419
FixedParameters: 0 0 0

#Transform 171
Transform: AffineTransform_float_3_3
Parameters: 0.999999 -0.000315634 0.00144378 0.000309364 0.999993 0.00390145 -0.00144522 -0.00390055 0.999992 -0.183294 0.0770517 0.0303756
FixedParameters: 0 0 0

#Transform 172
Transform: AffineTransform_float_3_3
Parameters: 0.999999 -0.000511032 0.00123393 0.000505968 0.999991 0.00407463 -0.00123607 -0.00407437 0.999991 -0.138669 0.0754866 0.0157653
FixedParameters: 0 0 0

#Transform 173
Transform: AffineTransform_float_3_3
Parameters: 0.999999 -0.000668582 0.00173848 0.000662421 0.999992 0.00378316 -0.00174052 -0.00378284 0.999992 -0.111719 0.0823041 0.0154215
FixedParameters: 0 0 0

#Transform 174
Transform: AffineTransform_float_3_3
Parameters: 0.999999 -0.000666605 0.00127661 0.000662398 0.999994 0.00360385 -0.00127839 -0.00360315 0.999992 -0.106353 0.0921623 0.0278263
FixedParameters: 0 0 0

#Transform 175
Transform: AffineTransform_float_3_3
Parameters: 0.999999 -0.000515347 0.00115607 0.000511654 0.999993 0.00375659 -0.00115793 -0.00375641 0.999993 -0.167177 0.0928435 0.0321079
FixedParameters: 0 0 0

#Transform 176
Transform: AffineTransform_float_3_3
Parameters: 0.999999 -0.000667352 0.0014235 0.000662649 0.999992 0.00375695 -0.0014255 -0.00375605 0.999992 -0.222251 0.0933227 0.0316821
FixedParameters: 0 0 0

#Transform 177
Transform: AffineTransform_float_3_3
Parameters: 0.999999 -0.000581093 0.00135483 0.000576906 0.999993 0.00375678 -0.00135718 -0.00375621 0.999992 -0.225034 0.0800424 0.0421317
FixedParameters: 0 0 0

#Transform 178
Transform: AffineTransform_float_3_3
Parameters: 0.999999 -0.000321671 0.00118975 0.000317328 0.999993 0.00392438 -0.00119125 -0.00392362 0.999991 -0.205607 0.0768362 0.0306448
FixedParameters: 0 0 0

#Transform 179
Transform: AffineTransform_float_3_3
Parameters: 0.999999 -0.000578396 0.00131364 0.0005736 0.999991 0.00410575 -0.00131637 -0.00410424 0.99999 -0.193533 0.0888943 0.0231662
FixedParameters: 0 0 0

#Transform 180
Transform: AffineTransform_float_3_3
Parameters: 0.999999 -0.000602477 0.00119075 0.000598522 0.999993 0.00375672 -0.00119326 -0.00375628 0.999992 -0.134015 0.0800299 0.00311115
FixedParameters: 0 0 0

#Transform 181
Transform: AffineTransform_float_3_3
Parameters: 1 -0.000416181 0.00111245 0.00041282 0.999993 0.00375646 -0.00111356 -0.00375554 0.999993 -0.130458 0.0707563 0.00710582
FixedParameters: 0 0 0

#Transform 182
Transform: AffineTransform_float_3_3
Parameters: 1 -0.000508508 0.00103528 0.000504494 0.999994 0.00338552 -0.00103671 -0.00338547 0.999993 -0.119313 0.0905076 -0.000972716
FixedParameters: 0 0 0

#Transform 183
Transform: AffineTransform_float_3_3
Parameters: 1 -0.000376045 0.00112265 0.000371957 0.999994 0.00360142 -0.00112335 -0.00360058 0.999993 -0.152809 0.0803995 0.0201304
FixedParameters: 0 0 0

#Transform 184
Transform: AffineTransform_float_3_3
Parameters: 0.999999 -0.00066604 0.00113965 0.000661958 0.999993 0.00354176 -0.00114235 -0.00354124 0.999993 -0.197079 0.0841892 0.0267368
FixedParameters: 0 0 0

#Transform 185
Transform: AffineTransform_float_3_3
Parameters: 0.999999 -0.000503625 0.00125616 0.000499377 0.999993 0.00367863 -0.00125784 -0.00367837 0.999992 -0.210382 0.0772414 0.0422908
FixedParameters: 0 0 0

#Transform 186
Transform: AffineTransform_float_3_3
Parameters: 0.999999 -0.000572298 0.00118393 0.000568706 0.999994 0.00362668 -0.00118507 -0.00362632 0.999992 -0.187796 0.0753445 0.0383345
FixedParameters: 0 0 0

#Transform 187
Transform: AffineTransform_float_3_3
Parameters: 0.999999 -0.000486565 0.00121418 0.000482436 0.999993 0.00375659 -0.00121582 -0.00375641 0.999992 -0.154619 0.0749061 0.0400318
FixedParameters: 0 0 0

#Transform 188
Transform: AffineTransform_float_3_3
