# transform file /out/sourcedata/freesurfer/sub-v2s11x28717_ses-1/mri/transforms/cc_up.lta
# created by oesteban on Tue Mar 10 23:36:07 2026

type      = 0 # LINEAR_VOX_TO_VOX
nxforms   = 1
mean      = 159.0000 160.0000 160.0000
sigma     = 10000.0000
1 4 4
9.913359880447388e-01 7.542318850755692e-02 -1.075375452637672e-01 -2.722896385192871e+01 
-7.498329877853394e-02 9.971516132354736e-01 8.133993484079838e-03 1.271475076675415e+00 
1.078447252511978e-01 0.000000000000000e+00 9.941677451133728e-01 -4.456101608276367e+01 
0.000000000000000e+00 0.000000000000000e+00 0.000000000000000e+00 1.000000000000000e+00 
src volume info
valid = 1  # volume info valid
filename = /out/sourcedata/freesurfer/sub-v2s11x28717_ses-1/mri/norm.mgz
volume = 320 320 320
voxelsize = 7.999998927116394e-01 7.999998927116394e-01 7.999998927116394e-01
xras   = -1.000000000000000e+00 0.000000000000000e+00 0.000000000000000e+00
yras   = 0.000000000000000e+00 0.000000000000000e+00 -1.000000000000000e+00
zras   = 0.000000000000000e+00 1.000000000000000e+00 0.000000000000000e+00
cras   = 6.530456542968750e-01 -1.089387512207031e+01 3.390093994140625e+01
dst volume info
valid = 1  # volume info valid
filename = /out/sourcedata/freesurfer/sub-v2s11x28717_ses-1/mri/norm.mgz
volume = 320 320 320
voxelsize = 7.999998927116394e-01 7.999998927116394e-01 7.999998927116394e-01
xras   = -1.000000000000000e+00 0.000000000000000e+00 0.000000000000000e+00
yras   = 0.000000000000000e+00 0.000000000000000e+00 -1.000000000000000e+00
zras   = 0.000000000000000e+00 1.000000000000000e+00 0.000000000000000e+00
cras   = 6.530456542968750e-01 -1.089387512207031e+01 3.390093994140625e+01
