#Insight Transform File V1.0
#Transform 0
Transform: AffineTransform_float_3_3
Parameters: 1 1.7721e-07 -0.000495 1.7721e-07 1 0.000358 0.000495 -0.000358 1 0.00653828 -0.0571439 0.100168
FixedParameters: 0 0 0

#Transform 1
Transform: AffineTransform_float_3_3
Parameters: 1 2.20052e-07 -0.000406 2.20052e-07 1 0.000542 0.000406 -0.000542 1 0.012546 -0.061806 0.0883788
FixedParameters: 0 0 0

#Transform 2
Transform: AffineTransform_float_3_3
Parameters: 1 3.2683e-07 -0.000406 3.2683e-07 0.999999 0.000804999 0.000406 -0.000804999 0.999999 0.0125607 -0.0912528 0.0842061
FixedParameters: 0 0 0

#Transform 3
Transform: AffineTransform_float_3_3
Parameters: 1 0.000286952 5.62468e-05 -0.000287048 0.999999 0.000859983 -5.57531e-05 -0.000860015 0.999999 0.00615936 -0.0552667 0.0713842
FixedParameters: 0 0 0

#Transform 4
Transform: AffineTransform_float_3_3
Parameters: 1 5.3998e-07 -0.00058 -4.60019e-07 0.999999 0.000931 0.000580001 -0.000931 1 0.00610659 -0.0740419 0.0707339
FixedParameters: 0 0 0

#Transform 5
Transform: AffineTransform_float_3_3
Parameters: 1 0.000263094 -0.000124802 -0.000263906 0.999999 0.000751033 0.000125198 -0.000750967 0.999999 0.0128289 0.0127267 0.013404
FixedParameters: 0 0 0

#Transform 6
Transform: AffineTransform_float_3_3
Parameters: 1 2.61919e-07 -0.000527 2.61919e-07 1 0.000497 0.000527 -0.000497 0.999999 0.0112303 -0.0191139 0.0283636
FixedParameters: 0 0 0

#Transform 7
Transform: AffineTransform_float_3_3
Parameters: 1 4.5428e-08 -0.000277 4.5428e-08 1 0.000164 0.000277 -0.000164 1 0.0138089 -0.025424 0.00127794
FixedParameters: 0 0 0

#Transform 8
Transform: AffineTransform_float_3_3
Parameters: 1 -0.000211597 -0.000478178 0.000211402 0.999999 0.000841898 0.000477822 -0.000842101 0.999999 0.013894 -0.0875178 0.0428598
FixedParameters: 0 0 0

#Transform 9
Transform: AffineTransform_float_3_3
Parameters: 1 0.000183832 0.000142218 -0.000183168 1 0.00118497 -0.000141783 -0.00118503 1 0.0114532 -0.0664925 0.0178391
FixedParameters: 0 0 0

#Transform 10
Transform: AffineTransform_float_3_3
Parameters: 1 1.81742e-07 -0.000242 1.81742e-07 0.999999 0.000751 0.000242 -0.000751 0.999999 0.0141642 -0.0977586 0.0473378
FixedParameters: 0 0 0

#Transform 11
Transform: AffineTransform_float_3_3
Parameters: 1 0.000307829 0.000172307 -0.000308172 1 0.000995947 -0.000172693 -0.000996053 0.999999 -0.00395935 -0.0427282 0.0127942
FixedParameters: 0 0 0

#Transform 12
Transform: AffineTransform_float_3_3
Parameters: 1 1.9491e-07 -0.000365 1.9491e-07 1 0.000534 0.000365 -0.000534 1 0.0128838 -0.0421582 0.00636152
FixedParameters: 0 0 0

#Transform 13
Transform: AffineTransform_float_3_3
Parameters: 1 -1.813e-09 0.000259 -1.813e-09 1 7e-06 -0.000259 -7e-06 1 -0.00403789 -0.0292894 -0.00948093
FixedParameters: 0 0 0

#Transform 14
Transform: AffineTransform_float_3_3
Parameters: 1 -0.000451048 -0.000378942 0.000450951 1 -0.000128171 0.000379058 0.000127829 1 0.00728406 -0.0451315 0.0111486
FixedParameters: 0 0 0

#Transform 15
Transform: AffineTransform_float_3_3
Parameters: 1 -0.000450985 -0.000252027 0.000451015 1 5.88863e-05 0.000251973 -5.91136e-05 1 0.018549 -0.0684015 0.0124374
FixedParameters: 0 0 0

#Transform 16
Transform: AffineTransform_float_3_3
Parameters: 1 -0.000450905 -0.000216199 0.000451095 1 0.000440902 0.000215801 -0.000441097 1 0.0189223 -0.0926512 0.0378807
FixedParameters: 0 0 0

#Transform 17
Transform: AffineTransform_float_3_3
Parameters: 1 1.21784e-05 -0.00022299 -1.18216e-05 0.999999 0.000800002 0.000223009 -0.000799997 0.999999 0.00901179 -0.0698527 0.0279313
FixedParameters: 0 0 0

#Transform 18
Transform: AffineTransform_float_3_3
Parameters: 1 0.000152804 0.000260115 -0.000153196 0.999999 0.00075396 -0.000259884 -0.000754039 0.999999 -0.00844064 -0.0874667 0.0331513
FixedParameters: 0 0 0

#Transform 19
Transform: AffineTransform_float_3_3
Parameters: 1 5.06466e-06 -0.000148998 -4.93533e-06 1 0.000434001 0.000149002 -0.000433999 1 0.0151009 -0.0264631 -0.0132154
FixedParameters: 0 0 0

#Transform 20
Transform: AffineTransform_float_3_3
Parameters: 1 -0.000109058 -0.00015696 0.000108942 1 -0.000371017 0.00015604 0.000370983 1 0.00204809 0.00453975 -0.0141697
FixedParameters: 0 0 0

#Transform 21
Transform: AffineTransform_float_3_3
Parameters: 1 -0.00019004 -0.000203963 0.00018996 1 -0.000196039 0.000204037 0.000195961 1 0.0164796 -0.019583 0.00959657
FixedParameters: 0 0 0

#Transform 22
Transform: AffineTransform_float_3_3
Parameters: 1 -0.000278902 -0.000204134 0.000279098 1 0.000481943 0.000203865 -0.000482057 1 0.0173763 -0.0591585 0.0221247
FixedParameters: 0 0 0

#Transform 23
Transform: AffineTransform_float_3_3
Parameters: 1 -0.000108819 -0.000204096 0.000109181 0.999999 0.000885977 0.000203903 -0.000886021 0.999999 0.01161 -0.093362 0.0665684
FixedParameters: 0 0 0

#Transform 24
Transform: AffineTransform_float_3_3
Parameters: 1 0.000213984 1.62078e-05 -0.000214015 0.999999 0.000970996 -1.57922e-05 -0.000971002 0.999999 -0.00224547 -0.0633779 0.0409623
FixedParameters: 0 0 0

#Transform 25
Transform: AffineTransform_float_3_3
Parameters: 1 9.71729e-05 -0.000203918 -9.68269e-05 0.999999 0.000848019 0.000204082 -0.00084798 0.999999 0.000909071 -0.0618855 0.041664
FixedParameters: 0 0 0

#Transform 26
Transform: AffineTransform_float_3_3
Parameters: 1 -0.000109196 0.000369942 0.000108804 1 0.00053004 -0.000370058 -0.000529959 1 -0.0129334 0.0207456 0.00481361
FixedParameters: 0 0 0

#Transform 27
Transform: AffineTransform_float_3_3
Parameters: 1 -0.000469983 0.000215038 0.000470017 1 -7.98989e-05 -0.000214963 7.9101e-05 1 -0.025114 0.00582395 0.0349385
FixedParameters: 0 0 0

#Transform 28
Transform: AffineTransform_float_3_3
Parameters: 1 -0.00036424 0.000309718 0.00036376 0.999999 0.000774112 -0.000310281 -0.000773887 0.999999 -0.00603571 -0.0132779 0.0109377
FixedParameters: 0 0 0

#Transform 29
Transform: AffineTransform_float_3_3
Parameters: 1 -0.000331135 0.000309856 0.000330865 1 0.000436102 -0.000310144 -0.000435897 1 -0.0181841 -0.0959128 0.0374123
FixedParameters: 0 0 0

#Transform 30
Transform: AffineTransform_float_3_3
Parameters: 1 -0.000125289 0.000309883 0.000124711 0.999999 0.000932038 -0.000310116 -0.00093196 0.999999 -0.0142862 -0.0657643 0.0189202
FixedParameters: 0 0 0

#Transform 31
Transform: AffineTransform_float_3_3
Parameters: 1 3.36986e-05 0.000310033 -3.43013e-05 0.999999 0.000971989 -0.000309967 -0.00097201 1 0.000201855 -0.0869437 0.0305739
FixedParameters: 0 0 0

#Transform 32
Transform: AffineTransform_float_3_3
Parameters: 1 0.000129571 0.000635088 -0.00013043 1 0.000676918 -0.000635912 -0.000676083 1 -0.0026032 -0.0167086 0.00461353
FixedParameters: 0 0 0

#Transform 33
Transform: AffineTransform_float_3_3
Parameters: 1 -9.40608e-05 0.000660991 9.39391e-05 1 9.20621e-05 -0.000661008 -9.19378e-05 1 -0.0146796 -0.0217 0.0115099
FixedParameters: 0 0 0

#Transform 34
Transform: AffineTransform_float_3_3
Parameters: 1 -9.40198e-05 0.000309994 9.39801e-05 1 6.40291e-05 -0.000310006 -6.39709e-05 1 -0.019172 -0.0203805 -0.0038257
FixedParameters: 0 0 0

#Transform 35
Transform: AffineTransform_float_3_3
Parameters: 1 -0.000264147 0.000301871 0.000263853 1 0.00048708 -0.000302128 -0.00048692 1 0.00046641 -0.0642943 0.0230125
FixedParameters: 0 0 0

#Transform 36
Transform: AffineTransform_float_3_3
Parameters: 1 -9.42187e-05 0.000232912 9.37811e-05 0.999999 0.000939021 -0.000233088 -0.000938977 0.999999 -0.013699 -0.0764242 0.0523846
FixedParameters: 0 0 0

#Transform 37
Transform: AffineTransform_float_3_3
Parameters: 1 -9.3855e-05 -0.000173079 9.41449e-05 0.999999 0.000837983 0.000172921 -0.000838016 0.999999 0.00811115 -0.10237 0.05231
FixedParameters: 0 0 0

#Transform 38
Transform: AffineTransform_float_3_3
Parameters: 1 0.000290676 0.000359262 -0.000291323 0.999999 0.000900895 -0.000358737 -0.000901104 0.999999 -0.0204336 -0.0274847 0.0155881
FixedParameters: 0 0 0

#Transform 39
Transform: AffineTransform_float_3_3
Parameters: 1 -2.11188e-05 0.000284991 2.08811e-05 1 0.000417006 -0.000285009 -0.000416994 1 -0.00954373 -0.0188255 0.0139467
FixedParameters: 0 0 0

#Transform 40
Transform: AffineTransform_float_3_3
Parameters: 1 -1.19612e-05 -0.000128004 1.20388e-05 1 0.000302998 0.000127996 -0.000303002 1 -0.0235252 -0.0194111 0.0394831
FixedParameters: 0 0 0

#Transform 41
Transform: AffineTransform_float_3_3
Parameters: 1 -1.20542e-05 6.99907e-05 1.19458e-05 0.999999 0.000774 -7.00092e-05 -0.000773999 0.999999 -0.00613043 -0.0525951 0.0433504
FixedParameters: 0 0 0

#Transform 42
Transform: AffineTransform_float_3_3
Parameters: 1 -1.18573e-05 -0.000138012 1.21427e-05 1 0.001034 0.000137988 -0.001034 1 0.00762868 -0.0792985 0.0822986
FixedParameters: 0 0 0

#Transform 43
Transform: AffineTransform_float_3_3
Parameters: 1 0.000172855 0.000105239 -0.000173145 0.999999 0.00138298 -0.000104761 -0.00138302 0.999999 -0.00610281 -0.0609193 0.0452761
FixedParameters: 0 0 0

#Transform 44
Transform: AffineTransform_float_3_3
Parameters: 1 0.00017065 0.000338177 -0.000171349 1 0.00103394 -0.000337823 -0.00103406 1 -0.00710371 -0.0337901 0.039588
FixedParameters: 0 0 0

#Transform 45
Transform: AffineTransform_float_3_3
Parameters: 1 0.000170619 0.000489133 -0.00017138 0.999999 0.000777916 -0.000488867 -0.000778083 0.999999 -0.00658618 0.0321536 0.00879766
FixedParameters: 0 0 0

#Transform 46
Transform: AffineTransform_float_3_3
Parameters: 1 -0.000469843 -0.000374197 0.000470157 1 0.000419824 0.000373802 -0.000420176 1 0.00978981 0.0105122 0.0359663
FixedParameters: 0 0 0

#Transform 47
Transform: AffineTransform_float_3_3
Parameters: 1 -0.000503972 -2.55609e-05 0.000504028 1 0.00111299 2.4439e-05 -0.00111301 1 -0.00502294 -0.0252134 0.0163985
FixedParameters: 0 0 0

#Transform 48
Transform: AffineTransform_float_3_3
Parameters: 1 -0.000270912 -8.62764e-05 0.000271088 1 0.00101998 8.57236e-05 -0.00102002 1 0.0107445 -0.0898602 0.0580943
FixedParameters: 0 0 0

#Transform 49
Transform: AffineTransform_float_3_3
Parameters: 1 -0.000271447 0.00032763 0.000271553 0.999999 0.00136309 -0.00032837 -0.00136291 0.999999 0.0149866 -0.0552919 0.0175277
FixedParameters: 0 0 0

#Transform 50
Transform: AffineTransform_float_3_3
Parameters: 1 -2.73414e-06 0.000573997 2.26585e-06 0.999999 0.001279 -0.000574003 -0.001279 0.999999 -0.00113623 -0.0721824 0.0365449
FixedParameters: 0 0 0

#Transform 51
Transform: AffineTransform_float_3_3
Parameters: 1 -0.000271341 0.00038576 0.000271659 0.999999 0.000884104 -0.00038624 -0.000883895 0.999999 -0.0103975 0.00716923 0.00814515
FixedParameters: 0 0 0

#Transform 52
Transform: AffineTransform_float_3_3
Parameters: 1 -0.000270832 -0.000329138 0.000271168 1 0.000509911 0.000328862 -0.000510089 1 -0.00173959 -0.00451826 -0.0010437
FixedParameters: 0 0 0

#Transform 53
Transform: AffineTransform_float_3_3
Parameters: 1 -0.000271159 0.000388889 0.000270841 1 0.000408105 -0.00038911 -0.000407894 1 -0.00190611 -0.0275299 0.00330587
FixedParameters: 0 0 0

#Transform 54
Transform: AffineTransform_float_3_3
Parameters: 0.999999 -0.000271732 0.000663701 0.000271269 1 0.00110118 -0.000664299 -0.00110182 0.999999 -0.00322097 -0.0798526 0.0713708
FixedParameters: 0 0 0

#Transform 55
Transform: AffineTransform_float_3_3
Parameters: 1 8.31228e-05 0.000582126 -8.38784e-05 0.999999 0.00150695 -0.000582874 -0.00150705 0.999998 0.00672931 -0.0431196 0.0301931
FixedParameters: 0 0 0

#Transform 56
Transform: AffineTransform_float_3_3
Parameters: 1 5.30524e-05 0.00056409 -5.39474e-05 0.999998 0.00167997 -0.00056391 -0.00168003 0.999999 0.00708045 -0.0569467 0.0184221
FixedParameters: 0 0 0

#Transform 57
Transform: AffineTransform_float_3_3
Parameters: 1 8.19578e-05 0.000697123 -8.30419e-05 0.999999 0.00149494 -0.000696876 -0.00149506 0.999998 0.00630878 -0.0333017 0.00683437
FixedParameters: 0 0 0

#Transform 58
Transform: AffineTransform_float_3_3
Parameters: 0.999999 -0.000271784 0.000745715 0.000271217 1 0.0010512 -0.000745285 -0.0010508 0.999999 0.00395601 -0.00898558 -0.0158206
FixedParameters: 0 0 0

#Transform 59
Transform: AffineTransform_float_3_3
Parameters: 0.999999 -0.000271322 0.000760885 0.000271679 1 0.000422207 -0.000760114 -0.000422794 0.999999 -0.00162808 0.0318341 -0.0041613
FixedParameters: 0 0 0

#Transform 60
Transform: AffineTransform_float_3_3
Parameters: 1 -0.000700022 7.27816e-05 0.000699977 0.999999 0.000312051 -7.22184e-05 -0.000311949 1 0.00766119 -0.030012 0.0256801
FixedParameters: 0 0 0

#Transform 61
Transform: AffineTransform_float_3_3
Parameters: 1 -0.000271148 0.000138712 0.000270853 1 0.00106304 -0.000138288 -0.00106296 1 0.0172714 -0.0518688 0.0590703
FixedParameters: 0 0 0

#Transform 62
Transform: AffineTransform_float_3_3
Parameters: 1 -0.000271009 7.67778e-06 0.000270992 1 0.001189 -7.32222e-06 -0.001189 1 0.0195371 -0.0866775 0.0815792
FixedParameters: 0 0 0

#Transform 63
Transform: AffineTransform_float_3_3
Parameters: 1 -0.000270929 -5.93233e-05 0.000271071 1 0.00119298 5.96767e-05 -0.00119302 1 0.0182807 -0.0639005 0.059976
FixedParameters: 0 0 0

#Transform 64
Transform: AffineTransform_float_3_3
Parameters: 1 -0.000271297 0.000218632 0.000271704 0.999999 0.00135606 -0.000218369 -0.00135594 0.999999 0.0200812 -0.0675553 0.0603196
FixedParameters: 0 0 0

#Transform 65
Transform: AffineTransform_float_3_3
Parameters: 1 -0.000271793 0.000637662 0.000271208 0.999999 0.00124317 -0.000637338 -0.00124383 0.999999 0.0085376 0.0125271 0.0123086
FixedParameters: 0 0 0

#Transform 66
Transform: AffineTransform_float_3_3
Parameters: 1 -0.000328978 -3.91829e-05 0.000329022 1 0.000555987 3.88171e-05 -0.000556013 1 0.0162887 0.0168915 0.0445475
FixedParameters: 0 0 0

#Transform 67
Transform: AffineTransform_float_3_3
Parameters: 1 -0.000530997 -0.000121011 0.000531002 1 2.09357e-05 0.000120989 -2.10642e-05 1 0.0155975 0.0496277 0.0381828
FixedParameters: 0 0 0

#Transform 68
Transform: AffineTransform_float_3_3
Parameters: 1 -0.000458282 0.000296565 0.000457719 1 0.000949137 -0.000296435 -0.000948865 1 0.00985252 -0.0269202 0.0593024
FixedParameters: 0 0 0

#Transform 69
Transform: AffineTransform_float_3_3
Parameters: 1 -0.000231794 -0.000169282 0.000232207 0.999999 0.00121696 0.000169718 -0.00121704 0.999999 0.0142628 -0.051742 0.0857596
FixedParameters: 0 0 0

#Transform 70
Transform: AffineTransform_float_3_3
Parameters: 1 -5.69378e-05 0.000601912 5.6062e-05 0.999999 0.00155803 -0.000602088 -0.00155797 0.999998 0.00784213 -0.0257602 0.0536679
FixedParameters: 0 0 0

#Transform 71
Transform: AffineTransform_float_3_3
Parameters: 1 7.77951e-05 0.000137116 -7.82047e-05 0.999999 0.00149499 -0.000136883 -0.00149501 0.999999 -0.0105721 -0.064574 0.0508489
FixedParameters: 0 0 0

#Transform 72
Transform: AffineTransform_float_3_3
Parameters: 1 8.27523e-05 0.000690151 -8.42474e-05 0.999999 0.00180794 -0.000689849 -0.00180806 0.999998 0.00741271 -0.0186465 0.0328773
FixedParameters: 0 0 0

#Transform 73
Transform: AffineTransform_float_3_3
Parameters: 1 -8.03817e-06 0.000596987 6.9618e-06 0.999998 0.001739 -0.000597013 -0.001739 0.999999 -0.0132981 0.0344071 0.0134321
FixedParameters: 0 0 0

#Transform 74
Transform: AffineTransform_float_3_3
Parameters: 1 -0.000251643 0.000596729 0.000251357 1 0.00107715 -0.000597271 -0.00107685 0.999999 -0.0108995 0.0456087 0.00667685
FixedParameters: 0 0 0

#Transform 75
Transform: AffineTransform_float_3_3
Parameters: 0.999999 -0.000637356 0.000440485 0.000637643 0.999999 0.00080828 -0.000441515 -0.000807718 0.999999 0.00996402 0.0290871 0.0225609
FixedParameters: 0 0 0

#Transform 76
Transform: AffineTransform_float_3_3
Parameters: 0.999999 -0.000780492 0.000334854 0.000779507 0.999998 0.00146826 -0.000336144 -0.00146774 0.999999 0.00305224 0.00206383 0.0482593
FixedParameters: 0 0 0

#Transform 77
Transform: AffineTransform_float_3_3
Parameters: 1 -0.000780781 0.000595979 0.000779219 0.999999 0.00130946 -0.000597021 -0.00130853 0.999999 -0.00927336 -0.0417256 0.0810002
FixedParameters: 0 0 0

#Transform 78
Transform: AffineTransform_float_3_3
Parameters: 1 -0.000295746 0.000454515 0.000295253 0.999998 0.00164113 -0.000455485 -0.00164086 0.999998 0.0103477 -0.00973978 0.0695132
FixedParameters: 0 0 0

#Transform 79
Transform: AffineTransform_float_3_3
Parameters: 1 -0.000138086 0.000587746 0.000136914 0.999999 0.00184708 -0.000588254 -0.00184692 0.999998 0.0137896 -0.0303137 0.0594706
FixedParameters: 0 0 0

#Transform 80
Transform: AffineTransform_float_3_3
Parameters: 1 -9.40117e-05 0.000596842 9.29879e-05 0.999998 0.00169506 -0.000597159 -0.00169494 0.999999 0.00810761 0.0119641 0.03794
FixedParameters: 0 0 0

#Transform 81
Transform: AffineTransform_float_3_3
Parameters: 1 -0.000132661 0.000596853 0.000132338 1 0.00110808 -0.000597147 -0.00110792 0.999999 -0.00688039 0.0134761 0.0382611
FixedParameters: 0 0 0

#Transform 82
Transform: AffineTransform_float_3_3
Parameters: 1 -0.000325461 0.000596748 0.000325539 0.999999 0.000772194 -0.000597251 -0.000772805 0.999999 0.0103919 0.0757753 0.0362739
FixedParameters: 0 0 0

#Transform 83
Transform: AffineTransform_float_3_3
Parameters: 1 -0.000615865 -0.000187443 0.000616134 0.999999 0.000719884 0.000186556 -0.000720115 0.999999 0.0194419 -0.00599335 0.0780306
FixedParameters: 0 0 0

#Transform 84
Transform: AffineTransform_float_3_3
Parameters: 1 -0.000282323 0.000232609 0.000281678 0.999999 0.00138707 -0.000232391 -0.00138693 0.999999 0.0162112 -0.0192312 0.0827599
FixedParameters: 0 0 0

#Transform 85
Transform: AffineTransform_float_3_3
Parameters: 1 -0.000265846 -0.000113362 0.000266155 0.999999 0.00136297 0.000113637 -0.00136303 0.999999 0.0177613 -0.0543314 0.0972058
FixedParameters: 0 0 0

#Transform 86
Transform: AffineTransform_float_3_3
Parameters: 1 4.54852e-05 0.000342069 -4.55146e-05 0.999999 0.00150498 -0.000341932 -0.00150502 0.999999 0.0223546 -0.0197516 0.0630365
FixedParameters: 0 0 0

#Transform 87
Transform: AffineTransform_float_3_3
Parameters: 1 -0.000322947 -3.64741e-05 0.000323052 0.999999 0.00146799 3.55258e-05 -0.00146801 0.999999 0.0298878 -0.0281891 0.0602802
FixedParameters: 0 0 0

#Transform 88
Transform: AffineTransform_float_3_3
Parameters: 1 -0.00022722 0.000210763 0.000226779 1 0.00104505 -0.000211237 -0.00104495 1 -3.15914e-05 0.0269942 0.0166172
FixedParameters: 0 0 0

#Transform 89
Transform: AffineTransform_float_3_3
Parameters: 0.999999 -0.000865957 -7.25195e-05 0.000866043 1 0.000599938 7.14803e-05 -0.000600062 1 0.0154479 0.0350907 0.00496216
FixedParameters: 0 0 0

#Transform 90
Transform: AffineTransform_float_3_3
Parameters: 0.999999 -0.000866099 0.00019556 0.0008659 0.999999 0.000508169 -0.00019644 -0.00050783 1 0.00796755 0.0353334 -0.0184257
FixedParameters: 0 0 0

#Transform 91
Transform: AffineTransform_float_3_3
Parameters: 1 -0.000616409 0.000313196 0.000616591 0.999999 0.00130519 -0.000313805 -0.00130481 0.999999 0.013023 -0.0163718 0.0102741
FixedParameters: 0 0 0

#Transform 92
Transform: AffineTransform_float_3_3
Parameters: 1 -0.000616331 0.000227102 0.000616668 0.999998 0.00145814 -0.000227899 -0.00145786 0.999999 0.0362239 -0.013714 0.0306033
FixedParameters: 0 0 0

#Transform 93
Transform: AffineTransform_float_3_3
Parameters: 1 -0.000616476 0.000256859 0.000616523 0.999998 0.00185116 -0.000258142 -0.00185084 0.999999 0.0345689 -0.0200768 0.0360441
FixedParameters: 0 0 0

#Transform 94
Transform: AffineTransform_float_3_3
Parameters: 1 -0.000296572 0.00031346 0.000296429 0.999999 0.00182209 -0.000313541 -0.00182191 0.999999 0.0281186 0.00394892 0.0155449
FixedParameters: 0 0 0

#Transform 95
Transform: AffineTransform_float_3_3
Parameters: 1 -0.000257624 0.000313489 0.000256378 0.999998 0.00198708 -0.00031351 -0.00198792 0.999998 0.0177287 -0.0348258 0.0106135
FixedParameters: 0 0 0

#Transform 96
Transform: AffineTransform_float_3_3
Parameters: 0.999999 -0.000392058 0.000615327 0.000390942 0.999999 0.00171924 -0.000615673 -0.00171876 0.999999 0.0180337 0.0310647 -0.0263089
FixedParameters: 0 0 0

#Transform 97
Transform: AffineTransform_float_3_3
Parameters: 1 -0.000616342 0.000256179 0.000616658 0.999999 0.00133316 -0.000256822 -0.00133284 0.999999 0.0211444 0.0247315 -0.0180976
FixedParameters: 0 0 0

#Transform 98
Transform: AffineTransform_float_3_3
Parameters: 1 -0.000616172 0.000223525 0.000615827 0.999999 0.000771137 -0.000224475 -0.000770861 0.999999 0.0292207 0.0662388 -0.00967819
FixedParameters: 0 0 0

#Transform 99
Transform: AffineTransform_float_3_3
Parameters: 0.999999 -0.000812264 0.000195908 0.000812736 0.999999 0.00134516 -0.000196093 -0.00134484 0.999999 0.0291198 -0.000953378 0.032015
FixedParameters: 0 0 0

#Transform 100
Transform: AffineTransform_float_3_3
Parameters: 1 -0.000616364 0.000251107 0.000616635 0.999999 0.00144915 -0.000251894 -0.00144884 0.999999 0.0275208 -0.00946496 0.0735947
FixedParameters: 0 0 0

#Transform 101
Transform: AffineTransform_float_3_3
Parameters: 1 -0.00044417 0.000100251 0.000443831 0.999999 0.00168604 -0.000100748 -0.00168596 0.999998 0.0218244 -0.0289248 0.0826903
FixedParameters: 0 0 0

#Transform 102
Transform: AffineTransform_float_3_3
Parameters: 1 -0.000154144 0.00010078 0.000153856 0.999999 0.00142502 -0.000101219 -0.00142498 0.999999 0.0148106 -0.00262798 0.056735
FixedParameters: 0 0 0

#Transform 103
Transform: AffineTransform_float_3_3
Parameters: 1 -0.000262707 0.000428567 0.000261292 0.999998 0.00164911 -0.000429431 -0.00164889 0.999998 0.0127354 -0.0225928 0.0573801
FixedParameters: 0 0 0

#Transform 104
Transform: AffineTransform_float_3_3
Parameters: 1 -0.000162165 0.000182854 0.000161836 0.999999 0.000901029 -0.000182146 -0.00090097 0.999999 0.000621136 0.0499615 0.0186838
FixedParameters: 0 0 0

#Transform 105
Transform: AffineTransform_float_3_3
Parameters: 0.999999 -0.000616292 0.000428579 0.000615706 0.999999 0.000683264 -0.00042942 -0.000682735 0.999999 0.00897178 0.0470922 0.0213099
FixedParameters: 0 0 0

#Transform 106
Transform: AffineTransform_float_3_3
Parameters: 0.999999 -0.000854017 6.37651e-05 0.000853982 0.999999 0.000275054 -6.42357e-05 -0.000275945 1 0.0217264 0.0645405 0.0305062
FixedParameters: 0 0 0

#Transform 107
Transform: AffineTransform_float_3_3
Parameters: 1 -0.00108807 6.27248e-05 0.00108793 0.999998 0.00117207 -6.42751e-05 -0.00117193 1 0.0184366 0.0111319 0.0559062
FixedParameters: 0 0 0

#Transform 108
Transform: AffineTransform_float_3_3
Parameters: 0.999999 -0.000749192 0.000139971 0.000749808 0.999999 0.00137311 -0.00014003 -0.0013729 0.999999 0.037558 0.0076406 0.035383
FixedParameters: 0 0 0

#Transform 109
Transform: AffineTransform_float_3_3
Parameters: 1 -0.000524789 -0.000120919 0.000524211 0.999999 0.00175094 0.000120083 -0.00175006 0.999999 0.0356449 -0.0201155 0.0594088
FixedParameters: 0 0 0

#Transform 110
Transform: AffineTransform_float_3_3
Parameters: 1 -0.000421908 -4.97886e-05 0.000422093 0.999998 0.00186898 4.92112e-05 -0.00186902 0.999999 0.0294771 0.0145277 0.0540972
FixedParameters: 0 0 0

#Transform 111
Transform: AffineTransform_float_3_3
Parameters: 1 -0.000297328 0.000175445 0.000296671 0.999998 0.00186905 -0.000176555 -0.00186895 0.999998 0.0339112 -0.0108542 0.0479133
FixedParameters: 0 0 0

#Transform 112
Transform: AffineTransform_float_3_3
Parameters: 1 -0.000247362 0.0002236 0.000246638 0.999998 0.00161605 -0.000224399 -0.00161594 0.999998 0.0161279 0.0654063 0.020413
FixedParameters: 0 0 0

#Transform 113
Transform: AffineTransform_float_3_3
Parameters: 1 -0.000468271 0.000223434 0.000468729 0.999999 0.00121011 -0.000224567 -0.0012099 0.999999 0.0241962 0.0429165 0.0154103
FixedParameters: 0 0 0

#Transform 114
Transform: AffineTransform_float_3_3
Parameters: 1 -0.000617095 0.000223738 0.000616905 0.999999 0.000424138 -0.000224261 -0.000423862 1 0.0235527 0.0943599 0.0122779
FixedParameters: 0 0 0

#Transform 115
Transform: AffineTransform_float_3_3
Parameters: 0.999999 -0.000811045 5.02814e-05 0.000810954 1 0.000886041 -5.17185e-05 -0.000885958 0.999999 0.0350361 0.0266112 0.0189818
FixedParameters: 0 0 0

#Transform 116
Transform: AffineTransform_float_3_3
Parameters: 0.999999 -0.000810961 -2.71678e-05 0.000811037 0.999998 0.00143998 2.58321e-05 -0.00144002 0.999999 0.0330355 -0.0308872 0.0240014
FixedParameters: 0 0 0

#Transform 117
Transform: AffineTransform_float_3_3
Parameters: 1 -0.00081247 0.000901679 0.000810532 0.999999 0.00162873 -0.000902322 -0.00162827 0.999999 0.0271999 -0.010287 0.0219332
FixedParameters: 0 0 0

#Transform 118
Transform: AffineTransform_float_3_3
Parameters: 0.999999 -0.000508018 0.000598137 0.000506982 0.999999 0.00170131 -0.000598863 -0.0017007 0.999999 0.0185115 -0.0137172 0.0532117
FixedParameters: 0 0 0

#Transform 119
Transform: AffineTransform_float_3_3
Parameters: 1 -0.000224888 0.000970565 0.000222114 0.999998 0.00194422 -0.000970434 -0.00194478 0.999997 0.018215 0.023285 0.0278572
FixedParameters: 0 0 0

#Transform 120
Transform: AffineTransform_float_3_3
Parameters: 1 -0.000794158 0.000727739 0.000792843 0.999999 0.00158958 -0.00072926 -0.00158842 0.999998 0.0150916 0.0369254 -0.00899935
FixedParameters: 0 0 0

#Transform 121
Transform: AffineTransform_float_3_3
Parameters: 0.999999 -0.000900305 0.000322148 0.000900695 0.999999 0.00094629 -0.000322852 -0.000945709 0.999999 0.0199756 0.0368835 -0.0133544
FixedParameters: 0 0 0

#Transform 122
Transform: AffineTransform_float_3_3
Parameters: 1 -0.00100722 0.000432478 0.00100678 1 0.000518436 -0.000433521 -0.000517564 1 0.0273268 0.0553714 0.0073525
FixedParameters: 0 0 0

#Transform 123
Transform: AffineTransform_float_3_3
Parameters: 0.999999 -0.00100718 0.000221164 0.00100682 0.999999 0.000830223 -0.000221835 -0.000829777 0.999999 0.0301853 0.0345397 0.0229664
FixedParameters: 0 0 0

#Transform 124
Transform: AffineTransform_float_3_3
Parameters: 1 -0.0010073 0.000220618 0.0010067 0.999998 0.00137222 -0.000221381 -0.00137178 0.999999 0.0291739 0.00764228 0.0492681
FixedParameters: 0 0 0

#Transform 125
Transform: AffineTransform_float_3_3
Parameters: 0.999999 -0.000760387 0.000220669 0.000760613 0.999998 0.00175117 -0.000221332 -0.00175083 0.999999 0.0310072 -0.0171475 0.0744316
FixedParameters: 0 0 0

#Transform 126
Transform: AffineTransform_float_3_3
Parameters: 1 -0.000529415 0.000221008 0.000529585 0.999998 0.00187512 -0.000221993 -0.00187488 0.999998 0.0247205 -0.0137037 0.0763059
FixedParameters: 0 0 0

#Transform 127
Transform: AffineTransform_float_3_3
Parameters: 1 -0.000527403 0.00022104 0.000526597 0.999998 0.00182012 -0.000221959 -0.00182088 0.999999 0.0216674 0.030885 0.0422406
FixedParameters: 0 0 0

#Transform 128
Transform: AffineTransform_float_3_3
Parameters: 1 -0.00100729 0.000220683 0.00100671 0.999998 0.00130822 -0.000221318 -0.00130878 0.999999 0.0214624 0.0596608 0.0397908
FixedParameters: 0 0 0

#Transform 129
Transform: AffineTransform_float_3_3
Parameters: 0.999999 -0.000873168 0.00022134 0.000873833 1 0.000756194 -0.000221661 -0.000756807 0.999999 0.0144921 0.0670131 0.0157364
FixedParameters: 0 0 0

#Transform 130
Transform: AffineTransform_float_3_3
Parameters: 0.999999 -0.00100682 -0.000176031 0.00100718 0.999999 0.00102382 0.00017497 -0.00102318 1 0.0180288 0.0331804 0.0591503
FixedParameters: 0 0 0

#Transform 131
Transform: AffineTransform_float_3_3
Parameters: 1 -0.00100729 0.000220692 0.00100671 0.999998 0.00129922 -0.000221308 -0.00129878 0.999999 0.0300235 0.0265159 0.0247445
FixedParameters: 0 0 0

#Transform 132
Transform: AffineTransform_float_3_3
Parameters: 1 -0.00100733 0.000220498 0.00100667 0.999999 0.00149122 -0.000221502 -0.00149178 0.999999 0.0340173 -0.0168488 0.0794467
FixedParameters: 0 0 0

#Transform 133
Transform: AffineTransform_float_3_3
Parameters: 1 -0.000480409 0.000221114 0.000480591 0.999998 0.00184511 -0.000221887 -0.00184489 0.999999 0.0265474 0.0192605 0.0483672
FixedParameters: 0 0 0

#Transform 134
Transform: AffineTransform_float_3_3
Parameters: 1 -0.000650345 0.000220986 0.000649654 0.999998 0.00155914 -0.000222013 -0.00155885 0.999999 0.0163055 0.0179238 0.0511283
FixedParameters: 0 0 0

#Transform 135
Transform: AffineTransform_float_3_3
Parameters: 0.999999 -0.000736184 0.00022139 0.000735817 1 0.000828163 -0.00022161 -0.000828837 0.999999 0.0191038 0.0797056 0.012593
FixedParameters: 0 0 0

#Transform 136
Transform: AffineTransform_float_3_3
Parameters: 1 -0.00100702 8.07573e-05 0.00100698 1 0.000241082 -8.12427e-05 -0.000240918 1 0.0293545 0.069277 0.0170181
FixedParameters: 0 0 0

#Transform 137
Transform: AffineTransform_float_3_3
Parameters: 1 -0.00100718 0.000221164 0.00100682 0.999999 0.000830223 -0.000221836 -0.000829777 0.999999 0.0345184 0.0439994 0.0136506
FixedParameters: 0 0 0

#Transform 138
Transform: AffineTransform_float_3_3
Parameters: 1 -0.0010076 0.000359313 0.0010074 0.999998 0.00167536 -0.000360688 -0.00167464 0.999998 0.0363065 -0.0181547 0.0517799
FixedParameters: 0 0 0

#Transform 139
Transform: AffineTransform_float_3_3
Parameters: 1 -0.000627385 0.00022091 0.000626615 0.999999 0.00173814 -0.000222089 -0.00173786 0.999998 0.0248113 -0.0115952 0.0666159
FixedParameters: 0 0 0

#Transform 140
Transform: AffineTransform_float_3_3
Parameters: 1 -0.000363032 0.000502255 0.000361968 0.999998 0.00205418 -0.000502744 -0.00205382 0.999998 0.0189007 -0.00314942 0.0438314
FixedParameters: 0 0 0

#Transform 141
Transform: AffineTransform_float_3_3
Parameters: 1 -0.000474476 0.000211937 0.000473524 0.999998 0.0022411 -0.000213062 -0.0022409 0.999998 0.0240916 -0.0262189 0.0230446
FixedParameters: 0 0 0

#Transform 142
Transform: AffineTransform_float_3_3
Parameters: 0.999999 -0.000580023 0.000619043 0.000578977 0.999999 0.00165136 -0.000619957 -0.00165064 0.999999 0.0204831 0.0210957 -0.0265394
FixedParameters: 0 0 0

#Transform 143
Transform: AffineTransform_float_3_3
Parameters: 1 -0.00091203 0.000722701 0.000911968 0.999998 0.00142566 -0.0007243 -0.00142434 0.999998 0.0128379 0.0204799 -0.0304259
FixedParameters: 0 0 0

#Transform 144
Transform: AffineTransform_float_3_3
Parameters: 1 -0.0010073 0.000603502 0.0010067 1 0.000494608 -0.000604497 -0.000493391 0.999999 0.0175499 0.0588709 -0.0241457
FixedParameters: 0 0 0

#Transform 145
Transform: AffineTransform_float_3_3
Parameters: 1 -0.00100703 2.46597e-05 0.00100697 0.999998 0.00133103 -2.63403e-05 -0.00133097 0.999999 0.0250194 0.0199719 0.00872656
FixedParameters: 0 0 0

#Transform 146
Transform: AffineTransform_float_3_3
Parameters: 1 -0.00100743 0.000261361 0.00100657 0.999998 0.00162726 -0.000263638 -0.00162673 0.999998 0.0272505 -0.00518593 0.0129701
FixedParameters: 0 0 0

#Transform 147
Transform: AffineTransform_float_3_3
Parameters: 1 -0.00100794 0.000522194 0.00100706 0.999998 0.00179353 -0.000524808 -0.00179347 0.999999 0.0227536 -0.0199245 0.0500411
FixedParameters: 0 0 0

#Transform 148
Transform: AffineTransform_float_3_3
Parameters: 0.999999 -0.000820515 0.000265413 0.000819483 0.999998 0.00193522 -0.000267586 -0.00193478 0.999998 0.0179676 0.0131521 0.0364649
FixedParameters: 0 0 0

#Transform 149
Transform: AffineTransform_float_3_3
Parameters: 0.999999 -0.000552487 0.00070606 0.000549512 0.999993 0.00351839 -0.000707937 -0.00351861 0.999993 0.0167495 0.0298939 -0.00198532
FixedParameters: 0 0 0

#Transform 150
Transform: AffineTransform_float_3_3
Parameters: 1 -0.000774514 0.000706345 0.000772488 0.999998 0.00214055 -0.000707655 -0.00213945 0.999998 0.0190992 -0.00858709 -0.037842
FixedParameters: 0 0 0

#Transform 151
Transform: AffineTransform_float_3_3
Parameters: 1 -0.00100801 0.00065244 0.00100699 0.999999 0.00154866 -0.00065356 -0.00154834 0.999998 0.0221786 0.0484094 -0.0340661
FixedParameters: 0 0 0

#Transform 152
Transform: AffineTransform_float_3_3
Parameters: 1 -0.00100763 0.000384364 0.00100737 0.999998 0.00162439 -0.000386636 -0.00162361 0.999998 0.00985578 0.0346111 -0.0383005
FixedParameters: 0 0 0

#Transform 153
Transform: AffineTransform_float_3_3
Parameters: 1 -0.00100814 0.000474586 0.00100686 0.999996 0.00239648 -0.000477415 -0.00239652 0.999997 0.00828856 0.0127885 0.0210451
FixedParameters: 0 0 0

#Transform 154
Transform: AffineTransform_float_3_3
Parameters: 1 -0.0010083 0.000453126 0.0010067 0.999996 0.00285246 -0.000455874 -0.00285254 0.999996 0.0164791 0.00687887 0.0387982
FixedParameters: 0 0 0

#Transform 155
Transform: AffineTransform_float_3_3
Parameters: 1 -0.00100854 0.00050494 0.00100647 0.999995 0.00303651 -0.000507058 -0.00303549 0.999996 0.0145925 0.0425116 0.030057
FixedParameters: 0 0 0

#Transform 156
Transform: AffineTransform_float_3_3
Parameters: 0.999999 -0.000706474 0.000147749 0.000706527 0.999994 0.0031871 -0.000149252 -0.00318689 0.999995 0.0182489 0.025883 0.0151991
FixedParameters: 0 0 0

#Transform 157
Transform: AffineTransform_float_3_3
Parameters: 0.999999 -0.000771692 0.00060886 0.000770306 0.999996 0.00277547 -0.000611139 -0.00277453 0.999996 0.0201641 0.0342517 -0.00335874
FixedParameters: 0 0 0

#Transform 158
Transform: AffineTransform_float_3_3
Parameters: 1 -0.00116567 0.000339698 0.00116433 0.999998 0.0019754 -0.000342301 -0.0019756 0.999998 0.0341354 0.0432511 -0.0366054
FixedParameters: 0 0 0

#Transform 159
Transform: AffineTransform_float_3_3
Parameters: 0.999999 -0.00123846 0.000532934 0.00123854 0.999999 0.000861661 -0.000534068 -0.00086134 1 0.0367849 0.0682015 -0.0784899
FixedParameters: 0 0 0

#Transform 160
Transform: AffineTransform_float_3_3
Parameters: 0.999999 -0.0013158 -0.000149783 0.0013162 0.999998 0.0013548 0.000148217 -0.0013552 0.999999 0.0432454 0.0430521 -0.0654906
FixedParameters: 0 0 0

#Transform 161
Transform: AffineTransform_float_3_3
Parameters: 0.999999 -0.00127462 0.000357813 0.00127338 0.999997 0.00171646 -0.000360186 -0.00171554 0.999999 0.0547886 0.028007 -0.0461792
FixedParameters: 0 0 0

#Transform 162
Transform: AffineTransform_float_3_3
Parameters: 0.999999 -0.00127933 0.000139012 0.00127967 0.999997 0.00233618 -0.00014199 -0.00233582 0.999998 0.047583 -0.00729485 0.0045039
FixedParameters: 0 0 0

#Transform 163
Transform: AffineTransform_float_3_3
Parameters: 0.999999 -0.000814505 0.000198942 0.000814495 0.999997 0.00252716 -0.000201059 -0.00252684 0.999997 0.0366572 0.0370599 0.0488461
FixedParameters: 0 0 0

#Transform 164
Transform: AffineTransform_float_3_3
Parameters: 1 -0.000681173 6.31611e-05 0.000680827 0.999996 0.00270004 -6.48385e-05 -0.00269996 0.999997 0.0301647 0.0218023 0.0524166
FixedParameters: 0 0 0

#Transform 165
Transform: AffineTransform_float_3_3
Parameters: 0.999999 -0.000681981 0.000421417 0.00068102 0.999997 0.00232329 -0.000422584 -0.00232371 0.999997 0.0313247 0.0687945 0.00990622
FixedParameters: 0 0 0

#Transform 166
Transform: AffineTransform_float_3_3
Parameters: 1 -0.00110867 0.000477449 0.00110833 0.999999 0.00139953 -0.000478552 -0.00139947 0.999999 0.026798 0.0613774 0.00681587
FixedParameters: 0 0 0

#Transform 167
Transform: AffineTransform_float_3_3
Parameters: 1 -0.00110829 0.000299931 0.00110771 0.999999 0.000965333 -0.00030107 -0.000965667 1 0.0390246 0.0765697 0.0158661
FixedParameters: 0 0 0

#Transform 168
Transform: AffineTransform_float_3_3
Parameters: 1 -0.00110802 1.16216e-05 0.00110798 0.999998 0.00124401 -1.33783e-05 -0.00124399 0.999999 0.0398123 0.0302432 0.0331965
FixedParameters: 0 0 0

#Transform 169
Transform: AffineTransform_float_3_3
Parameters: 1 -0.00110802 1.08394e-05 0.00110798 0.999998 0.00195001 -1.31606e-05 -0.00194999 0.999998 0.0495269 -0.0151766 0.0558748
FixedParameters: 0 0 0

#Transform 170
Transform: AffineTransform_float_3_3
Parameters: 0.999999 -0.000831027 1.11286e-05 0.000830973 0.999997 0.00225201 -1.28714e-05 -0.00225199 0.999998 0.0466412 -0.00930884 0.0826881
FixedParameters: 0 0 0

#Transform 171
Transform: AffineTransform_float_3_3
Parameters: 1 -0.000560419 0.000167604 0.000560579 0.999996 0.00249209 -0.000169397 -0.0024919 0.999997 0.0302992 -0.00842398 0.0670381
FixedParameters: 0 0 0

#Transform 172
Transform: AffineTransform_float_3_3
Parameters: 1 -0.000330783 0.000301142 0.000330218 0.999996 0.0025951 -0.000301858 -0.0025959 0.999996 0.0308142 0.0195222 0.0504431
FixedParameters: 0 0 0

#Transform 173
Transform: AffineTransform_float_3_3
Parameters: 1 -0.000467726 0.000377101 0.000466274 0.999998 0.00192318 -0.000377897 -0.00192282 0.999998 0.0313915 0.0510624 -0.000282156
FixedParameters: 0 0 0

#Transform 174
Transform: AffineTransform_float_3_3
Parameters: 0.999999 -0.000697333 0.000278166 0.000697667 0.999999 0.00119619 -0.000278835 -0.00119681 0.999999 0.0478582 0.0923677 -0.0146959
FixedParameters: 0 0 0

#Transform 175
Transform: AffineTransform_float_3_3
Parameters: 0.999999 -0.00091478 -0.000181111 0.000915219 0.999999 0.00121483 0.000179888 -0.00121517 0.999999 0.0452303 0.0732834 -0.00262683
FixedParameters: 0 0 0

#Transform 176
Transform: AffineTransform_float_3_3
Parameters: 0.999999 -0.0009283 0.000168353 0.000927698 0.999998 0.00177416 -0.000170646 -0.00177384 0.999999 0.0590131 0.0359972 0.0272041
FixedParameters: 0 0 0

#Transform 177
Transform: AffineTransform_float_3_3
Parameters: 0.999999 -0.00078511 5.13451e-05 0.000784891 0.999998 0.00210804 -5.26546e-05 -0.00210796 0.999998 0.0612507 0.00453234 0.0677157
FixedParameters: 0 0 0

#Transform 178
Transform: AffineTransform_float_3_3
Parameters: 1 -0.000649357 0.000152489 0.000648644 0.999997 0.0023271 -0.00015351 -0.0023269 0.999998 0.0381159 0.0191144 0.0785127
FixedParameters: 0 0 0

#Transform 179
Transform: AffineTransform_float_3_3
Parameters: 1 -0.000481796 0.000331846 0.000481203 0.999997 0.00239616 -0.000333154 -0.00239584 0.999997 0.0304329 0.0235837 0.062465
FixedParameters: 0 0 0

#Transform 180
Transform: AffineTransform_float_3_3
Parameters: 0.999999 -0.000435616 0.00078911 0.000434384 0.999998 0.00204634 -0.00078989 -0.00204666 0.999997 0.0235353 0.052112 0.0090372
FixedParameters: 0 0 0

#Transform 181
Transform: AffineTransform_float_3_3
Parameters: 1 -0.00109057 0.000350223 0.00109043 0.999998 0.00163038 -0.000351778 -0.00162962 0.999998 0.0302561 0.0581792 -0.00819975
FixedParameters: 0 0 0

#Transform 182
Transform: AffineTransform_float_3_3
Parameters: 0.999999 -0.000840231 0.000255239 0.000840768 0.999999 0.000906215 -0.000255762 -0.000905785 0.999999 0.00837597 0.103915 -0.019033
FixedParameters: 0 0 0

#Transform 183
Transform: AffineTransform_float_3_3
Parameters: 0.999999 -0.00118663 0.00038306 0.00118537 0.999998 0.00163545 -0.000384939 -0.00163554 0.999998 0.0133702 0.0377619 -0.00752509
FixedParameters: 0 0 0

#Transform 184
Transform: AffineTransform_float_3_3
Parameters: 0.999999 -0.00124203 0.000497433 0.00124097 0.999997 0.00206762 -0.000499567 -0.00206738 0.999997 0.015126 0.0461994 0.0422415
FixedParameters: 0 0 0

#Transform 185
Transform: AffineTransform_float_3_3
Parameters: 0.999999 -0.00124195 0.000381915 0.00124105 0.999996 0.00248548 -0.000385086 -0.00248552 0.999997 0.0232692 -0.00736207 0.0876875
FixedParameters: 0 0 0

#Transform 186
Transform: AffineTransform_float_3_3
Parameters: 1 -0.000870901 0.000382957 0.000870099 0.999997 0.00234733 -0.000385043 -0.00234667 0.999997 0.022425 0.020142 0.0869842
FixedParameters: 0 0 0

#Transform 187
Transform: AffineTransform_float_3_3
Parameters: 0.999999 -0.000610051 0.000383333 0.000608947 0.999996 0.00273523 -0.000385667 -0.00273577 0.999996 0.0282076 0.0228402 0.0841763
FixedParameters: 0 0 0

#Transform 188
Transform: AffineTransform_float_3_3
Parameters: 1 -0.000816655 0.000837389 0.000814346 0.999997 0.00197468 -0.00083861 -0.00197432 0.999997 0.0222861 0.0672952 0.0123706
FixedParameters: 0 0 0

#Transform 189
Transform: AffineTransform_float_3_3
Parameters: 1 -0.00100488 0.000648644 0.00100312 0.999998 0.00135065 -0.000649356 -0.00135035 0.999999 0.0155643 0.0687645 -0.012257
FixedParameters: 0 0 0

#Transform 190
Transform: AffineTransform_float_3_3
Parameters: 0.999999 -0.0012414 0.000474943 0.0012406 0.999999 0.000851589 -0.000476057 -0.000851409 0.999999 0.00620397 0.0646763 -0.0442318
FixedParameters: 0 0 0

#Transform 191
Transform: AffineTransform_float_3_3
