#Insight Transform File V1.0
#Transform 0
Transform: AffineTransform_float_3_3
Parameters: 1 -0.000100865 -0.000283048 0.000100135 1 0.000477972 0.000282952 -0.000478028 1 -0.0262841 -0.0381207 0.123125
FixedParameters: 0 0 0

#Transform 1
Transform: AffineTransform_float_3_3
Parameters: 1 -0.000137893 -0.000241061 0.000138106 1 0.000441967 0.000240939 -0.000442033 1 -0.0201073 -0.0523477 0.116296
FixedParameters: 0 0 0

#Transform 2
Transform: AffineTransform_float_3_3
Parameters: 1 -0.0003758 -0.000322233 0.0003762 0.999999 0.000620879 0.000321766 -0.000621121 1 -0.016712 -0.0559604 0.105704
FixedParameters: 0 0 0

#Transform 3
Transform: AffineTransform_float_3_3
Parameters: 1 6.93e-08 -0.000126 6.93e-08 1 0.00055 0.000126 -0.00055 1 -0.0254351 -0.0427462 0.100184
FixedParameters: 0 0 0

#Transform 4
Transform: AffineTransform_float_3_3
Parameters: 1 8.195e-08 -0.000149 8.195e-08 1 0.00055 0.000149 -0.00055 1 -0.025619 -0.056161 0.0841929
FixedParameters: 0 0 0

#Transform 5
Transform: AffineTransform_float_3_3
Parameters: 1 1.82748e-07 -0.000291 1.82748e-07 1 0.000628 0.000291 -0.000628 1 -0.0262952 0.0320133 0.0414577
FixedParameters: 0 0 0

#Transform 6
Transform: AffineTransform_float_3_3
Parameters: 1 -6.09715e-05 -0.000201009 6.10285e-05 1 0.000141988 0.000200991 -0.000142012 1 -0.0251949 0.0299057 0.0418046
FixedParameters: 0 0 0

#Transform 7
Transform: AffineTransform_float_3_3
Parameters: 1 -0.000255932 -0.000278062 0.000256068 1 0.000242929 0.000277938 -0.000243071 1 -0.0208056 0.0135184 0.044084
FixedParameters: 0 0 0

#Transform 8
Transform: AffineTransform_float_3_3
Parameters: 1 -0.000312946 -0.00015211 0.000313054 1 0.000352952 0.000151889 -0.000353047 1 -0.0193841 -0.0649134 0.0551563
FixedParameters: 0 0 0

#Transform 9
Transform: AffineTransform_float_3_3
Parameters: 1 -2.3532e-08 5.3e-05 -2.3532e-08 1 0.000444 -5.3e-05 -0.000444 1 -0.0245715 -0.0633198 0.0536426
FixedParameters: 0 0 0

#Transform 10
Transform: AffineTransform_float_3_3
Parameters: 1 -2.4698e-08 5.3e-05 -2.4698e-08 1 0.000466 -5.3e-05 -0.000466 1 -0.0245681 -0.0495624 0.0604966
FixedParameters: 0 0 0

#Transform 11
Transform: AffineTransform_float_3_3
Parameters: 1 -4.3974e-08 0.000126 -4.3974e-08 1 0.000349 -0.000126 -0.000349 1 -0.024226 -0.0452769 0.0443685
FixedParameters: 0 0 0

#Transform 12
Transform: AffineTransform_float_3_3
Parameters: 1 -4.69e-09 3.5e-05 -4.69e-09 1 0.000134 -3.5e-05 -0.000134 1 -0.0346766 0.0112968 0.0280865
FixedParameters: 0 0 0

#Transform 13
Transform: AffineTransform_float_3_3
Parameters: 1 -0.000129995 0.000105007 0.000130005 1 -5.09863e-05 -0.000104993 5.10136e-05 1 -0.0353717 0.021163 0.016554
FixedParameters: 0 0 0

#Transform 14
Transform: AffineTransform_float_3_3
Parameters: 1 -0.000517 7.00724e-06 0.000517 1 -1.39964e-05 -6.99276e-06 1.40036e-05 1 -0.0188776 -0.000469992 0.0409407
FixedParameters: 0 0 0

#Transform 15
Transform: AffineTransform_float_3_3
Parameters: 1 -0.000393001 1.59858e-05 0.000392999 1 3.60063e-05 -1.60141e-05 -3.59937e-05 1 -0.0176039 -0.0481407 0.0414349
FixedParameters: 0 0 0

#Transform 16
Transform: AffineTransform_float_3_3
Parameters: 1 -0.000401002 6.86927e-06 0.000400998 1 0.000326003 -7.13072e-06 -0.000325997 1 -0.0201875 -0.0704208 0.0470075
FixedParameters: 0 0 0

#Transform 17
Transform: AffineTransform_float_3_3
Parameters: 1 -3.892e-08 7e-05 -3.892e-08 1 0.000556 -7e-05 -0.000556 1 -0.0244936 -0.0509726 0.0502664
FixedParameters: 0 0 0

#Transform 18
Transform: AffineTransform_float_3_3
Parameters: 1 -3.96e-08 9.9e-05 -3.96e-08 1 0.0004 -9.9e-05 -0.0004 1 -0.0243211 -0.0700444 0.0531236
FixedParameters: 0 0 0

#Transform 19
Transform: AffineTransform_float_3_3
Parameters: 1 1.03806e-07 -0.000219 1.03806e-07 1 0.000474 0.000219 -0.000474 1 -0.025951 0.0109137 0.00769022
FixedParameters: 0 0 0

#Transform 20
Transform: AffineTransform_float_3_3
Parameters: 1 -0.000106048 -0.000228978 0.000105952 1 -0.000208024 0.000229022 0.000207976 1 -0.0348358 0.0148323 0.00575897
FixedParameters: 0 0 0

#Transform 21
Transform: AffineTransform_float_3_3
Parameters: 1 -0.000408045 -0.000215915 0.000407955 1 -0.000208088 0.000216085 0.000207912 1 -0.0211928 0.0143194 0.033513
FixedParameters: 0 0 0

#Transform 22
Transform: AffineTransform_float_3_3
Parameters: 1 -0.000387922 -0.000205148 0.000388078 1 0.00038092 0.000204852 -0.000381079 1 -0.0146295 -0.0531333 0.057876
FixedParameters: 0 0 0

#Transform 23
Transform: AffineTransform_float_3_3
Parameters: 1 -0.000242893 -0.000168154 0.000243107 1 0.000634959 0.000167846 -0.000635041 1 -0.0133722 -0.0645516 0.093095
FixedParameters: 0 0 0

#Transform 24
Transform: AffineTransform_float_3_3
Parameters: 1 1.887e-08 -3.7e-05 1.887e-08 1 0.00051 3.7e-05 -0.00051 1 -0.0240942 -0.0540448 0.0779387
FixedParameters: 0 0 0

#Transform 25
Transform: AffineTransform_float_3_3
Parameters: 1 9.69e-09 -1.9e-05 9.69e-09 1 0.00051 1.9e-05 -0.00051 1 -0.0239952 -0.0296686 0.0567793
FixedParameters: 0 0 0

#Transform 26
Transform: AffineTransform_float_3_3
Parameters: 1 -6.50066e-05 2.89853e-05 6.49934e-05 1 0.000226002 -2.90147e-05 -0.000225998 1 -0.0303168 0.034663 0.0435306
FixedParameters: 0 0 0

#Transform 27
Transform: AffineTransform_float_3_3
Parameters: 1 -0.000489972 0.000176078 0.000490028 1 -0.000158914 -0.000175922 0.000159086 1 -0.0397881 0.0199433 0.0497936
FixedParameters: 0 0 0

#Transform 28
Transform: AffineTransform_float_3_3
Parameters: 1 -0.000656006 0.000143973 0.000655994 1 4.10944e-05 -0.000144027 -4.09055e-05 1 -0.0216902 -0.00719681 0.0406929
FixedParameters: 0 0 0

#Transform 29
Transform: AffineTransform_float_3_3
Parameters: 1 -0.000458028 0.000111884 0.000457972 1 0.000253051 -0.000112116 -0.000252949 1 -0.0349365 -0.0633846 0.0599875
FixedParameters: 0 0 0

#Transform 30
Transform: AffineTransform_float_3_3
Parameters: 1 -0.000406035 7.28059e-05 0.000405965 1 0.000478029 -7.3194e-05 -0.00047797 1 -0.0277446 -0.0651897 0.0607877
FixedParameters: 0 0 0

#Transform 31
Transform: AffineTransform_float_3_3
Parameters: 1 -0.000180992 -1.50961e-05 0.000181008 1 0.000530997 1.49039e-05 -0.000531003 1 -0.0258677 -0.0566908 0.0639533
FixedParameters: 0 0 0

#Transform 32
Transform: AffineTransform_float_3_3
Parameters: 1 -5.10275e-06 0.000273998 4.89725e-06 1 0.000375001 -0.000274002 -0.000374999 1 -0.0336558 0.00354906 0.017666
FixedParameters: 0 0 0

#Transform 33
Transform: AffineTransform_float_3_3
Parameters: 1 -0.000326952 0.000400039 0.000327048 1 -0.000119869 -0.000399961 0.000119131 1 -0.0321431 0.0111522 0.027305
FixedParameters: 0 0 0

#Transform 34
Transform: AffineTransform_float_3_3
Parameters: 1 -0.000655993 0.000119036 0.000656006 1 -5.49219e-05 -0.000118964 5.5078e-05 1 -0.0299044 0.00981071 0.0483874
FixedParameters: 0 0 0

#Transform 35
Transform: AffineTransform_float_3_3
Parameters: 1 -0.000405984 -7.20885e-05 0.000406016 1 0.000217971 7.19115e-05 -0.000218029 1 -0.0276511 -0.0484621 0.0512699
FixedParameters: 0 0 0

#Transform 36
Transform: AffineTransform_float_3_3
Parameters: 1 -0.000179957 -5.71344e-05 0.000180042 0.999999 0.000746989 5.68655e-05 -0.00074701 0.999999 -0.0361552 -0.0630842 0.0690361
FixedParameters: 0 0 0

#Transform 37
Transform: AffineTransform_float_3_3
Parameters: 1 -0.000406094 0.000147741 0.000405906 0.999999 0.00063806 -0.000147259 -0.00063794 1 -0.012887 -0.0860514 0.0665235
FixedParameters: 0 0 0

#Transform 38
Transform: AffineTransform_float_3_3
Parameters: 1 2.88818e-05 0.000202017 -2.91182e-05 1 0.000584994 -0.000201983 -0.000585006 1 -0.0348286 0.00317819 0.0433236
FixedParameters: 0 0 0

#Transform 39
Transform: AffineTransform_float_3_3
Parameters: 1 2.29556e-05 0.00010101 -2.30444e-05 1 0.000439998 -0.00010099 -0.000440002 1 -0.0358647 0.00249215 0.0415704
FixedParameters: 0 0 0

#Transform 40
Transform: AffineTransform_float_3_3
Parameters: 1 -0.000441 9.63838e-07 0.000441 1 8.20004e-05 -1.03616e-06 -8.19995e-05 1 -0.0310727 0.0178982 0.0469409
FixedParameters: 0 0 0

#Transform 41
Transform: AffineTransform_float_3_3
Parameters: 1 -8.99852e-05 -3.20416e-05 9.00148e-05 1 0.000461997 3.19584e-05 -0.000462003 1 -0.0352701 -0.0423665 0.0719094
FixedParameters: 0 0 0

#Transform 42
Transform: AffineTransform_float_3_3
Parameters: 1 -5.89036e-05 -0.000135042 5.90964e-05 0.999999 0.000713992 0.000134958 -0.000714008 0.999999 -0.029639 -0.0582105 0.102939
FixedParameters: 0 0 0

#Transform 43
Transform: AffineTransform_float_3_3
Parameters: 1 -3.09546e-05 -5.90238e-05 3.10454e-05 0.999999 0.000768998 5.89761e-05 -0.000769001 0.999999 -0.0305624 -0.0462768 0.0826331
FixedParameters: 0 0 0

#Transform 44
Transform: AffineTransform_float_3_3
Parameters: 1 0.000108035 -5.393e-05 -0.000107965 1 0.000648006 5.407e-05 -0.000647994 1 -0.0337871 0.00426177 0.0555311
FixedParameters: 0 0 0

#Transform 45
Transform: AffineTransform_float_3_3
Parameters: 1 -0.00016405 0.000152947 0.00016395 1 0.000325025 -0.000153053 -0.000324975 1 -0.0325987 0.0434201 0.0342365
FixedParameters: 0 0 0

#Transform 46
Transform: AffineTransform_float_3_3
Parameters: 1 -0.000296998 -1.20407e-05 0.000297002 1 0.000136996 1.19593e-05 -0.000137004 1 -0.0322003 0.0387622 0.0517033
FixedParameters: 0 0 0

#Transform 47
Transform: AffineTransform_float_3_3
Parameters: 1 -0.000595951 -9.43081e-05 0.000596048 0.999999 0.000516944 9.36918e-05 -0.000517056 1 -0.0188271 -0.0108241 0.0566544
FixedParameters: 0 0 0

#Transform 48
Transform: AffineTransform_float_3_3
Parameters: 1 -0.000294015 2.28036e-05 0.000293984 0.999999 0.000668006 -2.31964e-05 -0.000667993 1 -0.0273689 -0.0597609 0.0761536
FixedParameters: 0 0 0

#Transform 49
Transform: AffineTransform_float_3_3
Parameters: 1 -0.000294115 0.000135752 0.000293885 0.999999 0.000844039 -0.000136248 -0.000843959 0.999999 -0.0242641 -0.0589049 0.0719385
FixedParameters: 0 0 0

#Transform 50
Transform: AffineTransform_float_3_3
Parameters: 1 -0.000294114 0.000161793 0.000293886 0.999999 0.000703047 -0.000162207 -0.000702952 0.999999 -0.0273618 -0.0596221 0.05571
FixedParameters: 0 0 0

#Transform 51
Transform: AffineTransform_float_3_3
Parameters: 1 -0.000156076 0.000212944 0.000155924 1 0.000359033 -0.000213056 -0.000358967 1 -0.0324676 0.0199802 0.00973039
FixedParameters: 0 0 0

#Transform 52
Transform: AffineTransform_float_3_3
Parameters: 1 -0.000293877 0.00040009 0.000294123 1 -0.000306882 -0.00039991 0.000306117 1 -0.030009 0.0217271 -0.00181893
FixedParameters: 0 0 0

#Transform 53
Transform: AffineTransform_float_3_3
Parameters: 1 -0.000544032 0.000207915 0.000543967 1 0.000157113 -0.000208085 -0.000156887 1 -0.0281561 -0.0185436 0.0307997
FixedParameters: 0 0 0

#Transform 54
Transform: AffineTransform_float_3_3
Parameters: 1 -0.000294177 0.0002598 0.000293823 0.999999 0.000681076 -0.0002602 -0.000680923 0.999999 -0.0306873 -0.0483008 0.0931816
FixedParameters: 0 0 0

#Transform 55
Transform: AffineTransform_float_3_3
Parameters: 1 -0.00014731 0.000311854 0.00014669 1 0.000993047 -0.000312146 -0.000992955 1 -0.024683 -0.0416282 0.0553127
FixedParameters: 0 0 0

#Transform 56
Transform: AffineTransform_float_3_3
Parameters: 1 -0.000214055 4.474e-05 0.000213946 0.999999 0.00121501 -4.426e-05 -0.00121499 1 -0.0224394 -0.0429727 0.0346571
FixedParameters: 0 0 0

#Transform 57
Transform: AffineTransform_float_3_3
Parameters: 1 -0.000111112 8.18477e-05 0.000110887 0.999999 0.00137101 -8.21521e-05 -0.00137099 0.999999 -0.0277183 -0.00561306 0.0276577
FixedParameters: 0 0 0

#Transform 58
Transform: AffineTransform_float_3_3
Parameters: 1 -0.000294229 0.000391828 0.000293771 1 0.000584115 -0.000392172 -0.000584884 1 -0.026257 0.0155104 -0.0049464
FixedParameters: 0 0 0

#Transform 59
Transform: AffineTransform_float_3_3
Parameters: 1 -0.000383019 0.000227968 0.000382981 1 8.30873e-05 -0.000228032 -8.29127e-05 1 -0.0260037 0.0466962 0.0220114
FixedParameters: 0 0 0

#Transform 60
Transform: AffineTransform_float_3_3
Parameters: 1 -0.000651023 8.68229e-05 0.000650976 1 0.000272056 -8.7177e-05 -0.000271943 1 -0.0138018 -0.0047213 0.0451813
FixedParameters: 0 0 0

#Transform 61
Transform: AffineTransform_float_3_3
Parameters: 1 -0.000619967 -4.6434e-05 0.000620032 0.999999 0.000699971 4.6566e-05 -0.000700029 1 -0.00591975 -0.0360968 0.0814352
FixedParameters: 0 0 0

#Transform 62
Transform: AffineTransform_float_3_3
Parameters: 1 -0.000597988 -1.35549e-05 0.000598012 1 0.000927992 1.2445e-05 -0.000928008 0.999999 -0.0060341 -0.0719373 0.0991223
FixedParameters: 0 0 0

#Transform 63
Transform: AffineTransform_float_3_3
Parameters: 1 -0.00029406 6.57318e-05 0.00029394 0.999999 0.000912019 -6.62681e-05 -0.00091198 0.999999 -0.00912003 -0.0389062 0.0855328
FixedParameters: 0 0 0

#Transform 64
Transform: AffineTransform_float_3_3
Parameters: 1 -0.000294017 1.67042e-05 0.000293983 1 0.001006 -1.72957e-05 -0.00100599 0.999999 -0.00937495 -0.0603172 0.0743124
FixedParameters: 0 0 0

#Transform 65
Transform: AffineTransform_float_3_3
Parameters: 1 -0.000294103 0.000129766 0.000293896 0.999999 0.000796038 -0.000130234 -0.000795961 0.999999 -0.0238449 0.0374993 0.0310486
FixedParameters: 0 0 0

#Transform 66
Transform: AffineTransform_float_3_3
Parameters: 0.999999 -0.000744006 3.18534e-05 0.000743993 0.999999 0.000197024 -3.21465e-05 -0.000196976 1 -0.00649275 0.0313478 0.0463372
FixedParameters: 0 0 0

#Transform 67
Transform: AffineTransform_float_3_3
Parameters: 1 -0.000554 -2.19834e-05 0.000553999 1 -3.00122e-05 2.20166e-05 2.99878e-05 1 -0.0159286 0.05604 0.0536793
FixedParameters: 0 0 0

#Transform 68
Transform: AffineTransform_float_3_3
Parameters: 1 -0.000688036 6.56195e-05 0.000687964 0.999999 0.000553045 -6.53804e-05 -0.000552955 1 -0.00721344 -0.0111381 0.0950037
FixedParameters: 0 0 0

#Transform 69
Transform: AffineTransform_float_3_3
Parameters: 1 -0.000473113 0.000156659 0.000472886 0.999999 0.000721074 -0.000157341 -0.000721925 0.999999 -0.00659704 -0.0394369 0.0959148
FixedParameters: 0 0 0

#Transform 70
Transform: AffineTransform_float_3_3
Parameters: 1 -0.000464146 0.000156567 0.000464854 1 0.000932073 -0.000157434 -0.000932927 0.999999 -0.00678354 -0.0233937 0.0818705
FixedParameters: 0 0 0

#Transform 71
Transform: AffineTransform_float_3_3
Parameters: 1 -0.000153195 0.00015681 0.000152805 0.999999 0.00124302 -0.00015719 -0.00124298 0.999999 -0.0103036 -0.0302192 0.0781457
FixedParameters: 0 0 0

#Transform 72
Transform: AffineTransform_float_3_3
Parameters: 1 -0.000122553 0.000412836 0.000121448 0.999999 0.00133905 -0.000412163 -0.00133895 0.999999 -0.023973 -0.00410551 0.0552266
FixedParameters: 0 0 0

#Transform 73
Transform: AffineTransform_float_3_3
Parameters: 1 -0.000170391 0.000373822 0.000169609 1 0.00104606 -0.000374178 -0.00104594 1 -0.0302025 0.0529797 0.0325508
FixedParameters: 0 0 0

#Transform 74
Transform: AffineTransform_float_3_3
Parameters: 1 -0.000294331 0.000585833 0.000294668 1 0.000566172 -0.000586167 -0.000565827 0.999999 -0.0197378 0.0608232 0.0292394
FixedParameters: 0 0 0

#Transform 75
Transform: AffineTransform_float_3_3
Parameters: 1 -0.000571022 6.07904e-05 0.000570978 1 0.000367035 -6.02095e-05 -0.000366966 1 -0.0218748 0.047062 0.0433154
FixedParameters: 0 0 0

#Transform 76
Transform: AffineTransform_float_3_3
Parameters: 0.999999 -0.000728967 -3.76466e-05 0.000729033 1 0.000886973 3.63533e-05 -0.000887027 0.999999 -0.017017 0.00231738 0.0786426
FixedParameters: 0 0 0

#Transform 77
Transform: AffineTransform_float_3_3
Parameters: 0.999999 -0.000815248 0.000188931 0.000814751 0.999999 0.00131115 -0.000190068 -0.00131085 0.999999 -0.0230896 -0.00972196 0.109999
FixedParameters: 0 0 0

#Transform 78
Transform: AffineTransform_float_3_3
Parameters: 1 -0.000464247 0.000188392 0.000464752 0.999999 0.00131109 -0.000189609 -0.00131091 0.999999 -0.0131337 -0.00783523 0.09719
FixedParameters: 0 0 0

#Transform 79
Transform: AffineTransform_float_3_3
Parameters: 1 -0.000321014 9.55155e-06 0.000320986 0.999999 0.001397 -1.04484e-05 -0.001397 0.999999 -0.0135947 -0.00195175 0.0844251
FixedParameters: 0 0 0

#Transform 80
Transform: AffineTransform_float_3_3
Parameters: 1 -0.000206239 0.00022378 0.000206761 1 0.00106705 -0.000224221 -0.00106695 1 -0.0138121 0.00937738 0.0665683
FixedParameters: 0 0 0

#Transform 81
Transform: AffineTransform_float_3_3
Parameters: 1 -0.000364174 0.000260757 0.000363826 0.999999 0.000667095 -0.000261243 -0.000666905 0.999999 -0.019751 0.0464222 0.0522153
FixedParameters: 0 0 0

#Transform 82
Transform: AffineTransform_float_3_3
Parameters: 1 -0.00044403 6.88042e-05 0.00044397 1 0.00044103 -6.81958e-05 -0.00044097 1 -0.0174144 0.0671135 0.0683318
FixedParameters: 0 0 0

#Transform 83
Transform: AffineTransform_float_3_3
Parameters: 0.999999 -0.000724962 -8.53197e-05 0.000725037 0.999999 0.000440938 8.46802e-05 -0.000441061 1 -0.00941698 0.019579 0.0888335
FixedParameters: 0 0 0

#Transform 84
Transform: AffineTransform_float_3_3
Parameters: 1 -0.000567044 5.05072e-05 0.000566956 1 0.000869029 -5.14927e-05 -0.000868971 0.999999 -0.00597613 -0.00918019 0.133208
FixedParameters: 0 0 0

#Transform 85
Transform: AffineTransform_float_3_3
Parameters: 1 -0.00050698 -2.05126e-05 0.00050702 1 0.00101099 1.94874e-05 -0.00101101 1 -0.0114839 -0.0284595 0.116767
FixedParameters: 0 0 0

#Transform 86
Transform: AffineTransform_float_3_3
Parameters: 1 -0.000515049 5.05035e-05 0.000514951 1 0.000964026 -5.14964e-05 -0.000963974 0.999999 -0.000145376 -0.0234287 0.0913057
FixedParameters: 0 0 0

#Transform 87
Transform: AffineTransform_float_3_3
Parameters: 1 -0.000484126 0.000139566 0.000483874 1 0.000897068 -0.000140434 -0.000896932 0.999999 -0.0109369 -0.00873896 0.0742348
FixedParameters: 0 0 0

#Transform 88
Transform: AffineTransform_float_3_3
Parameters: 1 -0.000339116 0.000203807 0.000339884 1 0.000569069 -0.000204193 -0.000568931 1 -0.0252868 0.0364534 0.0356406
FixedParameters: 0 0 0

#Transform 89
Transform: AffineTransform_float_3_3
Parameters: 0.999999 -0.000815019 0.000324951 0.00081498 0.999999 6.02648e-05 -0.000325049 -5.97351e-05 1 -0.0062935 0.0527694 0.0181585
FixedParameters: 0 0 0

#Transform 90
Transform: AffineTransform_float_3_3
Parameters: 0.999999 -0.000815016 8.68467e-05 0.000814983 0.999999 0.000188071 -8.61532e-05 -0.00018793 1 -0.0121298 0.0376173 -0.0032105
FixedParameters: 0 0 0

#Transform 91
Transform: AffineTransform_float_3_3
Parameters: 0.999999 -0.000965917 -0.000111715 0.000966082 1 0.000739892 0.000110285 -0.000740107 0.999999 -0.00688478 -0.000647662 0.0239114
FixedParameters: 0 0 0

#Transform 92
Transform: AffineTransform_float_3_3
Parameters: 0.999999 -0.00081453 -0.000362058 0.000814469 0.999999 0.00129871 0.000360942 -0.00129929 0.999999 -0.00331938 0.00286661 0.0552405
FixedParameters: 0 0 0

#Transform 93
Transform: AffineTransform_float_3_3
Parameters: 0.999999 -0.000880836 -0.000112284 0.000881162 0.999998 0.0014579 0.000110715 -0.0014581 0.999999 0.00102481 -0.00040976 0.0483305
FixedParameters: 0 0 0

#Transform 94
Transform: AffineTransform_float_3_3
Parameters: 1 -0.000494854 -0.000111648 0.000495145 0.999999 0.00130995 0.000110351 -0.00131005 0.999999 -0.00847908 0.0170977 0.0331629
FixedParameters: 0 0 0

#Transform 95
Transform: AffineTransform_float_3_3
Parameters: 0.999999 -0.000814868 -8.82215e-05 0.00081513 0.999998 0.00149893 8.67781e-05 -0.00149907 0.999999 -0.0046094 -0.00360967 0.0245101
FixedParameters: 0 0 0

#Transform 96
Transform: AffineTransform_float_3_3
Parameters: 0.999999 -0.000815405 0.000338025 0.000814595 0.999999 0.00119628 -0.000338975 -0.00119672 0.999999 -0.00248731 0.0426167 -0.0134541
FixedParameters: 0 0 0

#Transform 97
Transform: AffineTransform_float_3_3
Parameters: 0.999999 -0.000814856 -0.000198591 0.000815144 1 0.000725838 0.000197408 -0.000726161 0.999999 -0.0052096 0.0402956 -0.00780365
FixedParameters: 0 0 0

#Transform 98
Transform: AffineTransform_float_3_3
Parameters: 0.999999 -0.000814856 -0.000198591 0.000815144 1 0.000725838 0.000197408 -0.000726161 0.999999 -0.00523365 0.0646341 0.0134957
FixedParameters: 0 0 0

#Transform 99
Transform: AffineTransform_float_3_3
Parameters: 0.999999 -0.0011846 -0.000343373 0.0011844 0.999998 0.00115859 0.000342627 -0.00115941 1 -0.00159303 0.0210467 0.0483232
FixedParameters: 0 0 0

#Transform 100
Transform: AffineTransform_float_3_3
Parameters: 0.999999 -0.000814745 -0.000199045 0.000814254 0.999999 0.00128284 0.000197955 -0.00128316 0.999999 -0.00518597 -0.000840554 0.0977475
FixedParameters: 0 0 0

#Transform 101
Transform: AffineTransform_float_3_3
Parameters: 0.999999 -0.000814752 -0.000199018 0.000814248 0.999999 0.00124884 0.000197983 -0.00124916 0.999999 -0.00517962 -0.0226209 0.0997757
FixedParameters: 0 0 0

#Transform 102
Transform: AffineTransform_float_3_3
Parameters: 1 -0.000461876 -9.9577e-05 0.000462125 0.999999 0.00124895 9.94229e-05 -0.00124905 0.999999 -0.00877094 0.0109405 0.0802544
FixedParameters: 0 0 0

#Transform 103
Transform: AffineTransform_float_3_3
Parameters: 1 -0.000620041 3.22256e-05 0.000619959 0.999999 0.00124902 -3.27743e-05 -0.00124898 0.999999 -0.00628033 0.00335547 0.0794205
FixedParameters: 0 0 0

#Transform 104
Transform: AffineTransform_float_3_3
Parameters: 1 -0.000374053 8.47647e-05 0.000373947 0.999999 0.000629031 -8.42352e-05 -0.000628968 1 -0.0112589 0.0531185 0.0463695
FixedParameters: 0 0 0

#Transform 105
Transform: AffineTransform_float_3_3
Parameters: 0.999999 -0.00081504 9.96666e-05 0.000814959 0.999999 0.000409081 -9.93333e-05 -0.000408919 1 -0.0160386 0.0549849 0.0365418
FixedParameters: 0 0 0

#Transform 106
Transform: AffineTransform_float_3_3
Parameters: 0.999999 -0.000814963 -0.000178167 0.000815036 0.999999 0.000204855 0.000177833 -0.000205145 1 -0.00515109 0.0611632 0.0508864
FixedParameters: 0 0 0

#Transform 107
Transform: AffineTransform_float_3_3
Parameters: 1 -0.00107074 -0.000331835 0.00107126 0.999999 0.000779645 0.000331164 -0.000780355 0.999999 -0.0129298 0.0124497 0.0828883
FixedParameters: 0 0 0

#Transform 108
Transform: AffineTransform_float_3_3
Parameters: 0.999999 -0.000814861 -0.000169671 0.000815139 1 0.000822862 0.000168329 -0.000823137 0.999999 0.00144759 0.0110738 0.0757719
FixedParameters: 0 0 0

#Transform 109
Transform: AffineTransform_float_3_3
Parameters: 1 -0.000891543 -0.000332228 0.000892456 0.999998 0.0013767 0.000330771 -0.0013773 0.999999 0.0121933 -0.00345735 0.0888752
FixedParameters: 0 0 0

#Transform 110
Transform: AffineTransform_float_3_3
Parameters: 0.999999 -0.000814964 -2.90301e-05 0.000815036 0.999999 0.00126398 2.79698e-05 -0.00126402 0.999999 0.012838 0.0283577 0.075547
FixedParameters: 0 0 0

#Transform 111
Transform: AffineTransform_float_3_3
Parameters: 1 -0.000668046 3.20447e-05 0.000667953 0.999999 0.00143002 -3.29552e-05 -0.00142998 0.999999 0.00591848 0.00794203 0.0815163
FixedParameters: 0 0 0

#Transform 112
Transform: AffineTransform_float_3_3
Parameters: 1 -0.000503183 0.000177482 0.000502817 1 0.00102909 -0.000178518 -0.00102891 1 -0.00320076 0.0759176 0.0400398
FixedParameters: 0 0 0

#Transform 113
Transform: AffineTransform_float_3_3
Parameters: 0.999999 -0.000815116 0.00017747 0.000814884 1 0.000650145 -0.00017853 -0.000649855 1 -0.000997263 0.0654419 0.0335907
FixedParameters: 0 0 0

#Transform 114
Transform: AffineTransform_float_3_3
Parameters: 0.999999 -0.000685042 0.000177837 0.000684957 0.999999 0.000238122 -0.000178163 -0.000237878 1 -0.00600719 0.0919965 0.0429425
FixedParameters: 0 0 0

#Transform 115
Transform: AffineTransform_float_3_3
Parameters: 0.999999 -0.000935103 0.000177457 0.000935896 1 0.000581166 -0.000178544 -0.000580833 1 -0.00321445 0.0338504 0.0516175
FixedParameters: 0 0 0

#Transform 116
Transform: AffineTransform_float_3_3
Parameters: 1 -0.00106516 0.000177049 0.00106484 0.999999 0.000893189 -0.000177952 -0.000893811 0.999999 0.00754799 -0.0123865 0.0630923
FixedParameters: 0 0 0

#Transform 117
Transform: AffineTransform_float_3_3
Parameters: 0.999999 -0.000815385 0.000272851 0.000814614 0.999998 0.00140922 -0.000274148 -0.00140878 0.999999 -0.00396242 0.00230896 0.0715809
FixedParameters: 0 0 0

#Transform 118
Transform: AffineTransform_float_3_3
Parameters: 1 -0.00081544 0.000361008 0.00081456 0.999999 0.00121729 -0.000361992 -0.00121671 0.999999 -0.00335984 -0.00629698 0.0813155
FixedParameters: 0 0 0

#Transform 119
Transform: AffineTransform_float_3_3
Parameters: 1 -0.000510518 0.000365277 0.000510482 0.999999 0.00141719 -0.000365724 -0.00141681 0.999999 -0.00702463 0.0167204 0.0530148
FixedParameters: 0 0 0

#Transform 120
Transform: AffineTransform_float_3_3
Parameters: 1 -0.00106528 0.000291975 0.00106472 0.999999 0.000962311 -0.000293024 -0.000961688 0.999999 -0.000954379 0.0345493 0.0168559
FixedParameters: 0 0 0

#Transform 121
Transform: AffineTransform_float_3_3
Parameters: 0.999999 -0.00122999 -1.20762e-05 0.00123001 0.999999 0.000874985 1.09237e-05 -0.000875014 0.999999 -0.000662767 0.0389111 0.0179734
FixedParameters: 0 0 0

#Transform 122
Transform: AffineTransform_float_3_3
Parameters: 1 -0.00114494 -0.000128517 0.00114506 0.999999 0.000451853 0.000128482 -0.000452147 1 -0.00225408 0.0612765 0.0307142
FixedParameters: 0 0 0

#Transform 123
Transform: AffineTransform_float_3_3
Parameters: 1 -0.00116175 -0.000316901 0.00116225 0.999999 0.000775632 0.000316098 -0.000776368 0.999999 -0.00296144 0.043607 0.046116
FixedParameters: 0 0 0

#Transform 124
Transform: AffineTransform_float_3_3
Parameters: 1 -0.00116056 -0.000317618 0.00116144 0.999999 0.00139363 0.000315381 -0.00139437 0.999999 0.00789045 0.00713135 0.074625
FixedParameters: 0 0 0

#Transform 125
Transform: AffineTransform_float_3_3
Parameters: 0.999999 -0.000814684 -0.000232109 0.000814314 0.999998 0.00136081 0.000230892 -0.00136119 0.999999 -0.0065524 -0.00219996 0.101072
FixedParameters: 0 0 0

#Transform 126
Transform: AffineTransform_float_3_3
Parameters: 0.999999 -0.00081448 -0.000346224 0.000814518 0.999998 0.00150272 0.000344776 -0.00150328 0.999999 -0.00265921 -0.0088435 0.103212
FixedParameters: 0 0 0

#Transform 127
Transform: AffineTransform_float_3_3
Parameters: 1 -0.000618991 -7.76632e-06 0.000619009 0.999999 0.001238 7.23367e-06 -0.00123801 0.999999 -0.00769557 0.0281139 0.0796624
FixedParameters: 0 0 0

#Transform 128
Transform: AffineTransform_float_3_3
Parameters: 0.999999 -0.000815075 8.73031e-05 0.000814925 1 0.000855071 -8.76967e-05 -0.000854929 0.999999 -0.00495706 0.0503865 0.0675033
FixedParameters: 0 0 0

#Transform 129
Transform: AffineTransform_float_3_3
Parameters: 0.999999 -0.00090795 -8.2552e-05 0.00090805 1 0.000607925 8.14478e-05 -0.000608074 1 -0.00488733 0.0678103 0.0825328
FixedParameters: 0 0 0

#Transform 130
Transform: AffineTransform_float_3_3
Parameters: 1 -0.00117486 -0.000224753 0.00117514 0.999999 0.000640736 0.000224247 -0.000641264 1 0.00466286 0.0265641 0.0855793
FixedParameters: 0 0 0

#Transform 131
Transform: AffineTransform_float_3_3
Parameters: 0.999999 -0.000900906 -9.78666e-05 0.000901094 0.999999 0.000961912 9.71331e-05 -0.000962088 0.999999 0.0068521 0.00608976 0.0885341
FixedParameters: 0 0 0

#Transform 132
Transform: AffineTransform_float_3_3
Parameters: 0.999999 -0.00081511 8.69746e-05 0.00081489 0.999999 0.00125807 -8.80252e-05 -0.00125793 0.999999 0.00912139 -0.00298252 0.100996
FixedParameters: 0 0 0

#Transform 133
Transform: AffineTransform_float_3_3
Parameters: 0.999999 -0.000815048 3.28043e-05 0.00081495 0.999998 0.00146703 -3.41955e-05 -0.00146697 0.999999 0.00092614 0.0221935 0.111078
FixedParameters: 0 0 0

#Transform 134
Transform: AffineTransform_float_3_3
Parameters: 0.999999 -0.000815118 8.68955e-05 0.000814881 0.999998 0.00135507 -8.81042e-05 -0.00135493 0.999999 -0.00247673 0.0367468 0.0812541
FixedParameters: 0 0 0

#Transform 135
Transform: AffineTransform_float_3_3
Parameters: 0.999999 -0.000815015 2.04287e-05 0.000814986 1 0.000701017 -2.05713e-05 -0.000700984 1 0.000972527 0.086433 0.0449918
FixedParameters: 0 0 0

#Transform 136
Transform: AffineTransform_float_3_3
Parameters: 1 -0.000954029 8.76995e-05 0.000953974 1 0.000315084 -8.73005e-05 -0.000314917 1 0.0128683 0.0757942 0.0391503
FixedParameters: 0 0 0

#Transform 137
Transform: AffineTransform_float_3_3
Parameters: 0.999999 -0.00128605 8.72373e-05 0.00128595 0.999999 0.000593113 -8.77638e-05 -0.000593888 1 0.0142114 0.0489766 0.0509503
FixedParameters: 0 0 0

#Transform 138
Transform: AffineTransform_float_3_3
Parameters: 1 -0.00113417 0.000138628 0.00113383 0.999998 0.00121016 -0.000139372 -0.00120984 1 0.0152618 -0.00943589 0.0810743
FixedParameters: 0 0 0

#Transform 139
Transform: AffineTransform_float_3_3
Parameters: 0.999999 -0.000815027 1.99258e-05 0.000814972 0.999999 0.00131802 -2.10741e-05 -0.00131798 0.999999 -0.000564837 -0.00533377 0.0852426
FixedParameters: 0 0 0

#Transform 140
Transform: AffineTransform_float_3_3
Parameters: 0.999999 -0.000707461 0.000297907 0.000706539 0.999999 0.00154521 -0.000299092 -0.00154479 0.999999 0.00320263 0.00276615 0.0694579
FixedParameters: 0 0 0

#Transform 141
Transform: AffineTransform_float_3_3
Parameters: 0.999999 -0.000814976 -1.35273e-05 0.000815024 0.999998 0.00187399 1.24727e-05 -0.00187401 0.999998 -0.00427588 -0.00262914 0.0421875
FixedParameters: 0 0 0

#Transform 142
Transform: AffineTransform_float_3_3
Parameters: 1 -0.000612218 0.000150111 0.000611781 0.999999 0.00145209 -0.000150888 -0.00145191 0.999999 -0.0141224 0.0351795 0.00135023
FixedParameters: 0 0 0

#Transform 143
Transform: AffineTransform_float_3_3
Parameters: 0.999999 -0.000815261 0.000259178 0.000814738 0.999999 0.00100821 -0.000259821 -0.00100779 1 -0.0113359 0.0397511 -0.00764154
FixedParameters: 0 0 0

#Transform 144
Transform: AffineTransform_float_3_3
Parameters: 0.999999 -0.000815272 0.000449507 0.000814729 1 0.000604367 -0.000449492 -0.000603634 0.999999 -0.0103764 0.062078 -0.00413599
FixedParameters: 0 0 0

#Transform 145
Transform: AffineTransform_float_3_3
Parameters: 0.999999 -0.000980222 0.000239091 0.000979778 0.999999 0.000927234 -0.000239908 -0.000926765 0.999999 -0.00406832 0.0377649 0.0247578
FixedParameters: 0 0 0

#Transform 146
Transform: AffineTransform_float_3_3
Parameters: 1 -0.00106534 0.000268636 0.00106466 0.999998 0.00128129 -0.000269364 -0.00128071 0.999999 0.00371832 -0.0036982 0.036594
FixedParameters: 0 0 0

#Transform 147
Transform: AffineTransform_float_3_3
Parameters: 0.999999 -0.00119159 0.000378162 0.00119142 0.999998 0.00154345 -0.000379839 -0.00154255 0.999998 0.00910851 0.00236471 0.0704375
FixedParameters: 0 0 0

#Transform 148
Transform: AffineTransform_float_3_3
Parameters: 0.999999 -0.000815623 0.00037866 0.000814376 0.999999 0.00164331 -0.000380338 -0.00164269 0.999998 0.00709487 0.0143485 0.0536566
FixedParameters: 0 0 0

#Transform 149
Transform: AffineTransform_float_3_3
Parameters: 0.999999 -0.000815995 0.000307369 0.000815005 0.999994 0.00322625 -0.000309631 -0.00322575 0.999994 -0.00036745 0.0328121 0.025897
FixedParameters: 0 0 0

#Transform 150
Transform: AffineTransform_float_3_3
Parameters: 0.999999 -0.000815731 0.000378427 0.000814267 0.999998 0.00192931 -0.000380571 -0.00192869 0.999998 -0.00343249 0.0146169 -0.0177513
FixedParameters: 0 0 0

#Transform 151
Transform: AffineTransform_float_3_3
Parameters: 0.999999 -0.000815445 0.00030983 0.000814554 0.999998 0.00143525 -0.000311169 -0.00143475 0.999999 -0.00383727 0.0497933 -0.00612768
FixedParameters: 0 0 0

#Transform 152
Transform: AffineTransform_float_3_3
Parameters: 0.999999 -0.000815314 0.00027507 0.000814685 0.999999 0.00114122 -0.00027593 -0.00114078 1 -0.0105003 0.051036 -0.0198205
FixedParameters: 0 0 0

#Transform 153
Transform: AffineTransform_float_3_3
Parameters: 0.999999 -0.000815845 0.000378182 0.000815155 0.999997 0.00222931 -0.000379819 -0.00222969 0.999998 -0.00994196 0.021458 0.0351495
FixedParameters: 0 0 0

#Transform 154
Transform: AffineTransform_float_3_3
Parameters: 1 -0.00108944 0.000170182 0.00108956 0.999996 0.00258719 -0.000172819 -0.00258681 0.999996 -0.00782212 0.013196 0.0722356
FixedParameters: 0 0 0

#Transform 155
Transform: AffineTransform_float_3_3
Parameters: 0.999999 -0.000980162 6.14644e-05 0.000979836 0.999996 0.00258706 -6.4535e-05 -0.00258694 0.999996 -0.0096764 0.0272373 0.0589708
FixedParameters: 0 0 0

#Transform 156
Transform: AffineTransform_float_3_3
Parameters: 0.999999 -0.000814827 -6.32638e-05 0.000815171 0.999996 0.00277795 6.07357e-05 -0.00277805 0.999996 -0.0121779 0.0346339 0.0379119
FixedParameters: 0 0 0

#Transform 157
Transform: AffineTransform_float_3_3
Parameters: 0.999999 -0.000814971 -1.21084e-05 0.000815028 0.999997 0.00258699 9.89154e-06 -0.00258701 0.999996 -0.0118895 0.0388453 0.0278277
FixedParameters: 0 0 0

#Transform 158
Transform: AffineTransform_float_3_3
Parameters: 1 -0.00111989 -7.86049e-05 0.00112011 0.999999 0.00143291 7.63949e-05 -0.00143309 0.999999 0.00515898 0.0543219 -0.0199017
FixedParameters: 0 0 0

#Transform 159
Transform: AffineTransform_float_3_3
Parameters: 0.999999 -0.00133594 -7.80433e-05 0.00133606 0.999999 0.000780896 7.69565e-05 -0.000781103 0.999999 0.0136044 0.0838585 -0.0551762
FixedParameters: 0 0 0

#Transform 160
Transform: AffineTransform_float_3_3
Parameters: 0.999999 -0.00153094 -7.81956e-05 0.00153106 0.999998 0.000780881 7.68041e-05 -0.000781118 0.999999 0.0215873 0.0571176 -0.0551737
FixedParameters: 0 0 0

#Transform 161
Transform: AffineTransform_float_3_3
Parameters: 0.999999 -0.00128089 -7.87869e-05 0.00128111 0.999998 0.0013949 7.62129e-05 -0.0013951 0.999999 0.0245781 0.0416932 -0.0231705
FixedParameters: 0 0 0

#Transform 162
Transform: AffineTransform_float_3_3
Parameters: 0.999999 -0.00128084 -7.96143e-05 0.00128116 0.999997 0.0020409 7.63853e-05 -0.0020411 0.999998 0.0203187 0.00878875 0.0356607
FixedParameters: 0 0 0

#Transform 163
Transform: AffineTransform_float_3_3
Parameters: 1 -0.00103582 -7.93671e-05 0.00103618 0.999997 0.00228492 7.66336e-05 -0.00228408 0.999998 0.0102516 0.0401861 0.0788185
FixedParameters: 0 0 0

#Transform 164
Transform: AffineTransform_float_3_3
Parameters: 0.999999 -0.000923821 -7.91111e-05 0.000923178 0.999997 0.00228493 7.68916e-05 -0.00228407 0.999998 0.00597665 0.0373533 0.0729916
FixedParameters: 0 0 0

#Transform 165
Transform: AffineTransform_float_3_3
Parameters: 0.999999 -0.000777086 4.45135e-05 0.000776912 0.999998 0.00191304 -4.64863e-05 -0.00191296 0.999998 0.00433965 0.0669991 0.0381854
FixedParameters: 0 0 0

#Transform 166
Transform: AffineTransform_float_3_3
Parameters: 1 -0.00103219 0.000147695 0.00103181 0.999998 0.00126415 -0.000149304 -0.00126385 0.999999 0.011405 0.0675734 0.0290225
FixedParameters: 0 0 0

#Transform 167
Transform: AffineTransform_float_3_3
Parameters: 0.999999 -0.00128091 -9.51784e-05 0.00128109 0.999999 0.000919878 9.38213e-05 -0.00092012 0.999999 0.0129684 0.0652658 0.0366076
FixedParameters: 0 0 0

#Transform 168
Transform: AffineTransform_float_3_3
Parameters: 0.999999 -0.0012809 -9.54039e-05 0.0012811 0.999998 0.00109588 9.45959e-05 -0.00109612 1 0.0129976 0.0306335 0.0594656
FixedParameters: 0 0 0

#Transform 169
Transform: AffineTransform_float_3_3
Parameters: 0.999999 -0.00128072 -0.000173057 0.00128128 0.999998 0.00160578 0.000170942 -0.00160622 0.999998 0.012667 -0.0130372 0.0852694
FixedParameters: 0 0 0

#Transform 170
Transform: AffineTransform_float_3_3
Parameters: 1 -0.000979345 -0.000309088 0.000979657 0.999998 0.0021307 0.000306914 -0.0021303 0.999997 0.016673 -0.012348 0.116219
FixedParameters: 0 0 0

#Transform 171
Transform: AffineTransform_float_3_3
Parameters: 0.999999 -0.000776177 9.25269e-05 0.000775824 0.999998 0.00189807 -9.34726e-05 -0.00189793 0.999998 0.00813048 -0.00971731 0.0915754
FixedParameters: 0 0 0

#Transform 172
Transform: AffineTransform_float_3_3
Parameters: 1 -0.000516206 9.28635e-05 0.000515794 0.999998 0.00220205 -9.41359e-05 -0.00220195 0.999997 0.0052009 0.022392 0.073976
FixedParameters: 0 0 0

#Transform 173
Transform: AffineTransform_float_3_3
Parameters: 1 -0.000612158 9.29673e-05 0.000611842 0.999999 0.00168706 -9.40322e-05 -0.00168694 0.999998 0.00622357 0.0646233 0.028496
FixedParameters: 0 0 0

#Transform 174
Transform: AffineTransform_float_3_3
Parameters: 1 -0.000657114 9.32003e-05 0.000656886 0.999999 0.00121706 -9.37995e-05 -0.00121694 1 0.00951314 0.0836385 0.0231922
FixedParameters: 0 0 0

#Transform 175
Transform: AffineTransform_float_3_3
Parameters: 0.999999 -0.000928836 -0.000200759 0.000929163 0.999999 0.000816814 0.000199242 -0.000816185 0.999999 0.0299392 0.079024 0.0203393
FixedParameters: 0 0 0

#Transform 176
Transform: AffineTransform_float_3_3
Parameters: 1 -0.000949888 -6.6631e-05 0.000950114 0.999998 0.00171694 6.53687e-05 -0.00171706 0.999998 0.02636 0.0345392 0.0474722
FixedParameters: 0 0 0

#Transform 177
Transform: AffineTransform_float_3_3
Parameters: 1 -0.000961265 -0.000357983 0.000961737 0.999998 0.00206166 0.000356019 -0.00206134 0.999998 0.0250185 0.0257886 0.0939443
FixedParameters: 0 0 0

#Transform 178
Transform: AffineTransform_float_3_3
Parameters: 0.999999 -0.000765841 -7.17171e-05 0.000765159 0.999997 0.00224195 7.02846e-05 -0.00224205 0.999997 0.0127146 0.0225717 0.110159
FixedParameters: 0 0 0

#Transform 179
Transform: AffineTransform_float_3_3
Parameters: 0.999999 -0.000766342 0.000150263 0.000765658 0.999997 0.00226711 -0.000151736 -0.00226688 0.999997 0.00210487 0.0255844 0.090111
FixedParameters: 0 0 0

#Transform 180
Transform: AffineTransform_float_3_3
Parameters: 1 -0.000516201 0.000110063 0.000515799 0.999998 0.00181606 -0.000110937 -0.00181594 0.999999 -0.00100386 0.0599305 0.0478965
FixedParameters: 0 0 0

#Transform 181
Transform: AffineTransform_float_3_3
Parameters: 1 -0.000952513 0.000422846 0.000952487 0.999999 0.0012124 -0.000424155 -0.0012116 0.999999 0.00553817 0.0656532 0.0103769
FixedParameters: 0 0 0

#Transform 182
Transform: AffineTransform_float_3_3
Parameters: 0.999999 -0.000876145 0.000202372 0.000876855 1 0.000717178 -0.000202629 -0.000716823 0.999999 -0.00220196 0.0926143 0.0085044
FixedParameters: 0 0 0

#Transform 183
Transform: AffineTransform_float_3_3
Parameters: 0.999999 -0.000922226 0.000193924 0.000921772 0.999999 0.00116718 -0.000195076 -0.00116682 1 -0.0141675 0.0425635 0.0153482
FixedParameters: 0 0 0

#Transform 184
Transform: AffineTransform_float_3_3
Parameters: 1 -0.00101346 0.000227975 0.00101354 0.999998 0.00199923 -0.000230027 -0.00199877 0.999998 -0.0128471 0.04133 0.0714804
FixedParameters: 0 0 0

#Transform 185
Transform: AffineTransform_float_3_3
Parameters: 0.999999 -0.00126333 0.000148181 0.00126266 0.999996 0.00223219 -0.000151819 -0.00223181 0.999998 0.00184201 -0.00618068 0.116449
FixedParameters: 0 0 0

#Transform 186
Transform: AffineTransform_float_3_3
Parameters: 1 -0.00101291 -4.21475e-05 0.00101309 0.999997 0.00211996 3.98523e-05 -0.00212004 0.999998 0.00237395 0.0312655 0.11507
FixedParameters: 0 0 0

#Transform 187
Transform: AffineTransform_float_3_3
Parameters: 0.999999 -0.000815907 -4.18587e-05 0.000816093 0.999997 0.00227797 4.0141e-05 -0.00227803 0.999998 3.07637e-05 0.0308123 0.107799
FixedParameters: 0 0 0

#Transform 188
Transform: AffineTransform_float_3_3
Parameters: 1 -0.00101308 5.95888e-05 0.00101292 0.999998 0.00139306 -6.04121e-05 -0.00139394 0.999999 -0.00258094 0.0760256 0.0380339
FixedParameters: 0 0 0

#Transform 189
Transform: AffineTransform_float_3_3
Parameters: 1 -0.00101308 8.80872e-05 0.00101292 0.999999 0.000901089 -8.89126e-05 -0.00090091 0.999999 -0.0150022 0.0734963 0.00831938
FixedParameters: 0 0 0

#Transform 190
Transform: AffineTransform_float_3_3
Parameters: 1 -0.00101307 8.82574e-05 0.00101294 0.999999 0.00073309 -8.97435e-05 -0.000733909 0.999999 -0.0150045 0.0725516 -0.0280417
FixedParameters: 0 0 0

#Transform 191
Transform: AffineTransform_float_3_3
Parameters: 0.999999 -0.00126345 0.000267866 0.00126355 0.999998 0.00168934 -0.000270134 -0.00168866 0.999999 -0.011178 0.0372914 0.051081
FixedParameters: 0 0 0

#Transform 192
Transform: AffineTransform_float_3_3
