#Insight Transform File V1.0
#Transform 0
Transform: AffineTransform_float_3_3
Parameters: 1 0.000445069 0.000246875 -0.00044493 1 -0.00028111 -0.000247125 0.00028089 1 0.0192528 -0.00774266 0.0329809
FixedParameters: 0 0 0

#Transform 1
Transform: AffineTransform_float_3_3
Parameters: 1 -0.000270155 -0.000430903 0.000270845 1 -0.000360117 0.000431097 0.000359883 1 -0.0151721 0.0492072 0.030658
FixedParameters: 0 0 0

#Transform 2
Transform: AffineTransform_float_3_3
Parameters: 1 -0.000250002 -0.000283998 0.000249998 1 -6.071e-06 0.000284001 5.929e-06 1 -0.00722154 -0.0269998 0.0514178
FixedParameters: 0 0 0

#Transform 3
Transform: AffineTransform_float_3_3
Parameters: 1 0.000411836 -0.000431157 -0.000411164 1 -0.000380823 0.000430844 0.000380177 1 0.00938661 -0.0173752 0.0269982
FixedParameters: 0 0 0

#Transform 4
Transform: AffineTransform_float_3_3
Parameters: 1 0.000542005 0.000123976 -0.000541994 1 -4.40672e-05 -0.000124024 4.39328e-05 1 0.025803 -0.037889 0.0141499
FixedParameters: 0 0 0

#Transform 5
Transform: AffineTransform_float_3_3
Parameters: 0.999999 0.00068697 -0.000186108 -0.000687029 1 -0.000157872 0.000185891 0.000158128 1 0.016399 0.00573003 0.025991
FixedParameters: 0 0 0

#Transform 6
Transform: AffineTransform_float_3_3
Parameters: 1 0.000625148 0.000205549 -0.000624852 0.999999 -0.000721128 -0.00020545 0.000720871 0.999999 0.0209991 0.0579765 0.0143477
FixedParameters: 0 0 0

#Transform 7
Transform: AffineTransform_float_3_3
Parameters: 1 0.000456124 0.000262785 -0.000455876 1 -0.00047212 -0.000263215 0.00047188 1 0.0195161 0.0503087 0.0194628
FixedParameters: 0 0 0

#Transform 8
Transform: AffineTransform_float_3_3
Parameters: 1 9.71493e-05 0.000305953 -9.68506e-05 1 -0.00048803 -0.000306047 0.00048797 1 0.0230849 0.0647587 0.0273117
FixedParameters: 0 0 0

#Transform 9
Transform: AffineTransform_float_3_3
Parameters: 1 9.97988e-05 -0.000279072 -9.92011e-05 0.999999 -0.000720972 0.000278928 0.000721027 0.999999 0.00312404 0.025127 0.0273192
FixedParameters: 0 0 0

#Transform 10
Transform: AffineTransform_float_3_3
Parameters: 1 0.000209021 -0.000308986 -0.000208979 1 6.80646e-05 0.000309014 -6.79354e-05 1 0.00852476 -0.0844617 0.0424988
FixedParameters: 0 0 0

#Transform 11
Transform: AffineTransform_float_3_3
Parameters: 1 0.00046706 -0.000264894 -0.00046694 1 0.000226124 0.000265105 -0.000225876 1 0.0123972 -0.0887462 0.0254917
FixedParameters: 0 0 0

#Transform 12
Transform: AffineTransform_float_3_3
Parameters: 1 0.00042407 -0.000430931 -0.00042393 1 0.000163183 0.000431069 -0.000162817 1 0.0153974 -0.0411373 0.0104968
FixedParameters: 0 0 0

#Transform 13
Transform: AffineTransform_float_3_3
Parameters: 1 0.000596998 1.10752e-05 -0.000597001 1 0.000125993 -1.09248e-05 -0.000126007 1 0.0194855 -0.0439458 0.0102601
FixedParameters: 0 0 0

#Transform 14
Transform: AffineTransform_float_3_3
Parameters: 1 0.000603995 -2.21292e-05 -0.000604004 1 -0.000213987 2.18707e-05 0.000214013 1 0.0145285 0.0208277 0.0147665
FixedParameters: 0 0 0

#Transform 15
Transform: AffineTransform_float_3_3
Parameters: 1 0.000152109 0.00018491 -0.000151891 1 -0.000590028 -0.00018509 0.000589972 1 0.0224515 0.077105 0.0323498
FixedParameters: 0 0 0

#Transform 16
Transform: AffineTransform_float_3_3
Parameters: 1 0.000252118 0.000242878 -0.000252882 1 -0.000484061 -0.000243122 0.000483939 1 0.0175555 0.0634543 0.0241276
FixedParameters: 0 0 0

#Transform 17
Transform: AffineTransform_float_3_3
Parameters: 1 0.000560014 0.000162952 -0.000559986 1 -8.50913e-05 -0.000163048 8.49087e-05 1 0.0216632 -0.000501448 0.0449694
FixedParameters: 0 0 0

#Transform 18
Transform: AffineTransform_float_3_3
Parameters: 1 0.000175034 -0.000430986 -0.000174966 1 7.90754e-05 0.000431014 -7.89246e-05 1 -0.00371417 -0.0344744 0.0404721
FixedParameters: 0 0 0

#Transform 19
Transform: AffineTransform_float_3_3
Parameters: 1 0.000139087 -0.000430972 -0.000138912 1 0.00020306 0.000431028 -0.00020294 1 0.0202113 -0.0390269 0.0250353
FixedParameters: 0 0 0

#Transform 20
Transform: AffineTransform_float_3_3
Parameters: 1 -6.8529e-08 -0.000431 -6.8529e-08 1 -0.000159 0.000431 0.000159 1 0.014054 -0.0302571 0.0297938
FixedParameters: 0 0 0

#Transform 21
Transform: AffineTransform_float_3_3
Parameters: 1 0.000380102 -0.00043091 -0.000379898 1 0.000236164 0.00043109 -0.000236836 1 0.00792097 5.54343e-05 0.0246873
FixedParameters: 0 0 0

#Transform 22
Transform: AffineTransform_float_3_3
Parameters: 1 -0.000249984 0.000235016 0.000250015 1 -6.59412e-05 -0.000234983 6.60587e-05 1 0.00570565 0.032604 0.0275904
FixedParameters: 0 0 0

#Transform 23
Transform: AffineTransform_float_3_3
Parameters: 1 0.000117059 0.000301977 -0.000116941 1 -0.000196035 -0.000302023 0.000195965 1 0.0157173 0.0209301 0.0291332
FixedParameters: 0 0 0

#Transform 24
Transform: AffineTransform_float_3_3
Parameters: 1 0.000147094 -0.000430968 -0.000146906 1 0.000218063 0.000431032 -0.000217937 1 -0.00405926 -0.075617 0.031589
FixedParameters: 0 0 0

#Transform 25
Transform: AffineTransform_float_3_3
Parameters: 1 0.00015904 -0.000430985 -0.00015896 1 9.30685e-05 0.000431015 -9.29315e-05 1 -0.00387125 -0.0622762 0.0365252
FixedParameters: 0 0 0

#Transform 26
Transform: AffineTransform_float_3_3
Parameters: 1 0.00016196 -0.000431015 -0.00016204 1 -9.19302e-05 0.000430985 9.20698e-05 1 -0.00382646 -0.0193188 0.00512503
FixedParameters: 0 0 0

#Transform 27
Transform: AffineTransform_float_3_3
Parameters: 1 0.000130897 -0.000431031 -0.000131104 1 -0.000240943 0.000430968 0.000240056 1 -0.00421933 0.0185246 0.0308942
FixedParameters: 0 0 0

#Transform 28
Transform: AffineTransform_float_3_3
Parameters: 1 -0.000250033 -0.000359977 0.000249967 1 -9.109e-05 0.000360023 9.091e-05 1 -0.0201579 0.0590972 0.0388091
FixedParameters: 0 0 0

#Transform 29
Transform: AffineTransform_float_3_3
Parameters: 1 -0.000498223 -0.000430741 0.000497776 0.999999 -0.000519214 0.000431258 0.000518785 1 -0.0125066 0.0917759 0.0479907
FixedParameters: 0 0 0

#Transform 30
Transform: AffineTransform_float_3_3
Parameters: 1 -0.000507009 -0.000142968 0.000506991 1 -6.30725e-05 0.000143032 6.29275e-05 1 -0.0085979 0.0482481 -0.0274671
FixedParameters: 0 0 0

#Transform 31
Transform: AffineTransform_float_3_3
Parameters: 0.999999 -0.00083887 -0.000172633 0.00083913 1 0.000754855 0.000172367 -0.000754145 0.999999 -0.0293025 0.113144 -0.136483
FixedParameters: 0 0 0

#Transform 32
Transform: AffineTransform_float_3_3
Parameters: 1 -2.29696e-05 -3.80184e-05 2.30303e-05 0.999999 0.000798999 3.79816e-05 -0.000799 0.999999 0.0354325 0.110563 -0.267397
FixedParameters: 0 0 0

#Transform 33
Transform: AffineTransform_float_3_3
Parameters: 1 -0.000409287 0.000427725 0.000408712 0.999999 0.000672175 -0.000428275 -0.000671824 0.999999 0.0412104 0.169964 -0.529934
FixedParameters: 0 0 0

#Transform 34
Transform: AffineTransform_float_3_3
Parameters: 1 -0.000670405 0.000687607 0.000669595 0.999999 0.000588461 -0.000688395 -0.000588539 1 0.0515395 -0.102446 -0.497646
FixedParameters: 0 0 0

#Transform 35
Transform: AffineTransform_float_3_3
Parameters: 1 -0.000641775 0.000855421 0.000640226 1 0.000904549 -0.00085658 -0.000904451 0.999999 0.0321482 -0.292573 -0.343743
FixedParameters: 0 0 0

#Transform 36
Transform: AffineTransform_float_3_3
Parameters: 1 -0.000824396 0.000734437 0.000823603 0.999998 0.00189861 -0.000736565 -0.00189839 0.999998 -0.0235316 -0.129561 -0.383563
FixedParameters: 0 0 0

#Transform 37
Transform: AffineTransform_float_3_3
Parameters: 0.999999 -0.000786379 0.00046436 0.000785622 1 0.000814365 -0.00046464 -0.000814635 0.999999 -0.0262201 0.0536974 -0.295259
FixedParameters: 0 0 0

#Transform 38
Transform: AffineTransform_float_3_3
Parameters: 1 -0.000477292 0.000374628 0.000476708 0.999999 0.000779178 -0.000374372 -0.000779821 0.999999 -0.000776304 0.24645 -0.251793
FixedParameters: 0 0 0

#Transform 39
Transform: AffineTransform_float_3_3
Parameters: 1 -0.00040933 0.000571764 0.00040867 0.999999 0.000577233 -0.000572236 -0.000576766 0.999999 0.0221788 0.418595 -0.241853
FixedParameters: 0 0 0

#Transform 40
Transform: AffineTransform_float_3_3
Parameters: 1 -0.000409417 0.000530678 0.000408582 0.999999 0.000786216 -0.000531321 -0.000786782 0.999999 0.00171852 0.421071 -0.225174
FixedParameters: 0 0 0

#Transform 41
Transform: AffineTransform_float_3_3
Parameters: 1 -0.000334267 0.000360752 0.000333732 0.999999 0.00074112 -0.000361247 -0.000740879 0.999999 -0.0162996 0.375034 -0.212394
FixedParameters: 0 0 0

#Transform 42
Transform: AffineTransform_float_3_3
Parameters: 1 -0.000263222 0.000315815 0.000262779 0.999999 0.000702083 -0.000315184 -0.000701917 0.999999 -0.00525564 0.210839 -0.194458
FixedParameters: 0 0 0

#Transform 43
Transform: AffineTransform_float_3_3
Parameters: 1 -0.000409368 0.00034156 0.000408633 1 0.00107614 -0.00034144 -0.00107586 1 0.00391509 0.034947 -0.213672
FixedParameters: 0 0 0

#Transform 44
Transform: AffineTransform_float_3_3
Parameters: 0.999999 -0.000179831 0.000698787 0.00017917 1 0.00118913 -0.000698213 -0.00118888 0.999999 0.0359983 -0.0958007 -0.23355
FixedParameters: 0 0 0

#Transform 45
Transform: AffineTransform_float_3_3
Parameters: 1 -1.28325e-05 0.000698985 1.21675e-05 1 0.00119101 -0.000699015 -0.00119099 0.999999 0.032075 -0.129059 -0.219566
FixedParameters: 0 0 0

#Transform 46
Transform: AffineTransform_float_3_3
Parameters: 0.999999 0.000179188 0.000699209 -0.000179812 1 0.00116188 -0.000698791 -0.00116213 0.999999 0.0265525 -0.123506 -0.23319
FixedParameters: 0 0 0

#Transform 47
Transform: AffineTransform_float_3_3
Parameters: 1 0.000183766 0.000219197 -0.000183234 1 0.00106996 -0.000218804 -0.00107004 1 0.0131669 -0.0421334 -0.212573
FixedParameters: 0 0 0

#Transform 48
Transform: AffineTransform_float_3_3
Parameters: 1 -0.000118175 0.000218906 0.000117825 0.999999 0.000799025 -0.000219094 -0.000798974 0.999999 -0.0178816 0.0399449 -0.205267
FixedParameters: 0 0 0

#Transform 49
Transform: AffineTransform_float_3_3
Parameters: 1 7.67781e-05 0.000219078 -7.72218e-05 1 0.00101298 -0.000218922 -0.00101302 1 -0.0194846 0.100901 -0.194998
FixedParameters: 0 0 0

#Transform 50
Transform: AffineTransform_float_3_3
Parameters: 1 7.69537e-05 4.80742e-05 -7.70462e-05 0.999999 0.000963995 -4.79257e-05 -0.000964003 0.999999 -0.026543 0.180365 -0.197023
FixedParameters: 0 0 0

#Transform 51
Transform: AffineTransform_float_3_3
Parameters: 1 7.69564e-05 4.50745e-05 -7.70435e-05 0.999999 0.000967996 -4.49254e-05 -0.000968003 0.999999 -0.0255275 0.214042 -0.182614
FixedParameters: 0 0 0

#Transform 52
Transform: AffineTransform_float_3_3
Parameters: 1 0.000351983 1.63728e-05 -0.000352017 1 0.001059 -1.56272e-05 -0.00105901 1 -0.0195127 0.240845 -0.181214
FixedParameters: 0 0 0

#Transform 53
Transform: AffineTransform_float_3_3
Parameters: 1 0.000644001 -2.22047e-07 -0.000643999 0.999999 0.001208 7.77952e-07 -0.001208 1 -0.00297161 0.181346 -0.188268
FixedParameters: 0 0 0

#Transform 54
Transform: AffineTransform_float_3_3
Parameters: 1 0.00061099 1.06116e-05 -0.000611011 1 0.00100099 -1.03884e-05 -0.00100101 0.999999 -0.0183782 0.124411 -0.188525
FixedParameters: 0 0 0

#Transform 55
Transform: AffineTransform_float_3_3
Parameters: 1 0.000470093 -7.24007e-05 -0.000469908 0.999999 0.00127503 7.25992e-05 -0.00127497 0.999999 -0.0228998 0.0750362 -0.189413
FixedParameters: 0 0 0

#Transform 56
Transform: AffineTransform_float_3_3
Parameters: 0.999999 0.000820992 6.06893e-06 -0.000821007 0.999999 0.001302 -4.93105e-06 -0.001302 0.999999 -0.00316617 -0.0141816 -0.215959
FixedParameters: 0 0 0

#Transform 57
Transform: AffineTransform_float_3_3
Parameters: 0.999999 0.000820849 0.000134922 -0.000821151 0.999999 0.00112289 -0.000134078 -0.00112311 1 -0.00562198 -0.000698138 -0.230408
FixedParameters: 0 0 0

#Transform 58
Transform: AffineTransform_float_3_3
Parameters: 0.999999 0.000911005 -3.79474e-06 -0.000910993 0.999998 0.001323 5.20525e-06 -0.001323 0.999999 -0.00582178 -0.0232473 -0.23888
FixedParameters: 0 0 0

#Transform 59
Transform: AffineTransform_float_3_3
Parameters: 0.999999 0.000820769 0.000171111 -0.00082123 0.999998 0.00135286 -0.000169889 -0.00135314 0.999999 0.00177783 0.0262791 -0.243431
FixedParameters: 0 0 0

#Transform 60
Transform: AffineTransform_float_3_3
Parameters: 0.999999 0.000820814 0.0001699 -0.000821186 0.999999 0.00109586 -0.0001691 -0.00109614 1 0.00180296 0.0946915 -0.246347
FixedParameters: 0 0 0

#Transform 61
Transform: AffineTransform_float_3_3
Parameters: 0.999999 0.000820886 0.000114821 -0.000821114 0.999999 0.000999907 -0.00011418 -0.000999095 1 -0.0135172 0.11175 -0.261395
FixedParameters: 0 0 0

#Transform 62
Transform: AffineTransform_float_3_3
Parameters: 0.999999 0.00082077 0.000223845 -0.00082123 0.999999 0.00102982 -0.000223154 -0.00103018 1 0.00253805 0.106058 -0.247185
FixedParameters: 0 0 0

#Transform 63
Transform: AffineTransform_float_3_3
Parameters: 0.999999 0.000906872 0.000116994 -0.000907127 0.999999 0.00109589 -0.000116006 -0.00109611 1 -0.000630879 0.0862461 -0.241254
FixedParameters: 0 0 0

#Transform 64
Transform: AffineTransform_float_3_3
Parameters: 1 0.00100583 0.000117451 -0.00100517 0.999998 0.00144188 -0.000116551 -0.00144212 0.999999 -0.00245818 0.07873 -0.260113
FixedParameters: 0 0 0

#Transform 65
Transform: AffineTransform_float_3_3
Parameters: 0.999999 0.000820849 0.000117062 -0.00082115 0.999999 0.0012939 -0.000115937 -0.0012941 0.999999 0.00104028 0.0845636 -0.246034
FixedParameters: 0 0 0

#Transform 66
Transform: AffineTransform_float_3_3
Parameters: 0.999999 0.000876847 0.000117146 -0.000877152 0.999999 0.0013069 -0.000115854 -0.0013071 0.999999 0.00174037 0.0955189 -0.245308
FixedParameters: 0 0 0

#Transform 67
Transform: AffineTransform_float_3_3
Parameters: 0.999999 0.000820842 0.000112162 -0.000821159 0.999998 0.00141491 -0.000111838 -0.00141509 0.999999 0.000950808 0.0770913 -0.251916
FixedParameters: 0 0 0

#Transform 68
Transform: AffineTransform_float_3_3
Parameters: 0.999999 0.000761736 0.000201996 -0.000762263 0.999999 0.00130785 -0.000201003 -0.00130815 0.999999 0.0014221 0.08949 -0.223007
FixedParameters: 0 0 0

#Transform 69
Transform: AffineTransform_float_3_3
Parameters: 0.999999 0.00093292 6.90869e-05 -0.00093308 0.999999 0.00116494 -6.8913e-05 -0.00116507 1 0.00180577 0.0539812 -0.217226
FixedParameters: 0 0 0

#Transform 70
Transform: AffineTransform_float_3_3
Parameters: 0.999999 0.00076779 0.000162991 -0.000767209 0.999999 0.00129088 -0.00016201 -0.00129112 0.999999 0.00085137 -0.0746461 -0.219072
FixedParameters: 0 0 0

#Transform 71
Transform: AffineTransform_float_3_3
Parameters: 1 0.000517887 0.000102573 -0.000517114 1 0.00110695 -0.000102428 -0.00110705 1 -0.00329435 -0.0443816 -0.216535
FixedParameters: 0 0 0

#Transform 72
Transform: AffineTransform_float_3_3
Parameters: 0.999999 0.000767909 7.79e-05 -0.000767091 0.999999 0.00117194 -7.7101e-05 -0.00117206 1 0.0076828 0.0128236 -0.217452
FixedParameters: 0 0 0

#Transform 73
Transform: AffineTransform_float_3_3
Parameters: 0.999999 0.000767942 4.40252e-05 -0.000768058 0.999999 0.00133497 -4.29747e-05 -0.00133503 0.999999 0.00921478 0.0314057 -0.219522
FixedParameters: 0 0 0

#Transform 74
Transform: AffineTransform_float_3_3
Parameters: 0.999999 0.000767948 4.88187e-05 -0.000768052 0.999999 0.00106596 -4.8182e-05 -0.00106504 1 0.00932933 0.0705945 -0.206223
FixedParameters: 0 0 0

#Transform 75
Transform: AffineTransform_float_3_3
Parameters: 1 0.000517892 0.000117476 -0.000517108 1 0.000919939 -0.000117524 -0.000920061 0.999999 0.00696828 0.114119 -0.190619
FixedParameters: 0 0 0

#Transform 76
Transform: AffineTransform_float_3_3
Parameters: 1 0.000517925 7.84967e-05 -0.000518075 1 0.000958959 -7.75031e-05 -0.00095904 0.999999 0.00219959 0.102094 -0.182685
FixedParameters: 0 0 0

#Transform 77
Transform: AffineTransform_float_3_3
Parameters: 0.999999 0.000768018 -1.92857e-05 -0.000767982 1 0.000930015 1.97142e-05 -0.000929985 0.999999 -0.00167027 0.0475802 -0.169
FixedParameters: 0 0 0

#Transform 78
Transform: AffineTransform_float_3_3
Parameters: 0.999999 0.000735021 -1.92165e-05 -0.000734979 0.999999 0.00106602 1.97835e-05 -0.00106599 1 -0.0021183 0.0119451 -0.170601
FixedParameters: 0 0 0

#Transform 79
Transform: AffineTransform_float_3_3
Parameters: 1 0.000518025 -1.9338e-05 -0.000517975 0.999999 0.00127801 1.9662e-05 -0.00127799 0.999999 0.00662594 -0.0288178 -0.178892
FixedParameters: 0 0 0

#Transform 80
Transform: AffineTransform_float_3_3
Parameters: 0.999999 0.000767864 0.000127819 -0.000767135 0.999999 0.0010659 -0.000126183 -0.0010651 1 0.0123581 0.012251 -0.181935
FixedParameters: 0 0 0

#Transform 81
Transform: AffineTransform_float_3_3
Parameters: 0.999999 0.000767832 0.000129001 -0.000767167 0.999999 0.0013039 -0.000128 -0.0013041 0.999999 0.00610021 -0.0105611 -0.181764
FixedParameters: 0 0 0

#Transform 82
Transform: AffineTransform_float_3_3
Parameters: 0.999999 0.000768024 -1.90523e-05 -0.000767976 0.999999 0.00123402 1.99477e-05 -0.00123399 0.999999 0.0113183 0.0402355 -0.177243
FixedParameters: 0 0 0

#Transform 83
Transform: AffineTransform_float_3_3
Parameters: 1 0.000517875 0.000124519 -0.000517124 1 0.00100294 -0.000123481 -0.00100306 0.999999 0.00462714 0.0942868 -0.174492
FixedParameters: 0 0 0

#Transform 84
Transform: AffineTransform_float_3_3
Parameters: 1 0.000517851 0.00012661 -0.000517148 0.999999 0.00117694 -0.000125391 -0.00117707 1 0.00504317 0.0786535 -0.175212
FixedParameters: 0 0 0

#Transform 85
Transform: AffineTransform_float_3_3
Parameters: 0.999999 0.00076788 9.59653e-05 -0.00076712 0.999999 0.00125693 -9.50358e-05 -0.00125707 0.999999 0.009903 0.0322132 -0.152773
FixedParameters: 0 0 0

#Transform 86
Transform: AffineTransform_float_3_3
Parameters: 0.999999 0.000767903 6.90851e-05 -0.000767096 0.999998 0.00141295 -6.79161e-05 -0.00141305 0.999999 0.00949645 -0.00206185 -0.170856
FixedParameters: 0 0 0

#Transform 87
Transform: AffineTransform_float_3_3
Parameters: 0.999999 0.000768027 -1.89002e-05 -0.000767972 0.999998 0.00143201 2.00997e-05 -0.00143198 0.999999 0.0107938 0.0215234 -0.173896
FixedParameters: 0 0 0

#Transform 88
Transform: AffineTransform_float_3_3
Parameters: 1 0.000656026 -1.91163e-05 -0.000655974 0.999999 0.00134701 1.98836e-05 -0.00134699 0.999999 0.0137728 0.0530868 -0.173324
FixedParameters: 0 0 0

#Transform 89
Transform: AffineTransform_float_3_3
Parameters: 1 0.000661879 8.69247e-05 -0.000662121 0.999999 0.00139694 -8.60751e-05 -0.00139706 0.999999 0.0125643 0.0600292 -0.171736
FixedParameters: 0 0 0

#Transform 90
Transform: AffineTransform_float_3_3
Parameters: 1 0.000529023 -1.93726e-05 -0.000528977 0.999999 0.00118601 1.96274e-05 -0.00118599 1 0.00322623 0.094845 -0.166659
FixedParameters: 0 0 0

#Transform 91
Transform: AffineTransform_float_3_3
Parameters: 1 0.000335012 -1.97956e-05 -0.000334988 1 0.000610006 2.02043e-05 -0.000609993 1 0.00362216 0.123188 -0.25109
FixedParameters: 0 0 0

#Transform 92
Transform: AffineTransform_float_3_3
Parameters: 0.999999 0.000281537 -0.00065877 -0.000281463 0.999999 0.000815185 0.000659229 -0.000814814 0.999999 -0.0345301 -0.0189288 -0.289732
FixedParameters: 0 0 0

#Transform 93
Transform: AffineTransform_float_3_3
Parameters: 0.999999 0.00041387 -0.000658454 -0.000413131 0.999999 0.00132027 0.000658546 -0.00132073 0.999999 -0.0300318 -0.0340783 -0.198322
FixedParameters: 0 0 0

#Transform 94
Transform: AffineTransform_float_3_3
Parameters: 1 0.000643724 0.00015614 -0.000644275 0.999998 0.0017709 -0.000154859 -0.0017711 0.999999 0.0146054 -0.0518942 -0.113552
FixedParameters: 0 0 0

#Transform 95
Transform: AffineTransform_float_3_3
Parameters: 0.999999 0.000695732 0.000201925 -0.000696268 0.999999 0.00132886 -0.000201075 -0.00132914 0.999999 0.013988 0.0106735 -0.117318
FixedParameters: 0 0 0

#Transform 96
Transform: AffineTransform_float_3_3
Parameters: 1 0.000388262 -0.00024759 -0.000387738 1 0.0010561 0.00024841 -0.0010559 1 -0.0156729 0.0934956 -0.121316
FixedParameters: 0 0 0

#Transform 97
Transform: AffineTransform_float_3_3
Parameters: 1 0.000504943 7.53802e-05 -0.000505057 0.999999 0.000752962 -7.56197e-05 -0.000753038 0.999999 0.0124022 0.088848 -0.117929
FixedParameters: 0 0 0

#Transform 98
Transform: AffineTransform_float_3_3
Parameters: 1 0.000545095 -6.01459e-05 -0.000544903 0.999998 0.00156703 6.18539e-05 -0.00156697 0.999999 0.00183745 -0.0350842 -0.0985875
FixedParameters: 0 0 0

#Transform 99
Transform: AffineTransform_float_3_3
Parameters: 1 0.000537294 -0.000180125 -0.000536706 0.999998 0.0016291 0.000180874 -0.0016289 0.999998 -0.000325017 0.00421411 -0.0993831
FixedParameters: 0 0 0

#Transform 100
Transform: AffineTransform_float_3_3
Parameters: 0.999999 0.000772563 0.000302119 -0.000773436 0.999998 0.00144777 -0.000300881 -0.00144723 0.999999 0.0176113 0.0572829 -0.111042
FixedParameters: 0 0 0

#Transform 101
Transform: AffineTransform_float_3_3
Parameters: 0.999999 0.000683596 0.000301916 -0.000683402 0.999999 0.00133979 -0.000300085 -0.00133921 0.999999 0.0192578 0.0736886 -0.0963254
FixedParameters: 0 0 0

#Transform 102
Transform: AffineTransform_float_3_3
Parameters: 1 0.0005776 0.000301767 -0.000577399 0.999999 0.00132783 -0.000300233 -0.00132817 0.999999 0.0109304 0.111478 -0.0998188
FixedParameters: 0 0 0

#Transform 103
Transform: AffineTransform_float_3_3
Parameters: 1 0.000544691 0.000301559 -0.000544309 1 0.00102584 -0.000300442 -0.00102616 1 0.00945632 0.12724 -0.0922536
FixedParameters: 0 0 0

#Transform 104
Transform: AffineTransform_float_3_3
Parameters: 1 0.00061767 0.000218933 -0.00061833 0.999998 0.00150986 -0.000218066 -0.00151013 0.999999 0.00582488 0.0234025 -0.098449
FixedParameters: 0 0 0

#Transform 105
Transform: AffineTransform_float_3_3
Parameters: 1 0.000578513 0.000301933 -0.000579484 0.999998 0.00161282 -0.000300065 -0.00161317 0.999998 0.00713282 -0.0389156 -0.0903456
FixedParameters: 0 0 0

#Transform 106
Transform: AffineTransform_float_3_3
Parameters: 0.999999 0.000662507 0.000302083 -0.000663493 0.999999 0.0016348 -0.000300916 -0.0016342 0.999998 0.00806228 -0.0263461 -0.094031
FixedParameters: 0 0 0

#Transform 107
Transform: AffineTransform_float_3_3
Parameters: 0.999999 0.000698404 0.00032628 -0.000698596 0.999998 0.00183177 -0.000324721 -0.00183123 0.999999 0.011528 -0.00161695 -0.109185
FixedParameters: 0 0 0

#Transform 108
Transform: AffineTransform_float_3_3
Parameters: 1 0.000553703 0.000172954 -0.000554297 0.999999 0.0017219 -0.000172046 -0.0017221 0.999998 0.00540172 0.0766199 -0.122144
FixedParameters: 0 0 0

#Transform 109
Transform: AffineTransform_float_3_3
Parameters: 1 0.000602755 0.000160919 -0.000603244 0.999998 0.0015239 -0.000160081 -0.0015241 0.999999 0.00608281 0.111934 -0.104886
FixedParameters: 0 0 0

#Transform 110
Transform: AffineTransform_float_3_3
Parameters: 1 0.000460131 -0.00014659 -0.00045987 1 0.000892068 0.00014641 -0.000891933 0.999999 -0.0204956 0.126661 -0.0939827
FixedParameters: 0 0 0

#Transform 111
Transform: AffineTransform_float_3_3
Parameters: 1 0.000530785 0.000202564 -0.000531214 1 0.00106189 -0.000201436 -0.00106211 1 -0.00359584 0.122876 -0.0914018
FixedParameters: 0 0 0

#Transform 112
Transform: AffineTransform_float_3_3
Parameters: 0.999999 0.000737824 0.00010524 -0.000737175 0.999999 0.00168092 -0.000103761 -0.00168108 0.999999 -0.00062903 0.00329679 -0.0813106
FixedParameters: 0 0 0

#Transform 113
Transform: AffineTransform_float_3_3
Parameters: 1 0.000673885 7.20749e-05 -0.000674113 0.999998 0.00159495 -7.09248e-05 -0.00159505 0.999998 -0.00105799 -0.00353849 -0.0867887
FixedParameters: 0 0 0

#Transform 114
Transform: AffineTransform_float_3_3
Parameters: 0.999999 0.000724741 0.000158192 -0.000724259 0.999999 0.00164389 -0.000156809 -0.00164411 0.999998 0.00277834 0.0227953 -0.103273
FixedParameters: 0 0 0

#Transform 115
Transform: AffineTransform_float_3_3
Parameters: 0.999999 0.000724772 0.000137212 -0.000725228 0.999999 0.0016719 -0.000135787 -0.0016721 0.999998 0.00544863 0.0259644 -0.101485
FixedParameters: 0 0 0

#Transform 116
Transform: AffineTransform_float_3_3
Parameters: 0.999999 0.00073697 2.20237e-05 -0.000737029 0.999999 0.00138898 -2.09763e-05 -0.00138902 0.999999 0.00514195 0.0615014 -0.0928531
FixedParameters: 0 0 0

#Transform 117
Transform: AffineTransform_float_3_3
Parameters: 1 0.000620779 0.00015091 -0.00062122 0.999998 0.00146591 -0.000150089 -0.00146609 0.999999 -0.0234482 0.13366 -0.102343
FixedParameters: 0 0 0

#Transform 118
Transform: AffineTransform_float_3_3
Parameters: 1 0.000450206 -0.000146367 -0.000449794 0.999999 0.00140707 0.000146633 -0.00140693 0.999999 -0.0262357 0.0725318 -0.0904524
FixedParameters: 0 0 0

#Transform 119
Transform: AffineTransform_float_3_3
Parameters: 1 0.00065507 -3.88334e-05 -0.000654929 0.999998 0.00178103 4.01665e-05 -0.00178098 0.999999 -0.0148177 0.0296964 -0.0890241
FixedParameters: 0 0 0

#Transform 120
Transform: AffineTransform_float_3_3
Parameters: 1 0.00068995 2.9204e-05 -0.00069005 0.999998 0.00174498 -2.77959e-05 -0.00174502 0.999998 -0.0105104 0.0398669 -0.0976958
FixedParameters: 0 0 0

#Transform 121
Transform: AffineTransform_float_3_3
Parameters: 1 0.000605935 3.80574e-05 -0.000606065 0.999999 0.00174498 -3.69425e-05 -0.00174502 0.999999 -0.00604122 0.0123354 -0.109673
FixedParameters: 0 0 0

#Transform 122
Transform: AffineTransform_float_3_3
Parameters: 1 0.000647702 0.000171131 -0.000647297 0.999999 0.00174489 -0.000169871 -0.00174511 0.999999 -0.000964843 0.0455629 -0.103081
FixedParameters: 0 0 0

#Transform 123
Transform: AffineTransform_float_3_3
Parameters: 1 0.000618805 0.000109112 -0.000619195 0.999998 0.00179593 -0.000107888 -0.00179607 0.999999 -0.000262044 0.0766095 -0.0906576
FixedParameters: 0 0 0

#Transform 124
Transform: AffineTransform_float_3_3
Parameters: 0.999999 0.000717896 5.73217e-05 -0.000718104 0.999998 0.00184096 -5.56781e-05 -0.00184104 0.999999 -0.00355689 0.0692869 -0.0928636
FixedParameters: 0 0 0

#Transform 125
Transform: AffineTransform_float_3_3
Parameters: 1 0.000662894 6.50938e-05 -0.000663106 0.999999 0.00164996 -6.39059e-05 -0.00165004 0.999998 0.00320609 0.0388832 -0.0833619
FixedParameters: 0 0 0

#Transform 126
Transform: AffineTransform_float_3_3
Parameters: 1 0.000607042 -1.65219e-05 -0.000606957 0.999997 0.00243501 1.8478e-05 -0.00243499 0.999997 0.013939 0.0239296 -0.0933851
FixedParameters: 0 0 0

#Transform 127
Transform: AffineTransform_float_3_3
Parameters: 1 0.000611316 -0.000145681 -0.000611686 0.999998 0.00215809 0.00014632 -0.00215791 0.999997 0.00779426 0.0412572 -0.0962988
FixedParameters: 0 0 0

#Transform 128
Transform: AffineTransform_float_3_3
Parameters: 1 0.000616017 -8.88194e-06 -0.000615983 0.999998 0.00181501 1.0118e-05 -0.001815 0.999999 0.00637797 0.068701 -0.111305
FixedParameters: 0 0 0

#Transform 129
Transform: AffineTransform_float_3_3
Parameters: 1 0.000552687 0.000164059 -0.000552313 0.999998 0.00191591 -0.000162942 -0.00191609 0.999998 0.00563126 0.07316 -0.110047
FixedParameters: 0 0 0

#Transform 130
Transform: AffineTransform_float_3_3
Parameters: 1 0.000536856 8.78832e-05 -0.000537144 0.999998 0.00164495 -8.71165e-05 -0.00164505 0.999998 0.00668293 0.0853057 -0.106488
FixedParameters: 0 0 0

#Transform 131
Transform: AffineTransform_float_3_3
Parameters: 0.999999 0.00070782 0.000104227 -0.000708181 0.999998 0.00173393 -0.000103772 -0.00173407 0.999998 0.000497903 0.0703747 -0.100101
FixedParameters: 0 0 0

#Transform 132
Transform: AffineTransform_float_3_3
Parameters: 1 0.000527764 0.00012004 -0.000528235 0.999998 0.00197094 -0.000118959 -0.00197106 0.999998 0.00961408 0.00269284 -0.103477
FixedParameters: 0 0 0

#Transform 133
Transform: AffineTransform_float_3_3
Parameters: 1 0.000690939 3.61877e-05 -0.000691061 0.999999 0.00171898 -3.48121e-05 -0.00171902 0.999998 0.0066253 0.0363293 -0.102923
FixedParameters: 0 0 0

#Transform 134
Transform: AffineTransform_float_3_3
Parameters: 1 0.000586881 6.01674e-05 -0.000587118 0.999998 0.00198896 -5.88329e-05 -0.00198803 0.999998 0.00847343 0.0571144 -0.106433
FixedParameters: 0 0 0

#Transform 135
Transform: AffineTransform_float_3_3
Parameters: 1 0.000540929 4.19299e-05 -0.000541072 0.999999 0.00171898 -4.10699e-05 -0.00171902 0.999998 0.0137823 0.0615816 -0.108073
FixedParameters: 0 0 0

#Transform 136
Transform: AffineTransform_float_3_3
Parameters: 1 0.00060386 0.000133636 -0.000604141 1 0.00105292 -0.000133364 -0.00105308 1 0.00486095 0.124896 -0.0974418
FixedParameters: 0 0 0

#Transform 137
Transform: AffineTransform_float_3_3
Parameters: 1 0.000618825 0.000123877 -0.000619175 0.999999 0.00141692 -0.000123123 -0.00141708 0.999999 0.00232298 0.100774 -0.101318
FixedParameters: 0 0 0

#Transform 138
Transform: AffineTransform_float_3_3
Parameters: 1 0.000657914 5.40527e-05 -0.000657085 0.999998 0.00159996 -5.29487e-05 -0.00160003 0.999998 0.00105306 0.0452678 -0.0810873
FixedParameters: 0 0 0

#Transform 139
Transform: AffineTransform_float_3_3
Parameters: 0.999999 0.00066553 0.000272153 -0.00066647 0.999999 0.00173182 -0.000270846 -0.00173218 0.999998 0.0039974 0.0437613 -0.106277
FixedParameters: 0 0 0

#Transform 140
Transform: AffineTransform_float_3_3
Parameters: 0.999999 0.000691554 0.000258198 -0.000692446 0.999999 0.00173182 -0.000256801 -0.00173218 0.999999 0.00689934 0.00344247 -0.108927
FixedParameters: 0 0 0

#Transform 141
Transform: AffineTransform_float_3_3
Parameters: 0.999999 0.000718918 4.92064e-05 -0.000719081 0.999999 0.00167796 -4.77934e-05 -0.00167803 0.999998 0.0162943 0.0420724 -0.0992968
FixedParameters: 0 0 0

#Transform 142
Transform: AffineTransform_float_3_3
Parameters: 0.999999 0.000762712 0.00017228 -0.000763288 0.999999 0.00167787 -0.000170719 -0.00167813 0.999998 0.0185542 0.0937524 -0.117593
FixedParameters: 0 0 0

#Transform 143
Transform: AffineTransform_float_3_3
Parameters: 1 0.000628748 0.000151055 -0.000629253 0.999999 0.00167791 -0.000149944 -0.00167809 0.999998 0.0137608 0.114419 -0.108918
FixedParameters: 0 0 0

#Transform 144
Transform: AffineTransform_float_3_3
Parameters: 1 0.000570819 0.000144716 -0.00057118 0.999999 0.00125492 -0.000143283 -0.00125508 0.999999 0.0066076 0.129458 -0.0908928
FixedParameters: 0 0 0

#Transform 145
Transform: AffineTransform_float_3_3
Parameters: 1 0.000583023 -1.30211e-05 -0.000582977 0.999999 0.00167901 1.39788e-05 -0.00167899 0.999999 -0.00333994 0.114563 -0.0834316
FixedParameters: 0 0 0

#Transform 146
Transform: AffineTransform_float_3_3
Parameters: 1 0.000604289 -0.000145809 -0.000603713 0.999998 0.00197209 0.000146191 -0.00197191 0.999998 -0.0192688 -0.0213215 -0.0860847
FixedParameters: 0 0 0

#Transform 147
Transform: AffineTransform_float_3_3
Parameters: 1 0.000686244 -0.000110493 -0.000685757 0.999998 0.00219608 0.000111506 -0.00219592 0.999997 0.00208072 -0.00210703 -0.0878718
FixedParameters: 0 0 0

#Transform 148
Transform: AffineTransform_float_3_3
Parameters: 1 0.000624015 -7.91672e-06 -0.000623985 0.999999 0.00173601 9.08325e-06 -0.001736 0.999999 0.0028064 0.0405074 -0.0944557
FixedParameters: 0 0 0

#Transform 149
Transform: AffineTransform_float_3_3
Parameters: 1 0.000580172 -9.49529e-05 -0.000580828 0.999998 0.00180506 9.60486e-05 -0.00180495 0.999999 -0.00067703 0.0398308 -0.0978784
FixedParameters: 0 0 0

#Transform 150
Transform: AffineTransform_float_3_3
Parameters: 1 0.00056914 -8.20376e-05 -0.000568861 0.999999 0.00169105 8.2962e-05 -0.00169095 0.999998 -0.000136697 0.121786 -0.0939748
FixedParameters: 0 0 0

#Transform 151
Transform: AffineTransform_float_3_3
Parameters: 1 0.0006739 7.58909e-05 -0.0006741 0.999999 0.00132195 -7.51089e-05 -0.00132205 0.999999 0.00404038 0.141063 -0.0850593
FixedParameters: 0 0 0

#Transform 152
Transform: AffineTransform_float_3_3
Parameters: 1 0.000519136 -0.000134477 -0.000518865 1 0.00100707 0.000134522 -0.00100693 0.999999 -0.0269169 0.142147 -0.0850133
FixedParameters: 0 0 0

#Transform 153
Transform: AffineTransform_float_3_3
Parameters: 1 0.000512666 0.000297577 -0.000513335 0.999999 0.00112585 -0.000297423 -0.00112515 1 -0.00308684 0.111286 -0.100107
FixedParameters: 0 0 0

#Transform 154
Transform: AffineTransform_float_3_3
Parameters: 1 0.000558742 0.000146983 -0.000559258 0.999999 0.00175892 -0.000146016 -0.00175908 0.999998 -0.0180784 -0.0310049 -0.0715882
FixedParameters: 0 0 0

#Transform 155
Transform: AffineTransform_float_3_3
Parameters: 1 0.000563139 -7.39521e-05 -0.000562861 0.999998 0.00186104 7.50476e-05 -0.00186096 0.999999 -0.0204259 -0.0175098 -0.086569
FixedParameters: 0 0 0

#Transform 156
Transform: AffineTransform_float_3_3
Parameters: 1 0.000612771 0.00015292 -0.000613227 0.999998 0.00150191 -0.000151079 -0.00150209 0.999999 -0.0288778 0.00833366 -0.0968876
FixedParameters: 0 0 0

#Transform 157
Transform: AffineTransform_float_3_3
Parameters: 1 0.000601823 0.000103043 -0.000601178 0.999999 0.00173194 -0.000101959 -0.00173206 0.999999 -0.0230967 0.0636904 -0.0909633
FixedParameters: 0 0 0

#Transform 158
Transform: AffineTransform_float_3_3
Parameters: 1 0.000189118 -7.4702e-05 -0.000188882 0.999998 0.00157601 7.52977e-05 -0.00157598 0.999999 -0.0336421 0.113903 -0.088721
FixedParameters: 0 0 0

#Transform 159
Transform: AffineTransform_float_3_3
Parameters: 1 0.0001892 -0.000201813 -0.0001898 0.999999 0.000990037 0.000202188 -0.000989961 0.999999 -0.0462761 0.164718 -0.0761396
FixedParameters: 0 0 0

#Transform 160
Transform: AffineTransform_float_3_3
Parameters: 1 0.000345124 -7.44268e-05 -0.000344876 0.999998 0.00166102 7.45729e-05 -0.00166097 0.999998 -0.0382759 0.127368 -0.0716284
FixedParameters: 0 0 0

#Transform 161
Transform: AffineTransform_float_3_3
Parameters: 1 0.000553179 -7.36665e-05 -0.00055282 0.999997 0.00241104 7.53331e-05 -0.00241096 0.999997 -0.0331082 0.0439037 -0.0664874
FixedParameters: 0 0 0

#Transform 162
Transform: AffineTransform_float_3_3
Parameters: 1 0.000522823 0.000101913 -0.000523177 0.999999 0.00174595 -0.000101087 -0.00174605 0.999998 -0.0213115 0.0423316 -0.0799107
FixedParameters: 0 0 0

#Transform 163
Transform: AffineTransform_float_3_3
Parameters: 1 0.000301152 -7.43885e-05 -0.000300849 0.999998 0.00203102 7.46112e-05 -0.00203098 0.999998 -0.0360876 0.0296077 -0.0851879
FixedParameters: 0 0 0

#Transform 164
Transform: AffineTransform_float_3_3
Parameters: 1 0.000540147 -7.39312e-05 -0.000540852 0.999998 0.00197904 7.50705e-05 -0.00197896 0.999998 -0.0249388 0.0750524 -0.0866088
FixedParameters: 0 0 0

#Transform 165
Transform: AffineTransform_float_3_3
Parameters: 1 0.000189397 -0.000219658 -0.000189602 0.999999 0.00180704 0.000220343 -0.00180696 0.999999 -0.0372208 0.122405 -0.0897498
FixedParameters: 0 0 0

#Transform 166
Transform: AffineTransform_float_3_3
Parameters: 1 0.000189124 -7.46875e-05 -0.000188876 0.999998 0.00165301 7.53123e-05 -0.00165298 0.999998 -0.0443877 0.118388 -0.0961601
FixedParameters: 0 0 0

#Transform 167
Transform: AffineTransform_float_3_3
Parameters: 1 0.000189113 -7.47147e-05 -0.000188887 0.999999 0.00150901 7.52851e-05 -0.00150899 0.999999 -0.0456987 0.0649364 -0.0704473
FixedParameters: 0 0 0

#Transform 168
Transform: AffineTransform_float_3_3
Parameters: 1 0.000189534 -0.000249595 -0.000189465 0.999997 0.00213905 0.000250406 -0.00213895 0.999997 -0.0442104 0.0183668 -0.0770848
FixedParameters: 0 0 0

#Transform 169
Transform: AffineTransform_float_3_3
Parameters: 1 0.000189154 -7.46103e-05 -0.000189845 0.999998 0.00206101 7.53914e-05 -0.00206099 0.999998 -0.0384167 0.0104882 -0.0875224
FixedParameters: 0 0 0

#Transform 170
Transform: AffineTransform_float_3_3
Parameters: 1 0.000189464 -0.000266671 -0.000189535 0.999998 0.00174105 0.00026733 -0.00174095 0.999999 -0.0406411 0.0516078 -0.0921665
FixedParameters: 0 0 0

#Transform 171
Transform: AffineTransform_float_3_3
Parameters: 1 0.000190029 -0.000437554 -0.00018897 0.999997 0.00235108 0.000438445 -0.00235092 0.999997 -0.0429753 0.0928795 -0.0853007
FixedParameters: 0 0 0

#Transform 172
Transform: AffineTransform_float_3_3
Parameters: 1 0.00018953 -0.000248597 -0.000189472 0.999997 0.00212905 0.000248404 -0.00212895 0.999997 -0.038199 0.116673 -0.0896244
FixedParameters: 0 0 0

#Transform 173
Transform: AffineTransform_float_3_3
Parameters: 1 0.000189097 -7.47541e-05 -0.000188902 0.999999 0.00130101 7.52458e-05 -0.00130099 0.999999 -0.037948 0.147331 -0.0862126
FixedParameters: 0 0 0

#Transform 174
Transform: AffineTransform_float_3_3
Parameters: 1 0.000189131 -7.46688e-05 -0.000188868 0.999999 0.00175202 7.5331e-05 -0.00175199 0.999999 -0.0373963 0.107488 -0.0890894
FixedParameters: 0 0 0

#Transform 175
Transform: AffineTransform_float_3_3
Parameters: 1 6.71484e-05 -7.48671e-05 -6.68513e-05 0.999998 0.00198101 7.51326e-05 -0.001981 0.999998 -0.0425675 0.0287564 -0.0818815
FixedParameters: 0 0 0

#Transform 176
Transform: AffineTransform_float_3_3
Parameters: 1 0.00018915 -7.46213e-05 -0.000189849 0.999998 0.00200301 7.53804e-05 -0.00200299 0.999998 -0.0379803 0.0100778 -0.0950193
FixedParameters: 0 0 0

#Transform 177
Transform: AffineTransform_float_3_3
Parameters: 1 0.000189616 -0.000313628 -0.000189383 0.999998 0.00196306 0.000314372 -0.00196294 0.999998 -0.0420592 0.0282018 -0.15836
FixedParameters: 0 0 0

#Transform 178
Transform: AffineTransform_float_3_3
Parameters: 1 0.000189382 -0.000192625 -0.000189619 0.999998 0.00198104 0.000192376 -0.00198096 0.999998 -0.0368145 0.00261918 -0.13251
FixedParameters: 0 0 0

#Transform 179
Transform: AffineTransform_float_3_3
Parameters: 1 0.000189199 -0.000132716 -0.0001898 0.999999 0.00150102 0.000133285 -0.00150097 0.999999 -0.0432127 0.0724628 -0.100029
FixedParameters: 0 0 0

#Transform 180
Transform: AffineTransform_float_3_3
Parameters: 1 0.000189185 -0.000118706 -0.000189815 0.999999 0.00155502 0.000119295 -0.00155498 0.999999 -0.0444997 0.111051 -0.100838
FixedParameters: 0 0 0

#Transform 181
Transform: AffineTransform_float_3_3
Parameters: 1 0.000189406 -0.0002557 -0.000189595 0.999998 0.00158705 0.000255301 -0.00158695 0.999998 -0.0512164 0.126851 -0.0918898
FixedParameters: 0 0 0

#Transform 182
Transform: AffineTransform_float_3_3
Parameters: 1 0.000189475 -0.000301702 -0.000189525 0.999998 0.00157306 0.000302298 -0.00157294 0.999998 -0.0524423 0.104381 -0.0824085
FixedParameters: 0 0 0

#Transform 183
Transform: AffineTransform_float_3_3
Parameters: 1 0.000369678 -0.000296156 -0.000368323 0.999998 0.00228511 0.000296842 -0.00228489 0.999998 -0.0537194 0.00725497 -0.0804664
FixedParameters: 0 0 0

#Transform 184
Transform: AffineTransform_float_3_3
Parameters: 1 0.000364135 -0.000527217 -0.000362865 0.999997 0.00215219 0.000527782 -0.00215181 0.999997 -0.0522002 0.0262218 -0.0927998
FixedParameters: 0 0 0

#Transform 185
Transform: AffineTransform_float_3_3
Parameters: 1 0.000372565 -0.000296291 -0.000371435 0.999998 0.00190511 0.000296708 -0.00190489 0.999998 -0.0464603 0.0727864 -0.0983253
FixedParameters: 0 0 0

#Transform 186
Transform: AffineTransform_float_3_3
Parameters: 1 0.000189301 -0.00016265 -0.0001897 0.999999 0.00185103 0.000162351 -0.00185097 0.999999 -0.0443926 0.0881611 -0.0910176
FixedParameters: 0 0 0

#Transform 187
Transform: AffineTransform_float_3_3
Parameters: 1 0.000189163 -0.000107714 -0.000189836 0.999999 0.00151402 0.000108288 -0.00151398 0.999999 -0.0466599 0.11342 -0.0901011
FixedParameters: 0 0 0

#Transform 188
Transform: AffineTransform_float_3_3
Parameters: 1 9.71654e-05 -0.000149893 -9.68345e-05 1 0.00110302 0.000150107 -0.00110299 1 -0.0512663 0.160399 -0.0905569
FixedParameters: 0 0 0

#Transform 189
Transform: AffineTransform_float_3_3
Parameters: 1 -0.000128828 -0.000285078 0.000128172 1 0.000602963 0.000284923 -0.000603036 1 -0.0350683 0.133971 -0.121812
FixedParameters: 0 0 0

#Transform 190
Transform: AffineTransform_float_3_3
Parameters: 1 -0.000383163 9.63545e-05 0.000382836 0.999998 0.00168504 -9.76452e-05 -0.00168496 0.999998 -0.0160664 -0.0212873 -0.0746604
FixedParameters: 0 0 0

#Transform 191
Transform: AffineTransform_float_3_3
