#Insight Transform File V1.0
#Transform 0
Transform: AffineTransform_float_3_3
Parameters: 1 -6.03976e-05 -0.000409942 6.06022e-05 0.999999 -0.000970025 0.000410059 0.000969975 1 -0.0144219 -1.29281e-05 0.0280791
FixedParameters: 0 0 0

#Transform 1
Transform: AffineTransform_float_3_3
Parameters: 1 -1.17217e-07 -0.000467 -1.17217e-07 1 -0.000251 0.000467 0.000251 1 -0.0087793 0.0756882 -0.00219209
FixedParameters: 0 0 0

#Transform 2
Transform: AffineTransform_float_3_3
Parameters: 1 -1.1398e-07 -0.00041 -1.1398e-07 1 -0.000278 0.00041 0.000278 1 -0.00772851 0.0197578 0.0384707
FixedParameters: 0 0 0

#Transform 3
Transform: AffineTransform_float_3_3
Parameters: 0.999999 -2.53911e-07 -0.000790999 -2.53911e-07 1 -0.000321 0.000790999 0.000321 0.999999 -0.0149377 0.0189776 0.0163459
FixedParameters: 0 0 0

#Transform 4
Transform: AffineTransform_float_3_3
Parameters: 1 0.000409968 -0.000410032 -0.000410032 1 -7.78319e-05 0.000409968 7.81681e-05 1 -0.00267709 -0.020344 0.00144685
FixedParameters: 0 0 0

#Transform 5
Transform: AffineTransform_float_3_3
Parameters: 0.999999 -3.9757e-07 -0.000829999 -3.9757e-07 1 -0.000479 0.000829999 0.000479 0.999999 -0.015665 0.015946 0.0068193
FixedParameters: 0 0 0

#Transform 6
Transform: AffineTransform_float_3_3
Parameters: 1 -2.6609e-07 -0.00041 -2.6609e-07 1 -0.000649 0.00041 0.000649 0.999999 -0.0193562 0.0621578 0.00841907
FixedParameters: 0 0 0

#Transform 7
Transform: AffineTransform_float_3_3
Parameters: 1 1.44236e-07 0.000428 1.44236e-07 1 -0.000337 -0.000428 0.000337 1 -0.0125387 0.0609252 0.00356041
FixedParameters: 0 0 0

#Transform 8
Transform: AffineTransform_float_3_3
Parameters: 1 -3.3497e-07 -0.00041 -3.3497e-07 0.999999 -0.000816999 0.00041 0.000816999 0.999999 -0.00772832 0.0742878 0.0185012
FixedParameters: 0 0 0

#Transform 9
Transform: AffineTransform_float_3_3
Parameters: 1 9.91428e-05 0.000172918 -9.88579e-05 0.999999 -0.000826017 -0.000172082 0.000825982 0.999999 0.00450038 0.0424484 0.0169524
FixedParameters: 0 0 0

#Transform 10
Transform: AffineTransform_float_3_3
Parameters: 1 0.00025984 0.000569073 -0.00026016 1 0.000280852 -0.000568927 -0.000281148 1 0.00390118 -0.0662153 0.00319855
FixedParameters: 0 0 0

#Transform 11
Transform: AffineTransform_float_3_3
Parameters: 1 2.065e-07 -0.0007 2.065e-07 1 0.000295 0.0007 -0.000295 0.999999 -0.0131969 -0.072263 0.00751832
FixedParameters: 0 0 0

#Transform 12
Transform: AffineTransform_float_3_3
Parameters: 1 4.275e-08 -0.00045 4.275e-08 1 9.5e-05 0.00045 -9.5e-05 1 0.00152875 -0.0395788 0.00938351
FixedParameters: 0 0 0

#Transform 13
Transform: AffineTransform_float_3_3
Parameters: 0.999999 0.000134297 -0.000699943 -0.000133702 1 0.000425094 0.000700056 -0.000424906 0.999999 -0.00454443 -0.0304428 -0.00434123
FixedParameters: 0 0 0

#Transform 14
Transform: AffineTransform_float_3_3
Parameters: 1 -7.245e-08 -0.00045 -7.245e-08 1 -0.000161 0.00045 0.000161 1 -0.00846817 0.0494526 0.0025377
FixedParameters: 0 0 0

#Transform 15
Transform: AffineTransform_float_3_3
Parameters: 1 8.3145e-05 0.000231948 -8.2855e-05 1 -0.000625019 -0.000232052 0.00062498 1 0.00533937 0.0857658 0.0204672
FixedParameters: 0 0 0

#Transform 16
Transform: AffineTransform_float_3_3
Parameters: 1 -1.679e-07 -0.000365 -1.679e-07 1 -0.00046 0.000365 0.00046 1 -0.00690313 0.0889377 -0.00110633
FixedParameters: 0 0 0

#Transform 17
Transform: AffineTransform_float_3_3
Parameters: 1 1.44e-08 -0.00045 1.44e-08 1 3.2e-05 0.00045 -3.2e-05 1 0.00151132 0.0343636 0.0481248
FixedParameters: 0 0 0

#Transform 18
Transform: AffineTransform_float_3_3
Parameters: 1 1.494e-07 -0.00045 1.494e-07 1 0.000332 0.00045 -0.000332 1 -0.0106792 -0.0107775 0.0115257
FixedParameters: 0 0 0

#Transform 19
Transform: AffineTransform_float_3_3
Parameters: 1 2.331e-07 -0.00045 2.331e-07 1 0.000518 0.00045 -0.000518 1 -0.00846123 -0.00161794 0.00934609
FixedParameters: 0 0 0

#Transform 20
Transform: AffineTransform_float_3_3
Parameters: 1 9.79356e-05 -0.000450014 -9.80643e-05 1 -0.000142956 0.000449986 0.000143044 1 0.00272969 0.000981388 0.017335
FixedParameters: 0 0 0

#Transform 21
Transform: AffineTransform_float_3_3
Parameters: 1 0.000140947 0.000417018 -0.000141053 1 0.000127941 -0.000416982 -0.000128059 1 0.00515704 0.0406831 0.0130244
FixedParameters: 0 0 0

#Transform 22
Transform: AffineTransform_float_3_3
Parameters: 1 -6.67409e-05 0.000532032 6.6259e-05 1 -0.000486965 -0.000531968 0.000487035 0.999999 0.00338772 0.0468284 0.0202776
FixedParameters: 0 0 0

#Transform 23
Transform: AffineTransform_float_3_3
Parameters: 1 -2.46611e-05 0.000527016 2.43388e-05 1 -0.000642987 -0.000526984 0.000643013 0.999999 1.27371e-05 0.0184621 0.0309096
FixedParameters: 0 0 0

#Transform 24
Transform: AffineTransform_float_3_3
Parameters: 1 0.000469883 0.000219251 -0.000470117 0.999999 0.000534897 -0.000218748 -0.000535103 1 -0.00233841 -0.0569809 0.00834366
FixedParameters: 0 0 0

#Transform 25
Transform: AffineTransform_float_3_3
Parameters: 1 0.000130139 -0.00044996 -0.000129861 1 0.000309058 0.00045004 -0.000308941 1 -0.00691773 -0.0467426 0.0218997
FixedParameters: 0 0 0

#Transform 26
Transform: AffineTransform_float_3_3
Parameters: 1 -6.51071e-05 -0.000449984 6.48929e-05 1 -0.000238029 0.000450015 0.000237971 1 -0.00922359 0.021327 0.0134755
FixedParameters: 0 0 0

#Transform 27
Transform: AffineTransform_float_3_3
Parameters: 1 6.97844e-05 -0.000450033 -7.02155e-05 1 -0.000478968 0.000449966 0.000479031 1 -0.0228091 0.0320172 -0.00696726
FixedParameters: 0 0 0

#Transform 28
Transform: AffineTransform_float_3_3
Parameters: 1 -6.5157e-05 -0.000449977 6.48429e-05 1 -0.000349029 0.000450023 0.000348971 1 -0.0200518 0.0760853 0.032681
FixedParameters: 0 0 0

#Transform 29
Transform: AffineTransform_float_3_3
Parameters: 1 -0.000175295 -0.000449885 0.000174705 1 -0.000655078 0.000450114 0.000654921 0.999999 -0.0105969 0.121347 0.0359213
FixedParameters: 0 0 0

#Transform 30
Transform: AffineTransform_float_3_3
Parameters: 1 -0.000274075 -0.000449954 0.000273925 1 -0.000167123 0.000450046 0.000166877 1 -0.0118391 0.10337 -0.0348406
FixedParameters: 0 0 0

#Transform 31
Transform: AffineTransform_float_3_3
Parameters: 0.999999 -0.000764995 -3.60933e-05 0.000765004 0.999999 0.000121972 3.59066e-05 -0.000122027 1 -0.0309796 0.158474 -0.132584
FixedParameters: 0 0 0

#Transform 32
Transform: AffineTransform_float_3_3
Parameters: 1 -6.69499e-05 -0.000249013 6.705e-05 1 0.000200983 0.000248987 -0.000201017 1 0.0194491 0.177909 -0.272605
FixedParameters: 0 0 0

#Transform 33
Transform: AffineTransform_float_3_3
Parameters: 1 -0.000396016 5.68848e-05 0.000395983 1 0.000291023 -5.71152e-05 -0.000290977 1 0.0319865 0.239759 -0.534235
FixedParameters: 0 0 0

#Transform 34
Transform: AffineTransform_float_3_3
Parameters: 0.999999 -0.00103465 0.000985316 0.00103435 0.999999 0.00066202 -0.000985685 -0.000660981 1 0.0284822 -0.0191709 -0.508179
FixedParameters: 0 0 0

#Transform 35
Transform: AffineTransform_float_3_3
Parameters: 1 -0.000695615 0.00097056 0.000695385 0.999999 0.000633675 -0.000971441 -0.000633325 1 0.0169467 -0.220002 -0.358801
FixedParameters: 0 0 0

#Transform 36
Transform: AffineTransform_float_3_3
Parameters: 0.999999 -0.000827936 0.000984374 0.000826064 0.999997 0.00196581 -0.000985625 -0.00196518 0.999997 -0.0124773 -0.0966561 -0.403945
FixedParameters: 0 0 0

#Transform 37
Transform: AffineTransform_float_3_3
Parameters: 0.999999 -0.00069575 0.000729285 0.00069525 0.999999 0.00102851 -0.000729715 -0.00102749 0.999999 -0.0159124 0.0907184 -0.309619
FixedParameters: 0 0 0

#Transform 38
Transform: AffineTransform_float_3_3
Parameters: 0.999999 -0.000695238 0.000245328 0.000694763 1 0.000967171 -0.000245672 -0.00096683 1 -0.00808281 0.2526 -0.273594
FixedParameters: 0 0 0

#Transform 39
Transform: AffineTransform_float_3_3
Parameters: 0.999999 -0.000695368 0.000424398 0.000694633 1 0.000866295 -0.000424601 -0.000865705 0.999999 -0.00481442 0.412118 -0.266063
FixedParameters: 0 0 0

#Transform 40
Transform: AffineTransform_float_3_3
Parameters: 0.999999 -0.000695374 0.000452425 0.000694625 1 0.000827315 -0.000453574 -0.000826685 0.999999 -0.00430477 0.413137 -0.246412
FixedParameters: 0 0 0

#Transform 41
Transform: AffineTransform_float_3_3
Parameters: 0.999999 -0.000695234 0.000301461 0.000694766 1 0.00077521 -0.000302538 -0.00077479 0.999999 -0.0167304 0.369382 -0.233675
FixedParameters: 0 0 0

#Transform 42
Transform: AffineTransform_float_3_3
Parameters: 1 -0.000584151 0.000206571 0.000583848 0.999999 0.00073412 -0.000207428 -0.000733878 0.999999 -0.0159371 0.226959 -0.207672
FixedParameters: 0 0 0

#Transform 43
Transform: AffineTransform_float_3_3
Parameters: 1 -0.000695608 0.000567256 0.000695393 0.999999 0.0010714 -0.000567745 -0.00107061 1 -0.0017251 0.0451275 -0.226551
FixedParameters: 0 0 0

#Transform 44
Transform: AffineTransform_float_3_3
Parameters: 1 -0.000384473 0.000358494 0.000384526 0.999999 0.00131814 -0.000359507 -0.00131786 0.999999 -0.00198562 -0.0971596 -0.245246
FixedParameters: 0 0 0

#Transform 45
Transform: AffineTransform_float_3_3
Parameters: 1 -0.000195996 0.000678713 0.000195005 0.999999 0.00146713 -0.000678286 -0.00146687 0.999998 0.00637779 -0.106047 -0.229325
FixedParameters: 0 0 0

#Transform 46
Transform: AffineTransform_float_3_3
Parameters: 1 -6.40451e-05 0.000907927 6.29549e-05 1 0.00115106 -0.000908074 -0.00115094 0.999999 -0.00243922 -0.112214 -0.238406
FixedParameters: 0 0 0

#Transform 47
Transform: AffineTransform_float_3_3
Parameters: 1 -7.51783e-05 0.000216938 7.48216e-05 0.999999 0.000822016 -0.000217061 -0.000821983 0.999999 -0.0141047 -0.0411636 -0.223298
FixedParameters: 0 0 0

#Transform 48
Transform: AffineTransform_float_3_3
Parameters: 1 5.64512e-05 0.000467067 -5.65487e-05 1 0.00117497 -0.000466934 -0.00117503 0.999999 -0.00965925 0.0477869 -0.225823
FixedParameters: 0 0 0

#Transform 49
Transform: AffineTransform_float_3_3
Parameters: 1 5.24685e-05 0.000412068 -5.25314e-05 0.999999 0.00128998 -0.000411933 -0.00129002 0.999999 -0.0145197 0.112096 -0.218665
FixedParameters: 0 0 0

#Transform 50
Transform: AffineTransform_float_3_3
Parameters: 1 0.000382836 0.000150418 -0.000382164 1 0.00109094 -0.000149583 -0.00109106 1 -0.0249365 0.180076 -0.220421
FixedParameters: 0 0 0

#Transform 51
Transform: AffineTransform_float_3_3
Parameters: 1 0.000121338 -0.000303865 -0.000121662 1 0.00111204 0.000304136 -0.00111196 1 -0.0271526 0.209613 -0.207594
FixedParameters: 0 0 0

#Transform 52
Transform: AffineTransform_float_3_3
Parameters: 1 0.000286745 0.000175417 -0.000287254 0.999999 0.00145395 -0.000174582 -0.00145405 0.999999 -0.0213226 0.24977 -0.199779
FixedParameters: 0 0 0

#Transform 53
Transform: AffineTransform_float_3_3
Parameters: 1 0.000527111 -0.000101428 -0.00052689 1 0.00108605 0.000101572 -0.00108595 1 -0.0331233 0.171725 -0.211454
FixedParameters: 0 0 0

#Transform 54
Transform: AffineTransform_float_3_3
Parameters: 1 0.000323191 -0.000157608 -0.000322808 0.999999 0.00121305 0.000158392 -0.00121295 1 -0.036666 0.136282 -0.189667
FixedParameters: 0 0 0

#Transform 55
Transform: AffineTransform_float_3_3
Parameters: 1 0.000124616 -0.000390804 -0.000124384 0.999999 0.00157505 0.000391196 -0.00157495 0.999998 -0.0435196 0.0898184 -0.211853
FixedParameters: 0 0 0

#Transform 56
Transform: AffineTransform_float_3_3
Parameters: 1 0.000336328 -0.000216491 -0.000335671 0.999999 0.00151507 0.000217509 -0.00151493 0.999999 -0.0376773 -0.0285327 -0.225736
FixedParameters: 0 0 0

#Transform 57
Transform: AffineTransform_float_3_3
Parameters: 1 0.000391954 2.96146e-05 -0.000392045 0.999998 0.00156799 -2.83853e-05 -0.00156801 0.999999 -0.0422262 -0.000775447 -0.250069
FixedParameters: 0 0 0

#Transform 58
Transform: AffineTransform_float_3_3
Parameters: 0.999999 0.000715965 2.21534e-05 -0.000716035 0.999999 0.00161098 -2.08465e-05 -0.00161102 0.999998 -0.0385227 -0.032884 -0.254966
FixedParameters: 0 0 0

#Transform 59
Transform: AffineTransform_float_3_3
Parameters: 1 0.00034403 -1.94754e-05 -0.000343971 0.999999 0.00152501 1.95246e-05 -0.00152499 0.999999 -0.0388351 -0.00481168 -0.260662
FixedParameters: 0 0 0

#Transform 60
Transform: AffineTransform_float_3_3
Parameters: 1 0.000232167 -0.000130704 -0.000231833 0.999999 0.00127403 0.000131295 -0.00127397 0.999999 -0.0436667 0.117048 -0.252156
FixedParameters: 0 0 0

#Transform 61
Transform: AffineTransform_float_3_3
Parameters: 1 0.000460032 -3.45827e-05 -0.000459969 1 0.000907016 3.44172e-05 -0.000906984 0.999999 -0.0485283 0.123418 -0.257922
FixedParameters: 0 0 0

#Transform 62
Transform: AffineTransform_float_3_3
Parameters: 1 0.000124117 -0.000134893 -0.000123883 0.999999 0.000865016 0.000135107 -0.000864983 0.999999 -0.0514056 0.111134 -0.236776
FixedParameters: 0 0 0

#Transform 63
Transform: AffineTransform_float_3_3
Parameters: 1 0.000552295 -0.000235309 -0.000551706 0.999999 0.00125113 0.00023569 -0.00125087 0.999999 -0.0553745 0.0952022 -0.245044
FixedParameters: 0 0 0

#Transform 64
Transform: AffineTransform_float_3_3
Parameters: 0.999999 0.000835196 -0.000141848 -0.000834803 0.999998 0.00137912 0.000143151 -0.00137888 0.999999 -0.0301628 0.0682532 -0.255514
FixedParameters: 0 0 0

#Transform 65
Transform: AffineTransform_float_3_3
Parameters: 1 0.000214084 -6.07048e-05 -0.000213916 0.999999 0.00137901 6.1295e-05 -0.00137899 0.999999 -0.036193 0.0611798 -0.260548
FixedParameters: 0 0 0

#Transform 66
Transform: AffineTransform_float_3_3
Parameters: 1 0.000496248 -0.000179316 -0.000495751 0.999999 0.00137909 0.000180684 -0.00137891 0.999999 -0.042687 0.0863479 -0.24412
FixedParameters: 0 0 0

#Transform 67
Transform: AffineTransform_float_3_3
Parameters: 1 0.000214336 -0.000243705 -0.000213663 0.999999 0.00137905 0.000244295 -0.00137895 0.999999 -0.0496412 0.0779195 -0.238934
FixedParameters: 0 0 0

#Transform 68
Transform: AffineTransform_float_3_3
Parameters: 1 0.000214063 -5.07335e-05 -0.000213938 0.999999 0.00124501 5.02664e-05 -0.00124499 0.999999 -0.0360533 0.0842097 -0.232582
FixedParameters: 0 0 0

#Transform 69
Transform: AffineTransform_float_3_3
Parameters: 1 0.000213968 3.22146e-05 -0.000214032 0.999999 0.00100299 -3.17853e-05 -0.00100301 0.999999 -0.038123 0.0796934 -0.214745
FixedParameters: 0 0 0

#Transform 70
Transform: AffineTransform_float_3_3
Parameters: 1 0.000214006 -5.77508e-06 -0.000213994 1 0.001051 6.22491e-06 -0.001051 1 -0.0420386 -0.0558139 -0.220257
FixedParameters: 0 0 0

#Transform 71
Transform: AffineTransform_float_3_3
Parameters: 1 0.000214275 -0.000222736 -0.000213725 0.999999 0.00123205 0.000223264 -0.00123195 0.999999 -0.0393176 -0.0523243 -0.234529
FixedParameters: 0 0 0

#Transform 72
Transform: AffineTransform_float_3_3
Parameters: 1 0.000213807 0.000129319 -0.000214192 0.999999 0.00149097 -0.000128681 -0.00149103 0.999999 -0.0290738 0.0148356 -0.229715
FixedParameters: 0 0 0

#Transform 73
Transform: AffineTransform_float_3_3
Parameters: 1 0.000214129 -9.37048e-05 -0.00021387 0.999999 0.00137902 9.4295e-05 -0.00137898 0.999999 -0.0445433 0.0198375 -0.23663
FixedParameters: 0 0 0

#Transform 74
Transform: AffineTransform_float_3_3
Parameters: 1 0.000214076 -5.67158e-05 -0.000213924 0.999999 0.00132801 5.72841e-05 -0.00132799 0.999999 -0.020109 0.0751121 -0.224119
FixedParameters: 0 0 0

#Transform 75
Transform: AffineTransform_float_3_3
Parameters: 1 0.00021401 -8.77166e-06 -0.000213991 1 0.001067 8.22834e-06 -0.001067 1 -0.0292578 0.124951 -0.195054
FixedParameters: 0 0 0

#Transform 76
Transform: AffineTransform_float_3_3
Parameters: 1 0.000140875 0.000136129 -0.000140125 0.999999 0.00091898 -0.000135871 -0.000919018 0.999999 -0.029139 0.112495 -0.18289
FixedParameters: 0 0 0

#Transform 77
Transform: AffineTransform_float_3_3
Parameters: 1 0.000396041 -4.4636e-05 -0.000395959 0.999999 0.000919017 4.43639e-05 -0.000918982 0.999999 -0.0252978 0.0477684 -0.173618
FixedParameters: 0 0 0

#Transform 78
Transform: AffineTransform_float_3_3
Parameters: 1 0.000665003 -2.18072e-06 -0.000664997 0.999999 0.001232 2.81928e-06 -0.001232 0.999999 -0.0136883 0.0164331 -0.186082
FixedParameters: 0 0 0

#Transform 79
Transform: AffineTransform_float_3_3
Parameters: 1 0.000355079 -5.24703e-05 -0.000354922 0.999999 0.00149202 5.25296e-05 -0.00149198 0.999999 -0.0184296 -0.0194184 -0.194767
FixedParameters: 0 0 0

#Transform 80
Transform: AffineTransform_float_3_3
Parameters: 1 0.000489923 5.27192e-05 -0.000490077 0.999999 0.00146797 -5.22806e-05 -0.00146803 0.999999 -0.014711 0.0123439 -0.207873
FixedParameters: 0 0 0

#Transform 81
Transform: AffineTransform_float_3_3
Parameters: 1 0.000625458 0.000323052 -0.000626542 0.999999 0.0016808 -0.000321947 -0.0016812 0.999998 -0.00805878 -0.00646228 -0.192336
FixedParameters: 0 0 0

#Transform 82
Transform: AffineTransform_float_3_3
Parameters: 1 7.20637e-05 -4.28932e-05 -7.19361e-05 0.999999 0.001483 4.31067e-05 -0.001483 0.999999 -0.021611 0.0131875 -0.212173
FixedParameters: 0 0 0

#Transform 83
Transform: AffineTransform_float_3_3
Parameters: 1 0.000695847 0.000116914 -0.000696153 0.999999 0.00131392 -0.000116085 -0.00131408 0.999999 -0.0110214 0.115165 -0.191326
FixedParameters: 0 0 0

#Transform 84
Transform: AffineTransform_float_3_3
Parameters: 1 0.00062875 0.000209751 -0.00062925 0.999999 0.00119487 -0.000209248 -0.00119513 1 -0.0200588 0.0922919 -0.191779
FixedParameters: 0 0 0

#Transform 85
Transform: AffineTransform_float_3_3
Parameters: 1 0.000605869 9.4841e-05 -0.000606131 0.999999 0.00138794 -9.41587e-05 -0.00138806 0.999999 -0.0124891 0.0309226 -0.178183
FixedParameters: 0 0 0

#Transform 86
Transform: AffineTransform_float_3_3
Parameters: 1 0.000347271 -0.000170449 -0.00034673 0.999998 0.00158706 0.00017055 -0.00158694 0.999998 -0.0207466 -0.00458903 -0.189158
FixedParameters: 0 0 0

#Transform 87
Transform: AffineTransform_float_3_3
Parameters: 1 0.000606071 -4.91346e-05 -0.000606929 0.999999 0.00142803 4.98667e-05 -0.00142797 0.999999 -0.0152172 0.0111696 -0.194174
FixedParameters: 0 0 0

#Transform 88
Transform: AffineTransform_float_3_3
Parameters: 1 0.00060599 6.91263e-06 -0.00060601 0.999998 0.001506 -6.08735e-06 -0.001506 0.999999 -0.0141237 0.0532651 -0.189307
FixedParameters: 0 0 0

#Transform 89
Transform: AffineTransform_float_3_3
Parameters: 1 0.000387841 9.66392e-05 -0.000388159 0.999998 0.00164796 -9.63604e-05 -0.00164804 0.999998 -0.0252003 0.0500985 -0.182631
FixedParameters: 0 0 0

#Transform 90
Transform: AffineTransform_float_3_3
Parameters: 1 0.00024975 0.000194321 -0.000250249 0.999999 0.00128595 -0.000193678 -0.00128605 0.999999 -0.0149331 0.101051 -0.183832
FixedParameters: 0 0 0

#Transform 91
Transform: AffineTransform_float_3_3
Parameters: 1 0.000172147 -0.000170851 -0.000171853 0.999999 0.000863029 0.000170148 -0.00086297 0.999999 -0.0227501 0.135186 -0.265433
FixedParameters: 0 0 0

#Transform 92
Transform: AffineTransform_float_3_3
Parameters: 1 0.000534512 -0.000455399 -0.000534488 0.999999 0.00112424 0.000455601 -0.00112376 1 -0.0237374 0.00200227 -0.299119
FixedParameters: 0 0 0

#Transform 93
Transform: AffineTransform_float_3_3
Parameters: 1 0.000230777 -0.000589696 -0.000230222 0.999999 0.00131814 0.000590304 -0.00131786 0.999999 -0.0299494 -0.0297917 -0.212535
FixedParameters: 0 0 0

#Transform 94
Transform: AffineTransform_float_3_3
Parameters: 1 0.000484874 6.79073e-05 -0.000485126 0.999998 0.00187097 -6.70924e-05 -0.00187103 0.999998 -0.0145938 -0.0543045 -0.1417
FixedParameters: 0 0 0

#Transform 95
Transform: AffineTransform_float_3_3
Parameters: 1 0.000344915 6.7435e-05 -0.000344086 0.999999 0.00126098 -6.75662e-05 -0.00126102 0.999999 -0.0163691 -0.00288807 -0.134531
FixedParameters: 0 0 0

#Transform 96
Transform: AffineTransform_float_3_3
Parameters: 1 0.00033792 9.52818e-05 -0.000338079 0.999999 0.000833967 -9.4718e-05 -0.000834031 0.999999 -0.0158519 0.101301 -0.131642
FixedParameters: 0 0 0

#Transform 97
Transform: AffineTransform_float_3_3
Parameters: 1 0.000316931 9.62285e-05 -0.00031707 0.999999 0.000720969 -9.67714e-05 -0.00072103 0.999999 -0.0161176 0.100467 -0.137195
FixedParameters: 0 0 0

#Transform 98
Transform: AffineTransform_float_3_3
Parameters: 1 0.000483861 9.66993e-05 -0.00048414 0.999999 0.00144495 -9.63005e-05 -0.00144505 0.999999 -0.014064 -0.0189881 -0.115441
FixedParameters: 0 0 0

#Transform 99
Transform: AffineTransform_float_3_3
Parameters: 1 0.000364221 -0.000126365 -0.000363778 0.999999 0.00174505 0.000127635 -0.00174496 0.999999 -0.0196935 0.0079385 -0.127075
FixedParameters: 0 0 0

#Transform 100
Transform: AffineTransform_float_3_3
Parameters: 1 0.000361821 9.66732e-05 -0.00036218 0.999998 0.00185997 -9.63265e-05 -0.00186004 0.999999 -0.0154816 0.0641977 -0.144099
FixedParameters: 0 0 0

#Transform 101
Transform: AffineTransform_float_3_3
Parameters: 1 0.000608493 0.000321961 -0.000609508 0.999999 0.0015788 -0.000321038 -0.0015792 0.999998 -0.000463395 0.0862922 -0.127595
FixedParameters: 0 0 0

#Transform 102
Transform: AffineTransform_float_3_3
Parameters: 1 0.000355781 0.000164474 -0.000356218 0.999999 0.00133294 -0.000163525 -0.00133306 0.999999 -0.00961798 0.111703 -0.127643
FixedParameters: 0 0 0

#Transform 103
Transform: AffineTransform_float_3_3
Parameters: 1 0.000171636 0.000321195 -0.000172364 1 0.00113395 -0.000320805 -0.00113406 1 -0.0105026 0.161257 -0.122912
FixedParameters: 0 0 0

#Transform 104
Transform: AffineTransform_float_3_3
Parameters: 1 0.000489733 0.000188694 -0.000490266 0.999999 0.00141691 -0.000187305 -0.00141709 0.999999 -0.018738 0.0296698 -0.120935
FixedParameters: 0 0 0

#Transform 105
Transform: AffineTransform_float_3_3
Parameters: 1 0.000435899 5.57947e-05 -0.0004361 0.999998 0.00182298 -5.42051e-05 -0.00182302 0.999999 -0.0182386 -0.0309885 -0.118738
FixedParameters: 0 0 0

#Transform 106
Transform: AffineTransform_float_3_3
Parameters: 1 0.000679768 0.000126257 -0.000680232 0.999998 0.00184892 -0.000124742 -0.00184909 0.999999 -0.0110186 -0.0169115 -0.118624
FixedParameters: 0 0 0

#Transform 107
Transform: AffineTransform_float_3_3
Parameters: 1 0.000327113 -6.24107e-05 -0.000326886 0.999999 0.00180202 6.35892e-05 -0.00180198 0.999999 -0.0188301 0.00636215 -0.13578
FixedParameters: 0 0 0

#Transform 108
Transform: AffineTransform_float_3_3
Parameters: 1 0.000631912 4.81622e-05 -0.000632087 0.999998 0.00183897 -4.68377e-05 -0.00183903 0.999999 -0.0121026 0.0844815 -0.148388
FixedParameters: 0 0 0

#Transform 109
Transform: AffineTransform_float_3_3
Parameters: 1 0.000326856 9.35061e-05 -0.000327145 0.999998 0.00154797 -9.34937e-05 -0.00154803 0.999999 -0.0187843 0.121917 -0.134325
FixedParameters: 0 0 0

#Transform 110
Transform: AffineTransform_float_3_3
Parameters: 1 0.000327046 -6.27586e-05 -0.000326953 0.999999 0.00073802 6.32413e-05 -0.000737979 0.999999 -0.0282955 0.138144 -0.111779
FixedParameters: 0 0 0

#Transform 111
Transform: AffineTransform_float_3_3
Parameters: 1 0.000327061 -6.26844e-05 -0.000326939 1 0.000965021 6.33155e-05 -0.000964979 0.999999 -0.0252747 0.131678 -0.111197
FixedParameters: 0 0 0

#Transform 112
Transform: AffineTransform_float_3_3
Parameters: 1 0.000485102 -6.22084e-05 -0.000484896 0.999998 0.00163203 6.37914e-05 -0.00163197 0.999998 -0.0258942 0.0219556 -0.108543
FixedParameters: 0 0 0

#Transform 113
Transform: AffineTransform_float_3_3
Parameters: 1 0.000327841 -0.000471416 -0.00032716 0.999999 0.00178316 0.000471584 -0.00178285 0.999999 -0.0316063 -0.00311995 -0.119519
FixedParameters: 0 0 0

#Transform 114
Transform: AffineTransform_float_3_3
Parameters: 0.999999 0.000731183 -9.45955e-05 -0.000730818 0.999998 0.00192107 9.54048e-05 -0.00192193 0.999998 -0.0151888 0.0149504 -0.137682
FixedParameters: 0 0 0

#Transform 115
Transform: AffineTransform_float_3_3
Parameters: 1 0.000597666 0.000175143 -0.000598333 0.999998 0.0019119 -0.000173856 -0.0019121 0.999998 -0.0162417 0.0220754 -0.129221
FixedParameters: 0 0 0

#Transform 116
Transform: AffineTransform_float_3_3
Parameters: 1 0.000668035 -2.19459e-05 -0.000667964 0.999998 0.00157801 2.30541e-05 -0.00157798 0.999999 -0.0172392 0.0698256 -0.13369
FixedParameters: 0 0 0

#Transform 117
Transform: AffineTransform_float_3_3
Parameters: 1 0.00063196 2.98614e-05 -0.00063204 0.999999 0.00136298 -2.91385e-05 -0.00136302 0.999999 -0.0225168 0.130825 -0.11835
FixedParameters: 0 0 0

#Transform 118
Transform: AffineTransform_float_3_3
Parameters: 0.999999 0.000794918 5.42139e-05 -0.000795081 0.999998 0.00152696 -5.27859e-05 -0.00152704 0.999999 -0.0270832 0.0813298 -0.115803
FixedParameters: 0 0 0

#Transform 119
Transform: AffineTransform_float_3_3
Parameters: 1 0.000437607 -0.000341223 -0.000437393 0.999999 0.00177815 0.000341778 -0.00177785 0.999999 -0.0309189 0.0144888 -0.115116
FixedParameters: 0 0 0

#Transform 120
Transform: AffineTransform_float_3_3
Parameters: 1 0.000584086 -4.07793e-05 -0.000583915 0.999997 0.00209002 4.12205e-05 -0.00208998 0.999998 -0.0247901 0.0456513 -0.131694
FixedParameters: 0 0 0

#Transform 121
Transform: AffineTransform_float_3_3
Parameters: 1 0.000437787 0.000122764 -0.000438214 0.999999 0.00174495 -0.000122236 -0.00174506 0.999999 -0.0243493 0.0063683 -0.138937
FixedParameters: 0 0 0

#Transform 122
Transform: AffineTransform_float_3_3
Parameters: 1 0.000326734 0.000157552 -0.000326265 0.999998 0.00168995 -0.000156449 -0.00169005 0.999998 -0.0227686 0.0244255 -0.139956
FixedParameters: 0 0 0

#Transform 123
Transform: AffineTransform_float_3_3
Parameters: 1 0.000403987 7.71184e-06 -0.000404012 0.999999 0.001762 -6.28814e-06 -0.001762 0.999999 -0.0192169 0.0863282 -0.122068
FixedParameters: 0 0 0

#Transform 124
Transform: AffineTransform_float_3_3
Parameters: 1 0.000327678 -0.000384423 -0.000326321 0.999999 0.00176313 0.000385576 -0.00176288 0.999999 -0.0310514 0.0777546 -0.11621
FixedParameters: 0 0 0

#Transform 125
Transform: AffineTransform_float_3_3
Parameters: 1 0.00054485 8.49678e-05 -0.00054415 0.999999 0.00177596 -8.40337e-05 -0.00177605 0.999999 -0.0115871 0.0403604 -0.108265
FixedParameters: 0 0 0

#Transform 126
Transform: AffineTransform_float_3_3
Parameters: 1 0.000417885 5.09508e-05 -0.000418115 0.999998 0.00227498 -5.00489e-05 -0.00227502 0.999998 -0.012655 0.0316354 -0.117437
FixedParameters: 0 0 0

#Transform 127
Transform: AffineTransform_float_3_3
Parameters: 1 0.000418732 -0.000384203 -0.000418268 0.999998 0.00190416 0.000384797 -0.00190384 0.999998 -0.0134957 0.0309538 -0.124689
FixedParameters: 0 0 0

#Transform 128
Transform: AffineTransform_float_3_3
Parameters: 1 0.000418763 -0.00038417 -0.000418238 0.999998 0.00198316 0.00038483 -0.00198284 0.999998 -0.0198908 0.072143 -0.139548
FixedParameters: 0 0 0

#Transform 129
Transform: AffineTransform_float_3_3
Parameters: 1 0.000417891 5.68045e-05 -0.000418109 0.999998 0.00192498 -5.61952e-05 -0.00192502 0.999998 -0.0149963 0.076883 -0.139361
FixedParameters: 0 0 0

#Transform 130
Transform: AffineTransform_float_3_3
Parameters: 1 0.000418464 -0.000283315 -0.000417536 0.999998 0.00163712 0.000283684 -0.00163788 0.999998 -0.0260577 0.0969303 -0.13546
FixedParameters: 0 0 0

#Transform 131
Transform: AffineTransform_float_3_3
Parameters: 1 0.00041805 -2.9291e-05 -0.00041795 0.999998 0.00169601 2.97089e-05 -0.00169599 0.999998 -0.0304395 0.0726745 -0.13651
FixedParameters: 0 0 0

#Transform 132
Transform: AffineTransform_float_3_3
Parameters: 1 0.000418009 -4.13306e-06 -0.000417991 0.999998 0.002074 4.86692e-06 -0.002074 0.999998 -0.0151267 0.00956878 -0.131145
FixedParameters: 0 0 0

#Transform 133
Transform: AffineTransform_float_3_3
Parameters: 1 0.000272942 -0.000504492 -0.000272059 0.999998 0.00186614 0.000504509 -0.00186586 0.999998 -0.0264291 0.0335724 -0.129504
FixedParameters: 0 0 0

#Transform 134
Transform: AffineTransform_float_3_3
Parameters: 1 0.000418099 -4.8143e-05 -0.000417901 0.999998 0.00205002 4.88568e-05 -0.00204998 0.999998 -0.0269807 0.0746994 -0.140814
FixedParameters: 0 0 0

#Transform 135
Transform: AffineTransform_float_3_3
Parameters: 1 0.000489779 -0.000504244 -0.000489221 0.999998 0.00154425 0.000504756 -0.00154375 0.999998 -0.00914191 0.065163 -0.133994
FixedParameters: 0 0 0

#Transform 136
Transform: AffineTransform_float_3_3
Parameters: 1 0.000471034 -2.63947e-05 -0.000470966 0.999999 0.00128501 2.66052e-05 -0.00128499 0.999999 -0.0241991 0.139812 -0.126702
FixedParameters: 0 0 0

#Transform 137
Transform: AffineTransform_float_3_3
Parameters: 0.999999 0.000768793 0.000195813 -0.000768207 0.999999 0.00105685 -0.000195188 -0.00105715 1 -0.0100712 0.111295 -0.108983
FixedParameters: 0 0 0

#Transform 138
Transform: AffineTransform_float_3_3
Parameters: 1 0.000288763 -0.000504564 -0.000287238 0.999999 0.00151014 0.000504434 -0.00151085 0.999998 -0.029545 0.0477797 -0.107014
FixedParameters: 0 0 0

#Transform 139
Transform: AffineTransform_float_3_3
Parameters: 0.999999 0.000802721 0.000164369 -0.00080328 0.999998 0.00170487 -0.00016363 -0.00170513 0.999998 -0.00874759 0.0441466 -0.136853
FixedParameters: 0 0 0

#Transform 140
Transform: AffineTransform_float_3_3
Parameters: 1 0.000649913 4.72174e-05 -0.000650089 0.999998 0.00187297 -4.67825e-05 -0.00187303 0.999998 -0.016699 -0.00432663 -0.138642
FixedParameters: 0 0 0

#Transform 141
Transform: AffineTransform_float_3_3
Parameters: 1 0.00040094 -0.000504254 -0.00040006 0.999998 0.0018632 0.000504746 -0.0018628 0.999998 -0.0233164 0.0334571 -0.137809
FixedParameters: 0 0 0

#Transform 142
Transform: AffineTransform_float_3_3
Parameters: 1 0.000399646 0.0002027 -0.000400355 0.999999 0.00175092 -0.000202299 -0.00175108 0.999999 -0.0178338 0.0982544 -0.137452
FixedParameters: 0 0 0

#Transform 143
Transform: AffineTransform_float_3_3
Parameters: 1 0.00039964 0.000216666 -0.000400361 0.999998 0.00166491 -0.000216334 -0.00166509 0.999998 -0.00568261 0.115672 -0.136512
FixedParameters: 0 0 0

#Transform 144
Transform: AffineTransform_float_3_3
Parameters: 1 0.000400299 -0.000250524 -0.000400702 0.999999 0.0011901 0.000250477 -0.0011909 1 -0.0257708 0.14066 -0.130071
FixedParameters: 0 0 0

#Transform 145
Transform: AffineTransform_float_3_3
Parameters: 1 0.000400299 -0.000250524 -0.000400702 0.999999 0.0011901 0.000250477 -0.0011909 1 -0.024809 0.118098 -0.105673
FixedParameters: 0 0 0

#Transform 146
Transform: AffineTransform_float_3_3
Parameters: 1 0.000400302 -0.000150197 -0.000400698 0.999998 0.00200606 0.000150804 -0.00200594 0.999998 -0.0274885 -0.00915253 -0.117037
FixedParameters: 0 0 0

#Transform 147
Transform: AffineTransform_float_3_3
Parameters: 0.999999 0.000401462 -0.000686147 -0.000400538 0.999997 0.00212928 0.000686855 -0.00212973 0.999998 -0.0257835 0.00131354 -0.118972
FixedParameters: 0 0 0

#Transform 148
Transform: AffineTransform_float_3_3
Parameters: 1 0.000399818 9.87406e-05 -0.000400183 0.999998 0.00185196 -9.8259e-05 -0.00185204 0.999999 -0.0146702 0.0232462 -0.120672
FixedParameters: 0 0 0

#Transform 149
Transform: AffineTransform_float_3_3
Parameters: 1 0.000248726 -0.000374519 -0.000248275 0.999998 0.00193709 0.000374482 -0.00193691 0.999998 -0.0214805 0.0570197 -0.117714
FixedParameters: 0 0 0

#Transform 150
Transform: AffineTransform_float_3_3
Parameters: 1 0.00040068 -0.000374274 -0.000400321 0.999999 0.00181415 0.000374727 -0.00181385 0.999999 -0.0174751 0.123908 -0.114838
FixedParameters: 0 0 0

#Transform 151
Transform: AffineTransform_float_3_3
Parameters: 1 0.000400098 -6.94391e-05 -0.000400901 0.999999 0.00140203 7.05621e-05 -0.00140197 0.999999 -0.0228285 0.154557 -0.111191
FixedParameters: 0 0 0

#Transform 152
Transform: AffineTransform_float_3_3
Parameters: 1 0.00015044 -0.000374824 -0.000149561 1 0.00117306 0.000374176 -0.00117294 0.999999 -0.0289411 0.167876 -0.11986
FixedParameters: 0 0 0

#Transform 153
Transform: AffineTransform_float_3_3
Parameters: 1 0.000399937 5.54584e-05 -0.000400064 1 0.00114598 -5.55416e-05 -0.00114602 1 -0.022764 0.126169 -0.130011
FixedParameters: 0 0 0

#Transform 154
Transform: AffineTransform_float_3_3
Parameters: 1 0.000247906 5.54242e-05 -0.000248094 0.999999 0.00171099 -5.45756e-05 -0.00171101 0.999998 -0.0315888 -0.00826531 -0.0967858
FixedParameters: 0 0 0

#Transform 155
Transform: AffineTransform_float_3_3
Parameters: 1 0.000247969 1.8425e-05 -0.000248031 0.999999 0.001714 -1.75749e-05 -0.001714 0.999998 -0.0266 -0.00227214 -0.113508
FixedParameters: 0 0 0

#Transform 156
Transform: AffineTransform_float_3_3
Parameters: 1 0.000334942 3.55487e-05 -0.000335057 0.999998 0.00163799 -3.44512e-05 -0.00163801 0.999998 -0.0329888 -0.00379344 -0.126589
FixedParameters: 0 0 0

#Transform 157
Transform: AffineTransform_float_3_3
Parameters: 1 0.000279927 3.55767e-05 -0.000280071 0.999998 0.00205999 -3.44231e-05 -0.00206001 0.999998 -0.0255879 0.0750233 -0.1318
FixedParameters: 0 0 0

#Transform 158
Transform: AffineTransform_float_3_3
Parameters: 1 0.000212643 -0.000375637 -0.000212358 0.999998 0.00171208 0.000375364 -0.00171192 0.999999 -0.0400547 0.126546 -0.127188
FixedParameters: 0 0 0

#Transform 159
Transform: AffineTransform_float_3_3
Parameters: 1 4.49608e-05 3.50504e-05 -4.50392e-05 1 0.00112 -3.49496e-05 -0.00112 1 -0.0407002 0.176679 -0.108579
FixedParameters: 0 0 0

#Transform 160
Transform: AffineTransform_float_3_3
Parameters: 1 0.000309333 -0.000220533 -0.000308666 0.999999 0.00151107 0.000221467 -0.00151093 0.999999 -0.0423065 0.143506 -0.0969081
FixedParameters: 0 0 0

#Transform 161
Transform: AffineTransform_float_3_3
Parameters: 1 0.000269221 -9.83971e-05 -0.00026878 0.999998 0.00224003 9.86025e-05 -0.00224097 0.999997 -0.0405526 0.0494253 -0.0868386
FixedParameters: 0 0 0

#Transform 162
Transform: AffineTransform_float_3_3
Parameters: 1 0.000276482 -0.000228417 -0.000276518 0.999997 0.00211006 0.000228584 -0.00210994 0.999997 -0.0428501 0.0645157 -0.121732
FixedParameters: 0 0 0

#Transform 163
Transform: AffineTransform_float_3_3
Parameters: 1 0.000316236 -0.000111333 -0.000315765 0.999997 0.00211003 0.000111666 -0.00210996 0.999998 -0.0402537 0.026711 -0.101594
FixedParameters: 0 0 0

#Transform 164
Transform: AffineTransform_float_3_3
Parameters: 1 0.000226405 -0.00018651 -0.000226596 0.999997 0.00216804 0.000186492 -0.00216796 0.999997 -0.0426795 0.0862297 -0.126457
FixedParameters: 0 0 0

#Transform 165
Transform: AffineTransform_float_3_3
Parameters: 1 0.000280228 -0.000131515 -0.000279773 0.999999 0.00173304 0.000131485 -0.00173296 0.999999 -0.0410431 0.146276 -0.120385
FixedParameters: 0 0 0

#Transform 166
Transform: AffineTransform_float_3_3
Parameters: 1 0.00030008 -5.557e-05 -0.000299921 0.999999 0.00143302 5.54298e-05 -0.00143298 0.999999 -0.0493771 0.144418 -0.12729
FixedParameters: 0 0 0

#Transform 167
Transform: AffineTransform_float_3_3
Parameters: 1 0.000287352 -0.000221544 -0.000287647 0.999998 0.00158806 0.000222457 -0.00158794 0.999998 -0.0425795 0.079471 -0.10146
FixedParameters: 0 0 0

#Transform 168
Transform: AffineTransform_float_3_3
Parameters: 1 0.000236319 -0.000152507 -0.00023568 0.999998 0.00208704 0.000153492 -0.00208696 0.999998 -0.0419168 0.0203949 -0.100928
FixedParameters: 0 0 0

#Transform 169
Transform: AffineTransform_float_3_3
Parameters: 1 0.000256531 -0.000254466 -0.000255468 0.999998 0.00208306 0.000255533 -0.00208293 0.999998 -0.0436226 0.0290768 -0.11759
FixedParameters: 0 0 0

#Transform 170
Transform: AffineTransform_float_3_3
Parameters: 1 0.000251317 -0.000152478 -0.000250684 0.999998 0.00207704 0.000152521 -0.00207696 0.999998 -0.0352142 0.0526747 -0.125675
FixedParameters: 0 0 0

#Transform 171
Transform: AffineTransform_float_3_3
Parameters: 1 0.000526959 -0.000405758 -0.000526041 0.999997 0.00235821 0.000407242 -0.00235879 0.999997 -0.0431159 0.104064 -0.112637
FixedParameters: 0 0 0

#Transform 172
Transform: AffineTransform_float_3_3
Parameters: 1 0.000215272 -0.000151615 -0.00021473 0.999999 0.00178803 0.000151384 -0.00178797 0.999999 -0.0421992 0.13132 -0.11354
FixedParameters: 0 0 0

#Transform 173
Transform: AffineTransform_float_3_3
Parameters: 1 0.000133279 -0.000203818 -0.000132721 0.999999 0.00136803 0.000204182 -0.00136797 0.999999 -0.044162 0.160813 -0.110421
FixedParameters: 0 0 0

#Transform 174
Transform: AffineTransform_float_3_3
Parameters: 1 0.000189214 -0.000151734 -0.000188786 0.999999 0.00140803 0.000152266 -0.00140797 0.999999 -0.0425534 0.124217 -0.109475
FixedParameters: 0 0 0

#Transform 175
Transform: AffineTransform_float_3_3
Parameters: 1 0.000133506 -0.000278758 -0.000133493 0.999999 0.00181504 0.000279243 -0.00181496 0.999999 -0.045583 0.0271767 -0.103754
FixedParameters: 0 0 0

#Transform 176
Transform: AffineTransform_float_3_3
Parameters: 1 0.000133564 -0.000297748 -0.000133436 0.999998 0.00189304 0.000298253 -0.00189296 0.999998 -0.0459013 0.0121104 -0.132419
FixedParameters: 0 0 0

#Transform 177
Transform: AffineTransform_float_3_3
Parameters: 1 0.000133267 -0.000151766 -0.000132732 0.999999 0.00175902 0.000152234 -0.00175898 0.999999 -0.0431813 0.026102 -0.173832
FixedParameters: 0 0 0

#Transform 178
Transform: AffineTransform_float_3_3
Parameters: 1 0.000206282 -0.000151617 -0.000206719 0.999999 0.00185803 0.000151384 -0.00185797 0.999999 -0.0422654 0.00202196 -0.166444
FixedParameters: 0 0 0

#Transform 179
Transform: AffineTransform_float_3_3
Parameters: 1 0.000263274 -0.000151525 -0.000262727 0.999999 0.00180704 0.000151475 -0.00180696 0.999999 -0.0416124 0.0819703 -0.13799
FixedParameters: 0 0 0

#Transform 180
Transform: AffineTransform_float_3_3
Parameters: 1 0.000133363 -0.000226787 -0.000132639 0.999998 0.00159803 0.000226212 -0.00159797 0.999998 -0.044602 0.139826 -0.119958
FixedParameters: 0 0 0

#Transform 181
Transform: AffineTransform_float_3_3
Parameters: 1 0.000278192 -0.000151648 -0.000277807 0.999999 0.00126604 0.000152352 -0.00126596 0.999999 -0.0413711 0.140227 -0.114958
FixedParameters: 0 0 0

#Transform 182
Transform: AffineTransform_float_3_3
Parameters: 1 0.000473248 -0.000151224 -0.000472751 0.999998 0.00164007 0.000151775 -0.00163993 0.999998 -0.0390458 0.123518 -0.0982951
FixedParameters: 0 0 0

#Transform 183
Transform: AffineTransform_float_3_3
Parameters: 1 0.000351258 -0.000115217 -0.000350743 0.999998 0.00223004 0.000115782 -0.00222996 0.999998 -0.0563995 0.0153494 -0.107361
FixedParameters: 0 0 0

#Transform 184
Transform: AffineTransform_float_3_3
Parameters: 1 0.000287148 -0.00056742 -0.000285851 0.999998 0.00202216 0.000568579 -0.00202184 0.999998 -0.0519229 0.0215311 -0.128407
FixedParameters: 0 0 0

#Transform 185
Transform: AffineTransform_float_3_3
Parameters: 1 0.000368309 -0.000171338 -0.00036769 0.999999 0.00179906 0.000172662 -0.00179894 0.999999 -0.0406476 0.0653648 -0.122617
FixedParameters: 0 0 0

#Transform 186
Transform: AffineTransform_float_3_3
Parameters: 1 0.000194312 -0.000160624 -0.000194688 0.999998 0.00193703 0.000161377 -0.00193697 0.999998 -0.0425339 0.0907739 -0.127948
FixedParameters: 0 0 0

#Transform 187
Transform: AffineTransform_float_3_3
Parameters: 1 0.000245196 -0.000160701 -0.000244804 0.999999 0.00121804 0.000161298 -0.00121796 0.999999 -0.0481047 0.136881 -0.109654
FixedParameters: 0 0 0

#Transform 188
Transform: AffineTransform_float_3_3
Parameters: 1 0.000194152 -0.000160817 -0.000194848 0.999999 0.00094503 0.000161184 -0.000944968 0.999999 -0.0425249 0.192538 -0.110612
FixedParameters: 0 0 0

#Transform 189
Transform: AffineTransform_float_3_3
Parameters: 1 -0.00033398 -0.000508013 0.00033402 1 3.98303e-05 0.000507986 -4.01697e-05 1 -0.0304305 0.18188 -0.131272
FixedParameters: 0 0 0

#Transform 190
Transform: AffineTransform_float_3_3
Parameters: 1 7.73076e-06 0.000254008 -7.26924e-06 1 0.00106 -0.000253993 -0.00106 1 -0.0264382 0.0227931 -0.0865995
FixedParameters: 0 0 0

#Transform 191
Transform: AffineTransform_float_3_3
Parameters: 1 -7.00653e-05 3.78794e-05 6.99344e-05 0.999998 0.001722 -3.81205e-05 -0.001722 0.999998 -0.0277092 -0.0493574 -0.0987111
FixedParameters: 0 0 0

#Transform 192
Transform: AffineTransform_float_3_3
