#Insight Transform File V1.0
#Transform 0
Transform: AffineTransform_float_3_3
Parameters: 1 5.78292e-06 -0.00114899 -2.17005e-07 0.999988 0.005033 0.00114902 -0.005033 0.999986 -0.0172755 0.0722928 0.0566832
FixedParameters: 0 0 0

#Transform 1
Transform: AffineTransform_float_3_3
Parameters: 1 -8.48742e-05 -0.00121137 9.01242e-05 0.999991 0.0042319 0.00121063 -0.00423211 0.999991 0.0106954 0.0712615 0.0359275
FixedParameters: 0 0 0

#Transform 2
Transform: AffineTransform_float_3_3
Parameters: 0.999999 -0.000152537 -0.000983385 0.000155464 0.999997 0.00250485 0.000983614 -0.00250515 0.999997 0.00743731 0.0781371 -0.0335346
FixedParameters: 0 0 0

#Transform 3
Transform: AffineTransform_float_3_3
Parameters: 0.999999 -0.000439898 -0.000821129 0.000442101 0.999996 0.00256064 0.00081987 -0.00256136 0.999997 0.0194121 0.0290961 -0.0236594
FixedParameters: 0 0 0

#Transform 4
Transform: AffineTransform_float_3_3
Parameters: 0.999999 -0.000157972 -0.00098349 0.000161029 0.999995 0.00307884 0.000983508 -0.00307916 0.999995 -0.0114325 0.0777887 0.0143032
FixedParameters: 0 0 0

#Transform 5
Transform: AffineTransform_float_3_3
Parameters: 1 -0.000199676 -0.000518512 0.000201323 0.999996 0.00255489 0.000517487 -0.0025551 0.999996 -0.000278272 0.0885841 -0.00651504
FixedParameters: 0 0 0

#Transform 6
Transform: AffineTransform_float_3_3
Parameters: 1 -0.000273991 -0.000390709 0.000275009 0.999996 0.00258389 0.00039029 -0.00258411 0.999996 0.00311761 0.072219 -0.019694
FixedParameters: 0 0 0

#Transform 7
Transform: AffineTransform_float_3_3
Parameters: 1 -0.000441585 -0.000209875 0.000441415 0.999998 0.00197991 0.000209126 -0.00198009 0.999998 0.00782123 0.0581294 -0.0370573
FixedParameters: 0 0 0

#Transform 8
Transform: AffineTransform_float_3_3
Parameters: 0.999999 -0.000501852 -0.000810334 0.000504147 0.999997 0.00265259 0.000808665 -0.00265341 0.999996 0.0132641 0.0861422 -0.00243637
FixedParameters: 0 0 0

#Transform 9
Transform: AffineTransform_float_3_3
Parameters: 1 -0.000441746 -0.000190589 0.000441254 0.999999 0.00133392 0.000190412 -0.00133408 0.999999 0.0248309 0.128676 -0.0590854
FixedParameters: 0 0 0

#Transform 10
Transform: AffineTransform_float_3_3
Parameters: 0.999999 -0.000328179 -0.000672401 0.00032882 0.999999 0.00122078 0.000671599 -0.00122122 0.999999 0.0129646 0.0733458 -0.0581697
FixedParameters: 0 0 0

#Transform 11
Transform: AffineTransform_float_3_3
Parameters: 0.999999 -4.26072e-05 -0.000840072 4.43926e-05 0.999998 0.00165796 0.000839927 -0.00165804 0.999999 -0.0152502 0.0664016 -0.0773988
FixedParameters: 0 0 0

#Transform 12
Transform: AffineTransform_float_3_3
Parameters: 1 0.000149209 -0.00107283 -0.000147791 1 0.00112716 0.00107317 -0.00112684 0.999999 -0.0212771 0.0312899 -0.0467779
FixedParameters: 0 0 0

#Transform 13
Transform: AffineTransform_float_3_3
Parameters: 0.999998 0.000858819 -0.0014159 -0.000856181 0.999999 0.00128421 0.0014171 -0.00128378 0.999998 -0.0510326 0.033216 -0.00962956
FixedParameters: 0 0 0

#Transform 14
Transform: AffineTransform_float_3_3
Parameters: 0.999999 0.000327684 -0.000662652 -0.000329315 0.999998 -0.00198778 0.000661347 0.00198722 0.999998 -0.0380508 -0.0937107 -0.0929729
FixedParameters: 0 0 0

#Transform 15
Transform: AffineTransform_float_3_3
Parameters: 0.999998 8.82294e-05 -0.00190523 -9.27697e-05 0.999997 -0.00250383 0.00190477 0.00250417 0.999995 -0.0875357 -0.19095 -0.0974643
FixedParameters: 0 0 0

#Transform 16
Transform: AffineTransform_float_3_3
Parameters: 0.999999 4.02021e-05 -0.00157007 -4.27994e-05 0.999999 -0.00178194 0.00157093 0.00178207 0.999997 -0.0619466 -0.0346985 -0.0897837
FixedParameters: 0 0 0

#Transform 17
Transform: AffineTransform_float_3_3
Parameters: 0.999999 -0.00015735 -0.000702146 0.00015765 0.999999 0.000925889 0.000701854 -0.000926111 1 -0.023465 0.104009 -0.0214811
FixedParameters: 0 0 0

#Transform 18
Transform: AffineTransform_float_3_3
Parameters: 1 -0.000297523 -0.000543261 0.000298476 0.999999 0.000876837 0.000542738 -0.000877161 0.999999 -0.0086339 -0.00915101 -0.0219974
FixedParameters: 0 0 0

#Transform 19
Transform: AffineTransform_float_3_3
Parameters: 1 -0.000122976 -0.000372008 0.000123024 1 6.39542e-05 0.000371992 -6.40457e-05 1 0.00193134 0.0232806 -0.0167833
FixedParameters: 0 0 0

#Transform 20
Transform: AffineTransform_float_3_3
Parameters: 1 -0.000298039 -7.78513e-05 0.000297961 1 -0.000499023 7.81487e-05 0.000498977 1 0.00941295 -0.00987579 -0.0271194
FixedParameters: 0 0 0

#Transform 21
Transform: AffineTransform_float_3_3
Parameters: 1 -7.2979e-05 1.70899e-05 7.30209e-05 0.999999 -0.001232 -1.69101e-05 0.001232 0.999999 -0.0201228 -0.00775341 -0.0143336
FixedParameters: 0 0 0

#Transform 22
Transform: AffineTransform_float_3_3
Parameters: 1 -0.000298263 -0.000295734 0.000298737 0.999999 -0.000890088 0.000295266 0.000889911 0.999999 -0.0104182 0.0247795 -0.0258975
FixedParameters: 0 0 0

#Transform 23
Transform: AffineTransform_float_3_3
Parameters: 0.999999 3.04065e-05 -0.000936019 -3.15934e-05 1 -0.000633971 0.00093598 0.000634029 1 -0.024338 -0.0280371 -0.0346991
FixedParameters: 0 0 0

#Transform 24
Transform: AffineTransform_float_3_3
Parameters: 1 0.000274345 -0.00106491 -0.000273655 1 0.000324292 0.00106509 -0.000323708 1 -0.0508398 0.0565727 -0.0417423
FixedParameters: 0 0 0

#Transform 25
Transform: AffineTransform_float_3_3
Parameters: 1 0.000398544 -0.000951773 -0.000397455 1 0.000572379 0.000952228 -0.000571621 1 -0.0338143 -0.0725376 0.0442239
FixedParameters: 0 0 0

#Transform 26
Transform: AffineTransform_float_3_3
Parameters: 1 0.000349919 0.000148191 -0.000350081 1 0.000544948 -0.000147809 -0.000545052 1 -0.046161 -0.070129 -0.00144429
FixedParameters: 0 0 0

#Transform 27
Transform: AffineTransform_float_3_3
Parameters: 0.999999 0.000118206 0.00072513 -0.000118794 1 0.00109491 -0.00072487 -0.00109509 0.999999 -0.0218827 -0.0762197 -0.00303319
FixedParameters: 0 0 0

#Transform 28
Transform: AffineTransform_float_3_3
Parameters: 1 0.000402484 0.000569365 -0.000402516 1 0.000906772 -0.000568635 -0.00090723 1 -0.0263192 -0.027366 0.00485242
FixedParameters: 0 0 0

#Transform 29
Transform: AffineTransform_float_3_3
Parameters: 1 0.000126861 0.000158112 -0.000126139 0.999999 0.000880979 -0.000157889 -0.000881019 0.999999 -0.0181724 0.036431 0.0167922
FixedParameters: 0 0 0

#Transform 30
Transform: AffineTransform_float_3_3
Parameters: 1 0.000299984 -0.000435011 -0.000300016 1 -3.68695e-05 0.000434989 3.71305e-05 1 -0.0498693 0.0806712 -0.0228144
FixedParameters: 0 0 0

#Transform 31
Transform: AffineTransform_float_3_3
Parameters: 1 0.000681857 -0.000832118 -0.000682144 1 -0.000172432 0.000831883 0.000172567 0.999999 -0.0541396 0.0951179 -0.0221431
FixedParameters: 0 0 0

#Transform 32
Transform: AffineTransform_float_3_3
Parameters: 0.999999 0.000708856 -0.000621023 -0.000708142 0.999999 0.00137944 0.000621977 -0.00137856 0.999999 -0.0468396 0.0542821 0.0613801
FixedParameters: 0 0 0

#Transform 33
Transform: AffineTransform_float_3_3
Parameters: 1 0.000412345 -0.000975432 -0.000411654 0.999999 0.0013794 0.000976569 -0.0013786 0.999998 -0.06471 0.00445987 0.0765625
FixedParameters: 0 0 0

#Transform 34
Transform: AffineTransform_float_3_3
Parameters: 1 0.00041173 -0.0005004 -0.000411269 0.999999 0.00145821 0.0005016 -0.00145879 0.999999 -0.0560718 -0.0540343 0.0681297
FixedParameters: 0 0 0

#Transform 35
Transform: AffineTransform_float_3_3
Parameters: 1 0.000410677 0.000164807 -0.000411323 0.999998 0.00196393 -0.000164192 -0.00196407 0.999998 -0.0188222 -0.0638424 0.0593518
FixedParameters: 0 0 0

#Transform 36
Transform: AffineTransform_float_3_3
Parameters: 1 0.000226242 0.000487352 -0.000226757 0.999999 0.00155589 -0.000486648 -0.00155611 0.999998 -0.0177005 -0.0512016 0.0475408
FixedParameters: 0 0 0

#Transform 37
Transform: AffineTransform_float_3_3
Parameters: 1 0.000410347 0.00048755 -0.000411653 0.999999 0.0013398 -0.000487449 -0.0013402 0.999999 -0.0186097 0.0117432 0.0565006
FixedParameters: 0 0 0

#Transform 38
Transform: AffineTransform_float_3_3
Parameters: 1 0.000411045 -6.27032e-05 -0.000410954 0.999999 0.000722025 6.32967e-05 -0.000721974 0.999999 -0.0318896 0.00320391 -0.00215333
FixedParameters: 0 0 0

#Transform 39
Transform: AffineTransform_float_3_3
Parameters: 1 0.000411026 -0.000207948 -0.000410973 1 0.000127085 0.000208052 -0.000126914 1 -0.0426387 0.0520064 -0.0180528
FixedParameters: 0 0 0

#Transform 40
Transform: AffineTransform_float_3_3
Parameters: 1 0.000411002 -0.000105992 -0.000410998 1 2.00436e-05 0.000106008 -1.99564e-05 1 -0.0345734 0.066099 -0.0186239
FixedParameters: 0 0 0

#Transform 41
Transform: AffineTransform_float_3_3
Parameters: 1 0.000411422 -0.000355512 -0.000411577 0.999999 0.00118615 0.000356488 -0.00118585 0.999999 -0.0490412 0.0420665 0.0585179
FixedParameters: 0 0 0

#Transform 42
Transform: AffineTransform_float_3_3
Parameters: 0.999999 0.000785339 -0.000305128 -0.000784661 0.999999 0.00111024 0.000305871 -0.00110976 1 -0.0514222 0.0393038 0.00870674
FixedParameters: 0 0 0

#Transform 43
Transform: AffineTransform_float_3_3
Parameters: 1 0.000505549 -0.000449383 -0.000504451 0.999999 0.00122023 0.000450616 -0.00122077 0.999999 -0.0580381 0.0426494 0.0289513
FixedParameters: 0 0 0

#Transform 44
Transform: AffineTransform_float_3_3
Parameters: 0.999999 0.000856454 -0.000955808 -0.000853547 0.999997 0.00256382 0.000958192 -0.00256318 0.999997 -0.0584949 0.0578899 -0.00066934
FixedParameters: 0 0 0

#Transform 45
Transform: AffineTransform_float_3_3
Parameters: 0.999999 0.00135738 -0.00124432 -0.00135362 0.999996 0.00271269 0.00124768 -0.00271131 0.999995 -0.0793169 0.126829 -0.0134816
FixedParameters: 0 0 0

#Transform 46
Transform: AffineTransform_float_3_3
Parameters: 0.999997 0.0012367 -0.00200867 -0.00122831 0.99999 0.00432448 0.00201333 -0.00432252 0.999988 -0.0918227 0.14918 -0.028177
FixedParameters: 0 0 0

#Transform 47
Transform: AffineTransform_float_3_3
Parameters: 0.999996 0.000363308 -0.00256101 -0.000348693 0.999985 0.00558491 0.00256299 -0.00558409 0.999981 -0.0641437 0.206318 -0.0779595
FixedParameters: 0 0 0

#Transform 48
Transform: AffineTransform_float_3_3
Parameters: 0.999996 0.00052128 -0.00297854 -0.00050672 0.999989 0.00479253 0.00298146 -0.00479147 0.999984 -0.0934874 -0.153006 0.0437196
FixedParameters: 0 0 0

#Transform 49
Transform: AffineTransform_float_3_3
Parameters: 0.999996 0.0014624 -0.00214831 -0.0014546 0.999992 0.00390614 0.0021547 -0.00390286 0.99999 -0.141161 -0.233825 0.115337
FixedParameters: 0 0 0

#Transform 50
Transform: AffineTransform_float_3_3
Parameters: 0.999997 0.000989661 -0.00196866 -0.000983335 0.999994 0.00338294 0.00197234 -0.00338006 0.999993 -0.15751 -0.220173 0.0761468
FixedParameters: 0 0 0

#Transform 51
Transform: AffineTransform_float_3_3
Parameters: 0.999998 -0.000690938 -0.00157147 0.00069206 0.999999 0.000674913 0.00157053 -0.000676086 0.999998 -0.130234 -0.279992 0.0788098
FixedParameters: 0 0 0

#Transform 52
Transform: AffineTransform_float_3_3
Parameters: 0.999996 -0.0023218 -0.00164569 0.0023232 0.999997 0.00072718 0.00164431 -0.000730821 0.999999 -0.103377 -0.103132 0.0473962
FixedParameters: 0 0 0

#Transform 53
Transform: AffineTransform_float_3_3
Parameters: 0.999989 -0.00398047 -0.0022604 0.00397852 0.999992 -0.000657 0.0022636 0.000647997 0.999997 -0.175181 -0.0275697 -0.0848743
FixedParameters: 0 0 0

#Transform 54
Transform: AffineTransform_float_3_3
Parameters: 0.999985 -0.00460459 -0.00304815 0.0046084 0.999989 0.00111097 0.00304285 -0.00112503 0.999994 -0.199554 0.155809 -0.171084
FixedParameters: 0 0 0

#Transform 55
Transform: AffineTransform_float_3_3
Parameters: 0.999985 -0.00446358 -0.00300808 0.00446642 0.99999 0.00113058 0.00300292 -0.00114342 0.999995 -0.160477 0.338949 -0.225838
FixedParameters: 0 0 0

#Transform 56
Transform: AffineTransform_float_3_3
Parameters: 0.999988 -0.00497113 -0.000559894 0.00497288 0.999982 0.00339626 0.000543109 -0.00339874 0.999994 -0.173655 0.380983 -0.451835
FixedParameters: 0 0 0

#Transform 57
Transform: AffineTransform_float_3_3
Parameters: 0.99999 -0.00424639 0.00179495 0.00423961 0.999984 0.00355065 -0.00181005 -0.00354235 0.999992 -0.176766 0.518185 -0.568204
FixedParameters: 0 0 0

#Transform 58
Transform: AffineTransform_float_3_3
Parameters: 0.999989 -0.00454426 0.00102986 0.00454374 0.999989 0.000252682 -0.00103114 -0.000248317 1 -0.192415 0.23298 -0.441282
FixedParameters: 0 0 0

#Transform 59
Transform: AffineTransform_float_3_3
Parameters: 0.999971 -0.00328263 0.00686297 0.00332137 0.999978 -0.00573237 -0.00684403 0.00575563 0.99996 -0.0222115 -0.116745 -1.029
FixedParameters: 0 0 0

#Transform 60
Transform: AffineTransform_float_3_3
Parameters: 0.999997 -0.000339984 0.0026613 0.000350015 0.999993 -0.00376408 -0.0026597 0.00376492 0.99999 -0.174866 -0.0641858 -0.260398
FixedParameters: 0 0 0

#Transform 61
Transform: AffineTransform_float_3_3
Parameters: 0.999997 0.00125697 0.0021704 -0.00124903 0.999993 -0.00366972 -0.0021756 0.00366728 0.999991 -0.178849 -0.119584 -0.0428902
FixedParameters: 0 0 0

#Transform 62
Transform: AffineTransform_float_3_3
Parameters: 0.999999 0.00119044 0.00137618 -0.00118557 0.999994 -0.00321864 -0.00137982 0.00321736 0.999994 -0.176399 -0.00970328 -0.000182862
FixedParameters: 0 0 0

#Transform 63
Transform: AffineTransform_float_3_3
Parameters: 0.999998 0.00119168 0.00174413 -0.00118632 0.999994 -0.00325308 -0.00174787 0.00325092 0.999993 -0.168489 0.0154837 -0.0576247
FixedParameters: 0 0 0

#Transform 64
Transform: AffineTransform_float_3_3
Parameters: 0.999998 0.00119293 0.00167809 -0.00118607 0.999991 -0.004125 -0.00168391 0.004123 0.99999 -0.153146 0.0131035 -0.067226
FixedParameters: 0 0 0

#Transform 65
Transform: AffineTransform_float_3_3
Parameters: 0.999998 0.00119474 0.00187045 -0.00118626 0.999989 -0.00466823 -0.00187656 0.00466577 0.999988 -0.147904 0.0450741 -0.0633966
FixedParameters: 0 0 0

#Transform 66
Transform: AffineTransform_float_3_3
Parameters: 0.999998 0.00119561 0.00158882 -0.0011854 0.999981 -0.00603389 -0.00159518 0.0060321 0.99998 -0.155891 0.0280103 -0.114915
FixedParameters: 0 0 0

#Transform 67
Transform: AffineTransform_float_3_3
Parameters: 0.999998 0.00102457 0.00125505 -0.00101543 0.999977 -0.00681229 -0.00126195 0.00681072 0.999976 -0.163388 -0.0346297 -0.204934
FixedParameters: 0 0 0

#Transform 68
Transform: AffineTransform_float_3_3
Parameters: 0.999999 0.00141829 0.00101566 -0.00141372 0.999985 -0.00518644 -0.00102235 0.00518556 0.999986 -0.166704 -0.10052 -0.152816
FixedParameters: 0 0 0

#Transform 69
Transform: AffineTransform_float_3_3
Parameters: 0.999999 0.00130741 0.00118103 -0.00130159 0.999988 -0.00457354 -0.00118696 0.00457145 0.999989 -0.169818 -0.0925478 -0.139482
FixedParameters: 0 0 0

#Transform 70
Transform: AffineTransform_float_3_3
Parameters: 0.999998 0.00153562 0.00165488 -0.00152938 0.999991 -0.00399554 -0.00166112 0.00399346 0.99999 -0.171824 -0.117881 -0.139115
FixedParameters: 0 0 0

#Transform 71
Transform: AffineTransform_float_3_3
Parameters: 0.999996 0.00154764 0.00203144 -0.00153935 0.99999 -0.00424914 -0.00203856 0.00424586 0.999989 -0.163001 -0.149994 -0.102999
FixedParameters: 0 0 0

#Transform 72
Transform: AffineTransform_float_3_3
Parameters: 0.999996 0.00172382 0.00188487 -0.00171518 0.99999 -0.00414424 -0.00189212 0.00414175 0.999989 -0.156656 -0.0630626 -0.130599
FixedParameters: 0 0 0

#Transform 73
Transform: AffineTransform_float_3_3
Parameters: 0.999998 0.00148812 0.00139557 -0.00148288 0.999992 -0.00365908 -0.00140143 0.00365692 0.999993 -0.178072 -0.0649752 -0.202557
FixedParameters: 0 0 0

#Transform 74
Transform: AffineTransform_float_3_3
Parameters: 0.999998 0.00136083 0.00104302 -0.00135717 0.999993 -0.00366542 -0.00104798 0.00366358 0.999992 -0.185949 0.000877369 -0.143097
FixedParameters: 0 0 0

#Transform 75
Transform: AffineTransform_float_3_3
Parameters: 0.999997 0.00140935 0.00165477 -0.00140166 0.999989 -0.00443333 -0.00166023 0.00443067 0.999989 -0.164992 0.0168511 -0.120497
FixedParameters: 0 0 0

#Transform 76
Transform: AffineTransform_float_3_3
Parameters: 0.999998 0.00112682 0.00165503 -0.00111818 0.999985 -0.00532086 -0.00166097 0.00531914 0.999984 -0.159449 0.00657175 -0.14977
FixedParameters: 0 0 0

#Transform 77
Transform: AffineTransform_float_3_3
Parameters: 0.999997 0.00148517 0.0019503 -0.00147483 0.999986 -0.00520489 -0.0019577 0.00520211 0.999984 -0.154424 -0.065901 -0.0927275
FixedParameters: 0 0 0

#Transform 78
Transform: AffineTransform_float_3_3
Parameters: 0.999995 0.00177492 0.00233248 -0.00176508 0.99999 -0.00424914 -0.00234052 0.00424487 0.999989 -0.159953 -0.0455192 -0.0366228
FixedParameters: 0 0 0

#Transform 79
Transform: AffineTransform_float_3_3
Parameters: 0.999994 0.00190618 0.00286728 -0.00189282 0.999987 -0.00459145 -0.00287572 0.00458555 0.999986 -0.142367 -0.0640144 -0.0721409
FixedParameters: 0 0 0

#Transform 80
Transform: AffineTransform_float_3_3
Parameters: 0.999994 0.00187321 0.00286806 -0.00186079 0.999989 -0.00425436 -0.00287594 0.00424964 0.999987 -0.138852 -0.0739283 -0.0702464
FixedParameters: 0 0 0

#Transform 81
Transform: AffineTransform_float_3_3
Parameters: 0.999995 0.00166331 0.00246139 -0.00165268 0.999988 -0.00459209 -0.00246961 0.00458791 0.999987 -0.151792 -0.136512 -0.0721188
FixedParameters: 0 0 0

#Transform 82
Transform: AffineTransform_float_3_3
Parameters: 0.999996 0.00155091 0.00203172 -0.00154009 0.999985 -0.00536115 -0.00204028 0.00535785 0.999983 -0.159547 -0.0570419 -0.0938979
FixedParameters: 0 0 0

#Transform 83
Transform: AffineTransform_float_3_3
Parameters: 0.999997 0.00200918 0.0017864 -0.00199783 0.999975 -0.0067926 -0.00179961 0.00678941 0.999976 -0.174905 -0.14439 -0.132481
FixedParameters: 0 0 0

#Transform 84
Transform: AffineTransform_float_3_3
Parameters: 0.999997 0.00196247 0.00162141 -0.00195152 0.999978 -0.00643519 -0.00163459 0.00643182 0.999978 -0.175103 -0.0823146 -0.135468
FixedParameters: 0 0 0

#Transform 85
Transform: AffineTransform_float_3_3
Parameters: 0.999997 0.00163765 0.00218939 -0.00162236 0.999974 -0.00712858 -0.00220062 0.00712543 0.999972 -0.157238 -0.155156 -0.10361
FixedParameters: 0 0 0

#Transform 86
Transform: AffineTransform_float_3_3
Parameters: 0.999996 0.00114629 0.00257537 -0.00112971 0.999977 -0.00670494 -0.00258363 0.00670207 0.999974 -0.129197 -0.171587 -0.153366
FixedParameters: 0 0 0

#Transform 87
Transform: AffineTransform_float_3_3
Parameters: 0.999996 0.000120574 0.00289122 -0.000100427 0.999974 -0.00711532 -0.00289179 0.00711468 0.999971 -0.108323 -0.214621 -0.20141
FixedParameters: 0 0 0

#Transform 88
Transform: AffineTransform_float_3_3
Parameters: 0.999996 0.000357203 0.00296264 -0.000337801 0.999976 -0.00681703 -0.00296437 0.00681597 0.999973 -0.0979024 -0.156178 -0.154343
FixedParameters: 0 0 0

#Transform 89
Transform: AffineTransform_float_3_3
Parameters: 0.999996 0.00048801 0.00301167 -0.000466989 0.999975 -0.00697244 -0.00301533 0.00697156 0.999971 -0.108848 -0.142626 -0.164348
FixedParameters: 0 0 0

#Transform 90
Transform: AffineTransform_float_3_3
Parameters: 0.999995 0.000467321 0.00296186 -0.000447679 0.999977 -0.00685736 -0.00296514 0.00685665 0.999972 -0.0982201 -0.134213 -0.1435
FixedParameters: 0 0 0

#Transform 91
Transform: AffineTransform_float_3_3
Parameters: 0.999996 0.000261873 0.00256605 -0.000242128 0.99997 -0.00774165 -0.00256795 0.00774135 0.999966 -0.119144 -0.167024 -0.253019
FixedParameters: 0 0 0

#Transform 92
Transform: AffineTransform_float_3_3
Parameters: 0.999997 0.000448828 0.00242659 -0.000430176 0.99997 -0.00775407 -0.00242941 0.00775293 0.999967 -0.113584 -0.135995 -0.308841
FixedParameters: 0 0 0

#Transform 93
Transform: AffineTransform_float_3_3
Parameters: 0.999998 0.000493278 0.00220499 -0.000474722 0.999965 -0.00828207 -0.00220901 0.00828093 0.999964 -0.112164 -0.199383 -0.30752
FixedParameters: 0 0 0

#Transform 94
Transform: AffineTransform_float_3_3
Parameters: 0.999997 0.000625468 0.00231683 -0.000606532 0.999964 -0.00839343 -0.00232217 0.00839257 0.999962 -0.126228 -0.200712 -0.310589
FixedParameters: 0 0 0

#Transform 95
Transform: AffineTransform_float_3_3
Parameters: 0.999998 0.000565894 0.00189762 -0.000551111 0.999969 -0.00784006 -0.00190138 0.00783894 0.999967 -0.135876 -0.187383 -0.278096
FixedParameters: 0 0 0

#Transform 96
Transform: AffineTransform_float_3_3
Parameters: 0.999998 0.000746767 0.0021683 -0.000729237 0.99997 -0.0077226 -0.0021737 0.0077214 0.999968 -0.130044 -0.197715 -0.280677
FixedParameters: 0 0 0

#Transform 97
Transform: AffineTransform_float_3_3
Parameters: 0.999997 0.000822004 0.0022432 -0.000805998 0.999975 -0.00712583 -0.0022488 0.00712417 0.999972 -0.131037 -0.200715 -0.240554
FixedParameters: 0 0 0

#Transform 98
Transform: AffineTransform_float_3_3
Parameters: 0.999997 0.000745901 0.00224478 -0.000730096 0.999974 -0.00707666 -0.00225022 0.00707434 0.999973 -0.146181 -0.109219 -0.251539
FixedParameters: 0 0 0

#Transform 99
Transform: AffineTransform_float_3_3
Parameters: 0.999997 0.000819022 0.00253288 -0.000802978 0.999979 -0.00632005 -0.00253813 0.00631794 0.999977 -0.128237 -0.115452 -0.216918
FixedParameters: 0 0 0

#Transform 100
Transform: AffineTransform_float_3_3
Parameters: 0.999998 0.0011773 0.00162329 -0.00116869 0.999983 -0.00571991 -0.00163071 0.00571809 0.999983 -0.117737 -0.0401275 -0.178734
FixedParameters: 0 0 0

#Transform 101
Transform: AffineTransform_float_3_3
Parameters: 0.999999 0.000470219 0.00119719 -0.000462777 0.999982 -0.00602256 -0.00120081 0.00602244 0.999981 -0.145404 0.00744104 -0.182783
FixedParameters: 0 0 0

#Transform 102
Transform: AffineTransform_float_3_3
Parameters: 0.999999 -3.74951e-05 0.00123129 4.65028e-05 0.999976 -0.00690795 -0.00123071 0.00690805 0.999976 -0.151259 -0.115344 -0.214845
FixedParameters: 0 0 0

#Transform 103
Transform: AffineTransform_float_3_3
Parameters: 0.999998 4.85871e-05 0.00163872 -3.7411e-05 0.999979 -0.00646007 -0.00163927 0.00645993 0.999978 -0.153719 -0.132171 -0.163324
FixedParameters: 0 0 0

#Transform 104
Transform: AffineTransform_float_3_3
Parameters: 0.999998 0.000118066 0.00202128 -0.000104929 0.999979 -0.00646323 -0.00202272 0.00646278 0.999977 -0.175243 -0.160397 -0.172514
FixedParameters: 0 0 0

#Transform 105
Transform: AffineTransform_float_3_3
Parameters: 0.999996 0.00015384 0.00285309 -0.000136153 0.999981 -0.00625242 -0.00285491 0.00625159 0.999977 -0.170574 -0.152126 -0.232955
FixedParameters: 0 0 0

#Transform 106
Transform: AffineTransform_float_3_3
Parameters: 0.999994 0.000401843 0.00323248 -0.000381156 0.999979 -0.00644527 -0.00323552 0.00644474 0.999974 -0.165553 -0.139524 -0.212734
FixedParameters: 0 0 0

#Transform 107
Transform: AffineTransform_float_3_3
Parameters: 0.999993 0.000765761 0.00350468 -0.000741237 0.999975 -0.00706064 -0.00351032 0.00705836 0.999969 -0.167556 -0.0980234 -0.270591
FixedParameters: 0 0 0

#Transform 108
Transform: AffineTransform_float_3_3
Parameters: 0.999995 0.00099372 0.00319934 -0.000972277 0.999977 -0.00678315 -0.00320667 0.00677985 0.999972 -0.17483 -0.0848761 -0.262443
FixedParameters: 0 0 0

#Transform 109
Transform: AffineTransform_float_3_3
Parameters: 0.999994 0.00132059 0.00326096 -0.00129341 0.999964 -0.00844927 -0.00327204 0.00844474 0.999959 -0.179946 -0.0897843 -0.309458
FixedParameters: 0 0 0

#Transform 110
Transform: AffineTransform_float_3_3
Parameters: 0.999995 0.00131589 0.00310038 -0.00129311 0.999972 -0.00737405 -0.00310962 0.00736995 0.999968 -0.181846 -0.128739 -0.255509
FixedParameters: 0 0 0

#Transform 111
Transform: AffineTransform_float_3_3
Parameters: 0.999994 0.00131494 0.00299847 -0.00129306 0.999973 -0.00730692 -0.00300852 0.00730309 0.999969 -0.196063 -0.102344 -0.243987
FixedParameters: 0 0 0

#Transform 112
Transform: AffineTransform_float_3_3
Parameters: 0.999994 0.00131287 0.00303247 -0.00129312 0.999977 -0.00654596 -0.00304153 0.00654204 0.999974 -0.205128 -0.104526 -0.20055
FixedParameters: 0 0 0

#Transform 113
Transform: AffineTransform_float_3_3
Parameters: 0.999993 0.00131605 0.00343826 -0.00129294 0.999976 -0.00669949 -0.00344774 0.0066945 0.999971 -0.195282 -0.0995489 -0.164061
FixedParameters: 0 0 0

#Transform 114
Transform: AffineTransform_float_3_3
Parameters: 0.999994 0.00145779 0.0032142 -0.00143621 0.999976 -0.00677266 -0.0032238 0.00676734 0.999972 -0.201063 -0.109621 -0.161245
FixedParameters: 0 0 0

#Transform 115
Transform: AffineTransform_float_3_3
Parameters: 0.999994 0.00117555 0.00326857 -0.00114846 0.999967 -0.0081118 -0.00327742 0.0081082 0.999962 -0.199223 -0.115019 -0.254588
FixedParameters: 0 0 0

#Transform 116
Transform: AffineTransform_float_3_3
Parameters: 0.999995 0.00108001 0.00316491 -0.00105299 0.999963 -0.00852438 -0.00317409 0.00852062 0.999958 -0.198503 -0.146507 -0.262533
FixedParameters: 0 0 0

#Transform 117
Transform: AffineTransform_float_3_3
Parameters: 0.999994 0.00124849 0.00327064 -0.00122151 0.999964 -0.00839405 -0.00328137 0.00838996 0.99996 -0.194049 -0.148436 -0.235896
FixedParameters: 0 0 0

#Transform 118
Transform: AffineTransform_float_3_3
Parameters: 0.999995 0.00121763 0.00309944 -0.00119336 0.999968 -0.00793774 -0.00310957 0.00793325 0.999963 -0.192606 -0.129036 -0.18025
FixedParameters: 0 0 0

#Transform 119
Transform: AffineTransform_float_3_3
Parameters: 0.999993 0.00159809 0.0033672 -0.00157291 0.999971 -0.00744135 -0.00337879 0.00743665 0.999966 -0.197889 -0.111691 -0.168987
FixedParameters: 0 0 0

#Transform 120
Transform: AffineTransform_float_3_3
Parameters: 0.999989 0.00204611 0.00405344 -0.00201488 0.999969 -0.00766525 -0.00406956 0.00765676 0.999963 -0.190639 -0.17128 -0.17182
FixedParameters: 0 0 0

#Transform 121
Transform: AffineTransform_float_3_3
Parameters: 0.99999 0.00204443 0.00378826 -0.00201457 0.999968 -0.0077557 -0.00380373 0.00774829 0.999962 -0.198958 -0.127682 -0.181669
FixedParameters: 0 0 0

#Transform 122
Transform: AffineTransform_float_3_3
Parameters: 0.999991 0.00204502 0.00371061 -0.00201498 0.999966 -0.00807656 -0.00372739 0.00806946 0.999961 -0.19116 -0.103149 -0.187228
FixedParameters: 0 0 0

#Transform 123
Transform: AffineTransform_float_3_3
Parameters: 0.999992 0.00204785 0.00341652 -0.00201515 0.999952 -0.00959096 -0.00343548 0.00958404 0.999948 -0.206156 -0.114638 -0.247318
FixedParameters: 0 0 0

#Transform 124
Transform: AffineTransform_float_3_3
Parameters: 0.999992 0.00204188 0.00326333 -0.00201512 0.999964 -0.00821964 -0.00327966 0.00821236 0.999961 -0.210875 -0.128235 -0.183661
FixedParameters: 0 0 0

#Transform 125
Transform: AffineTransform_float_3_3
Parameters: 0.999993 0.00204269 0.00311099 -0.0020153 0.999958 -0.00887932 -0.00312901 0.00887266 0.999955 -0.228665 -0.107608 -0.238298
FixedParameters: 0 0 0

#Transform 126
Transform: AffineTransform_float_3_3
Parameters: 0.999994 0.00181718 0.00317158 -0.00178981 0.999962 -0.00855274 -0.00318742 0.00854727 0.999959 -0.233295 -0.188498 -0.22993
FixedParameters: 0 0 0

#Transform 127
Transform: AffineTransform_float_3_3
Parameters: 0.999991 0.00169738 0.00369094 -0.00166162 0.999953 -0.00956721 -0.00370706 0.00956079 0.999948 -0.233333 -0.142628 -0.293167
FixedParameters: 0 0 0

#Transform 128
Transform: AffineTransform_float_3_3
Parameters: 0.999993 0.00188709 0.00338942 -0.0018569 0.999959 -0.00885936 -0.00340658 0.00885364 0.999955 -0.246921 -0.179557 -0.248239
FixedParameters: 0 0 0

#Transform 129
Transform: AffineTransform_float_3_3
Parameters: 0.999992 0.00153956 0.00369536 -0.00149944 0.999939 -0.0109546 -0.00371165 0.0109494 0.999933 -0.232837 -0.1458 -0.357347
FixedParameters: 0 0 0

#Transform 130
Transform: AffineTransform_float_3_3
Parameters: 0.999994 0.00153474 0.00317899 -0.00149926 0.999936 -0.0112148 -0.00319601 0.0112102 0.999932 -0.231192 -0.209349 -0.329109
FixedParameters: 0 0 0

#Transform 131
Transform: AffineTransform_float_3_3
Parameters: 0.999994 0.00175936 0.00320538 -0.00172463 0.999942 -0.0106916 -0.00322462 0.0106864 0.999937 -0.226235 -0.157861 -0.318753
FixedParameters: 0 0 0

#Transform 132
Transform: AffineTransform_float_3_3
Parameters: 0.999996 0.00254319 0.00171089 -0.00253481 0.999986 -0.00477036 -0.00172311 0.00476564 0.999987 -0.206378 -0.0806288 -0.144245
FixedParameters: 0 0 0

#Transform 133
Transform: AffineTransform_float_3_3
Parameters: 0.999997 0.000821701 0.00222981 -0.000813297 0.999992 -0.00390082 -0.00223319 0.00389818 0.99999 -0.172924 0.0445713 -0.380704
FixedParameters: 0 0 0

#Transform 134
Transform: AffineTransform_float_3_3
Parameters: 0.999997 3.84374e-05 0.00244486 -2.85618e-05 0.999991 -0.00426908 -0.00244514 0.00426892 0.999988 -0.180956 -0.0644591 -0.353939
FixedParameters: 0 0 0

#Transform 135
Transform: AffineTransform_float_3_3
Parameters: 0.999997 -0.000221057 0.00239094 0.000230944 0.999992 -0.00415946 -0.00239006 0.00415954 0.999989 -0.172961 -0.0278236 -0.34951
FixedParameters: 0 0 0

#Transform 136
Transform: AffineTransform_float_3_3
Parameters: 0.999995 0.000272215 0.00293389 -0.000259785 0.999992 -0.00416278 -0.00293511 0.00416222 0.999987 -0.149609 -0.0211222 -0.364231
FixedParameters: 0 0 0

#Transform 137
Transform: AffineTransform_float_3_3
Parameters: 0.999996 0.000275516 0.00290193 -0.000263484 0.999992 -0.00396778 -0.00290307 0.00396722 0.999988 -0.168508 0.0268104 -0.331498
FixedParameters: 0 0 0

#Transform 138
Transform: AffineTransform_float_3_3
Parameters: 0.999995 -0.000463019 0.00305578 0.000480978 0.999982 -0.00588656 -0.00305222 0.00588744 0.999978 -0.183265 0.0331507 -0.422406
FixedParameters: 0 0 0

#Transform 139
Transform: AffineTransform_float_3_3
Parameters: 0.999995 -0.00102464 0.00278782 0.00104236 0.999977 -0.00659212 -0.00278119 0.00659488 0.999975 -0.195906 0.0200363 -0.42995
FixedParameters: 0 0 0

#Transform 140
Transform: AffineTransform_float_3_3
Parameters: 0.999993 -0.00109709 0.00341642 0.00112591 0.999964 -0.00847121 -0.00340758 0.0084748 0.999959 -0.201156 -0.0457071 -0.511161
FixedParameters: 0 0 0

#Transform 141
Transform: AffineTransform_float_3_3
Parameters: 0.999992 -0.00109228 0.0039016 0.00112572 0.999962 -0.00865168 -0.0038914 0.00865632 0.999955 -0.199769 -0.103462 -0.469167
FixedParameters: 0 0 0

#Transform 142
Transform: AffineTransform_float_3_3
Parameters: 0.999991 -0.00120461 0.00411752 0.0012404 0.999962 -0.00860397 -0.00410747 0.00860902 0.999954 -0.208277 -0.0579859 -0.488539
FixedParameters: 0 0 0

#Transform 143
Transform: AffineTransform_float_3_3
Parameters: 0.999989 -0.00156635 0.00426065 0.00160364 0.999961 -0.00861025 -0.00424634 0.00861774 0.999954 -0.233134 -0.0701592 -0.451176
FixedParameters: 0 0 0

#Transform 144
Transform: AffineTransform_float_3_3
Parameters: 0.999994 -0.00178006 0.00277822 0.00179893 0.999975 -0.00682804 -0.00276578 0.00683296 0.999973 -0.31582 0.0570842 -0.206081
FixedParameters: 0 0 0

#Transform 145
Transform: AffineTransform_float_3_3
Parameters: 0.999998 -0.00150356 0.00175474 0.00151643 0.999973 -0.00710936 -0.00174326 0.00711164 0.999973 -0.293331 -0.017376 -0.415954
FixedParameters: 0 0 0

#Transform 146
Transform: AffineTransform_float_3_3
Parameters: 0.999997 -0.00112364 0.00214857 0.00113736 0.999977 -0.00669658 -0.00214043 0.00669843 0.999976 -0.2295 -0.0301695 -0.460154
FixedParameters: 0 0 0

#Transform 147
Transform: AffineTransform_float_3_3
Parameters: 0.99999 -0.000319483 0.00442636 0.000362515 0.999951 -0.00983449 -0.00442265 0.0098355 0.999942 -0.134705 -0.180088 -0.618455
FixedParameters: 0 0 0

#Transform 148
Transform: AffineTransform_float_3_3
Parameters: 0.999997 9.69046e-05 0.00239215 -7.30988e-05 0.99995 -0.00999021 -0.00239285 0.0099908 0.999947 -0.175503 -0.165009 -0.664443
FixedParameters: 0 0 0

#Transform 149
Transform: AffineTransform_float_3_3
Parameters: 0.999992 -4.40652e-05 0.00398162 8.29376e-05 0.999952 -0.00977875 -0.00398138 0.00977926 0.999945 -0.121576 -0.0745074 -0.703628
FixedParameters: 0 0 0

#Transform 150
Transform: AffineTransform_float_3_3
Parameters: 0.999996 0.000284168 0.00277539 -0.000267829 0.999983 -0.00582377 -0.00277761 0.00582323 0.999979 -0.123235 0.0120595 -0.258777
FixedParameters: 0 0 0

#Transform 151
Transform: AffineTransform_float_3_3
Parameters: 0.999998 0.00111653 0.00174103 -0.00110347 0.999973 -0.00717893 -0.00174897 0.00717706 0.999972 -0.103785 -0.0148722 -0.0158413
FixedParameters: 0 0 0

#Transform 152
Transform: AffineTransform_float_3_3
Parameters: 0.999998 0.0011596 0.00174067 -0.0011474 0.999974 -0.00722201 -0.00174933 0.00721998 0.999972 -0.128055 -0.0941489 -0.162559
FixedParameters: 0 0 0

#Transform 153
Transform: AffineTransform_float_3_3
Parameters: 0.999997 0.000882208 0.00193303 -0.000868793 0.999977 -0.0068227 -0.00193897 0.00682131 0.999975 -0.11066 -0.17367 -0.216634
FixedParameters: 0 0 0

#Transform 154
Transform: AffineTransform_float_3_3
Parameters: 0.999999 0.000744997 0.00127579 -0.000736002 0.999975 -0.00703795 -0.00128121 0.00703706 0.999975 -0.114082 -0.159114 -0.200822
FixedParameters: 0 0 0

#Transform 155
Transform: AffineTransform_float_3_3
Parameters: 0.999998 0.000977034 0.00205037 -0.00096297 0.999976 -0.00683399 -0.00205663 0.00683201 0.999974 -0.152783 -0.0489048 -0.119178
FixedParameters: 0 0 0

#Transform 156
Transform: AffineTransform_float_3_3
Parameters: 0.999999 0.00162163 0.000759201 -0.00161638 0.999981 -0.00605224 -0.000768798 0.00605177 0.999982 -0.195873 -0.0936473 -0.0851509
FixedParameters: 0 0 0

#Transform 157
Transform: AffineTransform_float_3_3
Parameters: 0.999999 0.00135277 0.00049926 -0.00134822 0.999954 -0.00943468 -0.000512743 0.00943432 0.999956 -0.2205 -0.209904 -0.140278
FixedParameters: 0 0 0

#Transform 158
Transform: AffineTransform_float_3_3
Parameters: 0.999999 0.00135151 0.000576849 -0.00134849 0.999981 -0.00603878 -0.000585153 0.00603821 0.999981 -0.207568 -0.0497809 -0.0742192
FixedParameters: 0 0 0

#Transform 159
Transform: AffineTransform_float_3_3
Parameters: 0.999998 0.00135382 0.000992102 -0.00134818 0.999982 -0.00584735 -0.000999899 0.00584566 0.999983 -0.163758 -0.156254 -0.0837346
FixedParameters: 0 0 0

#Transform 160
Transform: AffineTransform_float_3_3
Parameters: 0.999998 0.00154386 0.000432939 -0.00154114 0.999977 -0.00652267 -0.000443061 0.00652232 0.999978 -0.181891 -0.161698 -0.0874775
FixedParameters: 0 0 0

#Transform 161
Transform: AffineTransform_float_3_3
Parameters: 0.999999 0.00172323 0.000642774 -0.00171877 0.999977 -0.00652312 -0.000654225 0.00652189 0.999979 -0.181545 -0.14402 -0.116564
FixedParameters: 0 0 0

#Transform 162
Transform: AffineTransform_float_3_3
Parameters: 0.999998 0.00159692 0.000988909 -0.00159008 0.999974 -0.00696158 -0.00100009 0.00696041 0.999976 -0.164791 -0.167831 -0.106048
FixedParameters: 0 0 0

#Transform 163
Transform: AffineTransform_float_3_3
Parameters: 0.999999 0.00135683 0.00126964 -0.00134817 0.999975 -0.00692573 -0.00127937 0.00692428 0.999975 -0.144714 -0.156324 -0.102584
FixedParameters: 0 0 0

#Transform 164
Transform: AffineTransform_float_3_3
Parameters: 0.999998 0.00135819 0.00144952 -0.00134781 0.999974 -0.00700697 -0.00145948 0.00700503 0.999975 -0.140839 -0.168936 -0.0968992
FixedParameters: 0 0 0

#Transform 165
Transform: AffineTransform_float_3_3
Parameters: 0.999998 0.00135557 0.00111687 -0.00134843 0.999977 -0.00675052 -0.00112613 0.00674948 0.999976 -0.148641 -0.120493 -0.0854777
FixedParameters: 0 0 0

#Transform 166
Transform: AffineTransform_float_3_3
Parameters: 0.999998 0.0013572 0.00137799 -0.0013478 0.999977 -0.00665887 -0.001387 0.00665713 0.999977 -0.137226 -0.105398 -0.0710312
FixedParameters: 0 0 0

#Transform 167
Transform: AffineTransform_float_3_3
Parameters: 0.999998 0.0013575 0.00161606 -0.0013485 0.999982 -0.00586719 -0.00162394 0.00586481 0.999982 -0.116803 -0.137138 -0.101698
FixedParameters: 0 0 0

#Transform 168
Transform: AffineTransform_float_3_3
Parameters: 0.999998 0.00163261 0.00153897 -0.00162539 0.999987 -0.00493151 -0.00154703 0.00492949 0.999986 -0.108688 -0.0155113 -0.0628892
FixedParameters: 0 0 0

#Transform 169
Transform: AffineTransform_float_3_3
Parameters: 0.999999 0.00147708 0.00101968 -0.00147193 0.999986 -0.00496251 -0.00102632 0.00496149 0.999987 -0.118171 -0.00917185 -0.0626462
FixedParameters: 0 0 0

#Transform 170
Transform: AffineTransform_float_3_3
Parameters: 0.999998 0.00158005 0.0013409 -0.00157395 0.999988 -0.00450012 -0.00134809 0.00449788 0.999989 -0.119021 -0.0463234 -0.0720596
FixedParameters: 0 0 0

#Transform 171
Transform: AffineTransform_float_3_3
Parameters: 0.999998 0.00181453 0.0014305 -0.00180746 0.999984 -0.0052496 -0.00144051 0.0052474 0.999985 -0.129046 -0.0819979 -0.103966
FixedParameters: 0 0 0

#Transform 172
Transform: AffineTransform_float_3_3
Parameters: 0.999999 0.00135595 0.00125648 -0.00134806 0.999979 -0.00630371 -0.00126452 0.0063013 0.99998 -0.128338 -0.120592 -0.129469
FixedParameters: 0 0 0

#Transform 173
Transform: AffineTransform_float_3_3
Parameters: 0.999998 0.000949056 0.00143405 -0.000939942 0.999979 -0.00630336 -0.00143995 0.00630164 0.999979 -0.115113 -0.137795 -0.153655
FixedParameters: 0 0 0

#Transform 174
Transform: AffineTransform_float_3_3
Parameters: 0.999998 0.000772433 0.00143549 -0.000764564 0.999983 -0.00586611 -0.00144051 0.0058649 0.999982 -0.114569 -0.14034 -0.149275
FixedParameters: 0 0 0

#Transform 175
Transform: AffineTransform_float_3_3
Parameters: 0.999998 0.000711163 0.00143647 -0.000703834 0.999988 -0.00498102 -0.00144052 0.00497998 0.999986 -0.114347 -0.0708689 -0.154375
FixedParameters: 0 0 0

#Transform 176
Transform: AffineTransform_float_3_3
Parameters: 0.999999 5.2172e-05 0.00143976 -4.48281e-05 0.999987 -0.00498007 -0.00144024 0.00498093 0.999986 -0.0866497 -0.0689844 -0.164217
FixedParameters: 0 0 0

#Transform 177
Transform: AffineTransform_float_3_3
Parameters: 1 -0.000353064 0.00102706 0.000358935 0.999983 -0.00578463 -0.00102494 0.00578536 0.999982 -0.0787359 -0.0185354 -0.182949
FixedParameters: 0 0 0

#Transform 178
Transform: AffineTransform_float_3_3
Parameters: 0.999999 0.000378531 0.00143778 -0.000369469 0.999983 -0.00592854 -0.00144022 0.00592847 0.999982 -0.0979426 -0.019165 -0.173828
FixedParameters: 0 0 0

#Transform 179
Transform: AffineTransform_float_3_3
Parameters: 0.999999 0.00030775 0.00143836 -0.000300248 0.999986 -0.00538444 -0.00144064 0.00538456 0.999984 -0.103709 -0.0488974 -0.174865
FixedParameters: 0 0 0

#Transform 180
Transform: AffineTransform_float_3_3
Parameters: 0.999999 -0.000113577 0.00126559 0.000120425 0.999987 -0.00507585 -0.00126541 0.00507615 0.999987 -0.0919303 -0.0918663 -0.152492
FixedParameters: 0 0 0

#Transform 181
Transform: AffineTransform_float_3_3
Parameters: 0.999999 -0.00016328 0.00144078 0.00016972 0.999989 -0.00466476 -0.00144022 0.00466524 0.999988 -0.0933079 -0.127364 -0.172242
FixedParameters: 0 0 0

#Transform 182
Transform: AffineTransform_float_3_3
Parameters: 1 -0.000383032 0.00115999 0.000388967 0.999986 -0.00514855 -0.00115801 0.00514945 0.999986 -0.0999428 -0.124142 -0.172702
FixedParameters: 0 0 0

#Transform 183
Transform: AffineTransform_float_3_3
Parameters: 0.999999 -0.000518364 0.00144277 0.000525637 0.999986 -0.00529725 -0.00144024 0.00529775 0.999985 -0.0950461 -0.1452 -0.187223
FixedParameters: 0 0 0

#Transform 184
Transform: AffineTransform_float_3_3
Parameters: 0.999998 -0.0011488 0.0012317 0.00115719 0.999977 -0.00667658 -0.0012233 0.00667841 0.999977 -0.0684613 -0.117047 -0.200846
FixedParameters: 0 0 0

#Transform 185
Transform: AffineTransform_float_3_3
Parameters: 0.999998 -0.000738971 0.00193503 0.000752027 0.999977 -0.00674056 -0.00192997 0.00674244 0.999976 -0.0563863 -0.100492 -0.25571
FixedParameters: 0 0 0

#Transform 186
Transform: AffineTransform_float_3_3
Parameters: 0.999998 -0.000986011 0.00173985 0.000997989 0.999975 -0.00690327 -0.00173315 0.00690472 0.999974 -0.0568885 -0.1112 -0.231988
FixedParameters: 0 0 0

#Transform 187
Transform: AffineTransform_float_3_3
