# transform file /out/sourcedata/freesurfer/sub-v2s11x28677_ses-1/mri/transforms/cc_up.lta
# created by oesteban on Tue Mar 10 16:15:32 2026

type      = 0 # LINEAR_VOX_TO_VOX
nxforms   = 1
mean      = 162.0000 170.0000 151.0000
sigma     = 10000.0000
1 4 4
9.988895654678345e-01 -3.036846779286861e-02 -3.601931408047676e-02 -2.384193229675293e+01 
3.034874424338341e-02 9.995387792587280e-01 -1.094356295652688e-03 -3.365539550781250e+01 
3.603593632578850e-02 1.164153218269348e-10 9.993505477905273e-01 1.307580947875977e+00 
0.000000000000000e+00 0.000000000000000e+00 0.000000000000000e+00 1.000000000000000e+00 
src volume info
valid = 1  # volume info valid
filename = /out/sourcedata/freesurfer/sub-v2s11x28677_ses-1/mri/norm.mgz
volume = 320 320 320
voxelsize = 7.999999523162842e-01 7.999999523162842e-01 7.999999523162842e-01
xras   = -9.999999403953552e-01 0.000000000000000e+00 0.000000000000000e+00
yras   = 0.000000000000000e+00 0.000000000000000e+00 -9.999999403953552e-01
zras   = 0.000000000000000e+00 9.999999403953552e-01 0.000000000000000e+00
cras   = 3.764732360839844e+00 3.633934020996094e+00 -7.008888244628906e+00
dst volume info
valid = 1  # volume info valid
filename = /out/sourcedata/freesurfer/sub-v2s11x28677_ses-1/mri/norm.mgz
volume = 320 320 320
voxelsize = 7.999999523162842e-01 7.999999523162842e-01 7.999999523162842e-01
xras   = -9.999999403953552e-01 0.000000000000000e+00 0.000000000000000e+00
yras   = 0.000000000000000e+00 0.000000000000000e+00 -9.999999403953552e-01
zras   = 0.000000000000000e+00 9.999999403953552e-01 0.000000000000000e+00
cras   = 3.764732360839844e+00 3.633934020996094e+00 -7.008888244628906e+00
