# transform file /out/sourcedata/freesurfer/sub-v2s11x28718_ses-1/mri/transforms/cc_up.lta
# created by oesteban on Tue Mar 10 23:44:21 2026

type      = 0 # LINEAR_VOX_TO_VOX
nxforms   = 1
mean      = 161.0000 167.0000 139.0000
sigma     = 10000.0000
1 4 4
9.976757764816284e-01 -3.787431865930557e-02 -5.664420127868652e-02 -1.982940101623535e+01 
3.781342133879662e-02 9.992824792861938e-01 -2.146900864318013e-03 -2.674784088134766e+01 
5.668487399816513e-02 0.000000000000000e+00 9.983921647071838e-01 3.168988227844238e-02 
0.000000000000000e+00 0.000000000000000e+00 0.000000000000000e+00 1.000000000000000e+00 
src volume info
valid = 1  # volume info valid
filename = /out/sourcedata/freesurfer/sub-v2s11x28718_ses-1/mri/norm.mgz
volume = 320 320 320
voxelsize = 7.999998927116394e-01 7.999998927116394e-01 7.999998927116394e-01
xras   = -9.999999403953552e-01 0.000000000000000e+00 0.000000000000000e+00
yras   = 0.000000000000000e+00 0.000000000000000e+00 -9.999999403953552e-01
zras   = 0.000000000000000e+00 9.999999403953552e-01 0.000000000000000e+00
cras   = 3.922180175781250e+00 2.278984069824219e+00 -6.106239318847656e+00
dst volume info
valid = 1  # volume info valid
filename = /out/sourcedata/freesurfer/sub-v2s11x28718_ses-1/mri/norm.mgz
volume = 320 320 320
voxelsize = 7.999998927116394e-01 7.999998927116394e-01 7.999998927116394e-01
xras   = -9.999999403953552e-01 0.000000000000000e+00 0.000000000000000e+00
yras   = 0.000000000000000e+00 0.000000000000000e+00 -9.999999403953552e-01
zras   = 0.000000000000000e+00 9.999999403953552e-01 0.000000000000000e+00
cras   = 3.922180175781250e+00 2.278984069824219e+00 -6.106239318847656e+00
