# transform file transforms/talairach.lta
# created by oesteban on Tue Mar 10 21:40:03 2026

type      = 0 # LINEAR_VOX_TO_VOX
nxforms   = 1
mean      = 161.0000 167.0000 139.0000
sigma     = 10000.0000
1 4 4
8.159081935882568e-01 9.762937203049660e-03 -2.493486180901527e-02 -4.016115665435791e+00 
-1.805203850381076e-03 8.961334228515625e-01 2.666906714439392e-01 -6.375311279296875e+01 
2.719137072563171e-02 -2.463871389627457e-01 7.942862510681152e-01 3.502434539794922e+01 
0.000000000000000e+00 0.000000000000000e+00 0.000000000000000e+00 1.000000000000000e+00 
src volume info
valid = 1  # volume info valid
filename = nu.mgz
volume = 320 320 320
voxelsize = 7.999998927116394e-01 7.999998927116394e-01 7.999998927116394e-01
xras   = -9.999999403953552e-01 0.000000000000000e+00 0.000000000000000e+00
yras   = 0.000000000000000e+00 0.000000000000000e+00 -9.999999403953552e-01
zras   = 0.000000000000000e+00 9.999999403953552e-01 0.000000000000000e+00
cras   = 3.922180175781250e+00 2.278984069824219e+00 -6.106239318847656e+00
dst volume info
valid = 1  # volume info valid
filename = /opt/freesurfer/average/RB_all_2020-01-02.gca
volume = 256 256 256
voxelsize = 1.000000000000000e+00 1.000000000000000e+00 1.000000000000000e+00
xras   = -1.000000000000000e+00 0.000000000000000e+00 0.000000000000000e+00
yras   = 0.000000000000000e+00 0.000000000000000e+00 -1.000000000000000e+00
zras   = 0.000000000000000e+00 1.000000000000000e+00 0.000000000000000e+00
cras   = 0.000000000000000e+00 0.000000000000000e+00 0.000000000000000e+00
