# transform file /out/sourcedata/freesurfer/sub-v2s11x28719_ses-1/mri/transforms/cc_up.lta
# created by oesteban on Tue Mar 10 23:31:23 2026

type      = 0 # LINEAR_VOX_TO_VOX
nxforms   = 1
mean      = 155.0000 168.0000 148.0000
sigma     = 10000.0000
1 4 4
9.993941783905029e-01 3.424577787518501e-02 6.204009056091309e-03 -3.400149917602539e+01 
-3.424511849880219e-02 9.994134306907654e-01 -2.125858009094372e-04 -2.153984832763672e+01 
-6.207650061696768e-03 -1.455191522836685e-11 9.999806880950928e-01 1.970839381217957e+00 
0.000000000000000e+00 0.000000000000000e+00 0.000000000000000e+00 1.000000000000000e+00 
src volume info
valid = 1  # volume info valid
filename = /out/sourcedata/freesurfer/sub-v2s11x28719_ses-1/mri/norm.mgz
volume = 320 320 320
voxelsize = 7.999999523162842e-01 7.999999523162842e-01 7.999999523162842e-01
xras   = -9.999999403953552e-01 0.000000000000000e+00 0.000000000000000e+00
yras   = 0.000000000000000e+00 0.000000000000000e+00 -9.999999403953552e-01
zras   = 0.000000000000000e+00 9.999999403953552e-01 0.000000000000000e+00
cras   = -9.204101562500000e-01 -7.854896545410156e+00 3.891094970703125e+01
dst volume info
valid = 1  # volume info valid
filename = /out/sourcedata/freesurfer/sub-v2s11x28719_ses-1/mri/norm.mgz
volume = 320 320 320
voxelsize = 7.999999523162842e-01 7.999999523162842e-01 7.999999523162842e-01
xras   = -9.999999403953552e-01 0.000000000000000e+00 0.000000000000000e+00
yras   = 0.000000000000000e+00 0.000000000000000e+00 -9.999999403953552e-01
zras   = 0.000000000000000e+00 9.999999403953552e-01 0.000000000000000e+00
cras   = -9.204101562500000e-01 -7.854896545410156e+00 3.891094970703125e+01
