# transform file transforms/talairach.lta
# created by oesteban on Tue Mar 10 21:28:33 2026

type      = 0 # LINEAR_VOX_TO_VOX
nxforms   = 1
mean      = 155.0000 168.0000 148.0000
sigma     = 10000.0000
1 4 4
8.586091399192810e-01 7.335727568715811e-03 4.169522970914841e-02 -1.677056503295898e+01 
-2.696915715932846e-02 9.365528225898743e-01 1.886441111564636e-01 -6.559552001953125e+01 
-3.987577557563782e-02 -1.918073296546936e-01 8.043507337570190e-01 3.160499763488770e+01 
0.000000000000000e+00 0.000000000000000e+00 0.000000000000000e+00 1.000000000000000e+00 
src volume info
valid = 1  # volume info valid
filename = nu.mgz
volume = 320 320 320
voxelsize = 7.999999523162842e-01 7.999999523162842e-01 7.999999523162842e-01
xras   = -9.999999403953552e-01 0.000000000000000e+00 0.000000000000000e+00
yras   = 0.000000000000000e+00 0.000000000000000e+00 -9.999999403953552e-01
zras   = 0.000000000000000e+00 9.999999403953552e-01 0.000000000000000e+00
cras   = -9.204101562500000e-01 -7.854896545410156e+00 3.891094970703125e+01
dst volume info
valid = 1  # volume info valid
filename = /opt/freesurfer/average/RB_all_2020-01-02.gca
volume = 256 256 256
voxelsize = 1.000000000000000e+00 1.000000000000000e+00 1.000000000000000e+00
xras   = -1.000000000000000e+00 0.000000000000000e+00 0.000000000000000e+00
yras   = 0.000000000000000e+00 0.000000000000000e+00 -1.000000000000000e+00
zras   = 0.000000000000000e+00 1.000000000000000e+00 0.000000000000000e+00
cras   = 0.000000000000000e+00 0.000000000000000e+00 0.000000000000000e+00
