# transform file /out/sourcedata/freesurfer/sub-v2s11x28724_ses-1/mri/transforms/cc_up.lta
# created by oesteban on Tue Mar 10 23:52:47 2026

type      = 0 # LINEAR_VOX_TO_VOX
nxforms   = 1
mean      = 160.0000 158.0000 153.0000
sigma     = 10000.0000
1 4 4
9.980273842811584e-01 3.065053746104240e-02 5.478944256901741e-02 -4.516776275634766e+01 
-3.060445375740528e-02 9.995301961898804e-01 -1.680115237832069e-03 -7.756099224090576e+00 
-5.481519550085068e-02 0.000000000000000e+00 9.984965324401855e-01 -1.195073699951172e+01 
0.000000000000000e+00 0.000000000000000e+00 0.000000000000000e+00 1.000000000000000e+00 
src volume info
valid = 1  # volume info valid
filename = /out/sourcedata/freesurfer/sub-v2s11x28724_ses-1/mri/norm.mgz
volume = 320 320 320
voxelsize = 7.999999523162842e-01 7.999999523162842e-01 7.999999523162842e-01
xras   = -9.999999403953552e-01 0.000000000000000e+00 0.000000000000000e+00
yras   = 0.000000000000000e+00 0.000000000000000e+00 -9.999999403953552e-01
zras   = 0.000000000000000e+00 9.999999403953552e-01 0.000000000000000e+00
cras   = -2.831962585449219e+00 8.198509216308594e+00 -9.811470031738281e+00
dst volume info
valid = 1  # volume info valid
filename = /out/sourcedata/freesurfer/sub-v2s11x28724_ses-1/mri/norm.mgz
volume = 320 320 320
voxelsize = 7.999999523162842e-01 7.999999523162842e-01 7.999999523162842e-01
xras   = -9.999999403953552e-01 0.000000000000000e+00 0.000000000000000e+00
yras   = 0.000000000000000e+00 0.000000000000000e+00 -9.999999403953552e-01
zras   = 0.000000000000000e+00 9.999999403953552e-01 0.000000000000000e+00
cras   = -2.831962585449219e+00 8.198509216308594e+00 -9.811470031738281e+00
