# transform file transforms/talairach.lta
# created by oesteban on Tue Mar 10 22:00:23 2026

type      = 0 # LINEAR_VOX_TO_VOX
nxforms   = 1
mean      = 160.0000 162.0000 154.0000
sigma     = 10000.0000
1 4 4
8.669756054878235e-01 1.593864522874355e-02 5.718823522329330e-02 -2.444340324401855e+01 
-3.205947205424309e-02 9.210734367370605e-01 -5.663846060633659e-02 -1.632405471801758e+01 
-5.529852584004402e-02 7.643086463212967e-02 8.523172140121460e-01 -2.396537780761719e+01 
0.000000000000000e+00 0.000000000000000e+00 0.000000000000000e+00 1.000000000000000e+00 
src volume info
valid = 1  # volume info valid
filename = nu.mgz
volume = 320 320 320
voxelsize = 7.999999523162842e-01 7.999999523162842e-01 7.999999523162842e-01
xras   = -9.999999403953552e-01 0.000000000000000e+00 0.000000000000000e+00
yras   = 0.000000000000000e+00 0.000000000000000e+00 -9.999999403953552e-01
zras   = 0.000000000000000e+00 9.999999403953552e-01 0.000000000000000e+00
cras   = -2.831962585449219e+00 8.198509216308594e+00 -9.811470031738281e+00
dst volume info
valid = 1  # volume info valid
filename = /opt/freesurfer/average/RB_all_2020-01-02.gca
volume = 256 256 256
voxelsize = 1.000000000000000e+00 1.000000000000000e+00 1.000000000000000e+00
xras   = -1.000000000000000e+00 0.000000000000000e+00 0.000000000000000e+00
yras   = 0.000000000000000e+00 0.000000000000000e+00 -1.000000000000000e+00
zras   = 0.000000000000000e+00 1.000000000000000e+00 0.000000000000000e+00
cras   = 0.000000000000000e+00 0.000000000000000e+00 0.000000000000000e+00
