# transform file /out/sourcedata/freesurfer/sub-v2s11x28704_ses-1/mri/transforms/cc_up.lta
# created by oesteban on Tue Mar 10 23:12:16 2026

type      = 0 # LINEAR_VOX_TO_VOX
nxforms   = 1
mean      = 162.0000 158.0000 157.0000
sigma     = 10000.0000
1 4 4
9.999248385429382e-01 1.116557791829109e-02 5.062922835350037e-03 -3.545942687988281e+01 
-1.116543542593718e-02 9.999376535415649e-01 -5.653399057337083e-05 -5.194345474243164e+00 
-5.063238553702831e-03 3.637978807091713e-12 9.999871850013733e-01 -1.218680858612061e+01 
0.000000000000000e+00 0.000000000000000e+00 0.000000000000000e+00 1.000000000000000e+00 
src volume info
valid = 1  # volume info valid
filename = /out/sourcedata/freesurfer/sub-v2s11x28704_ses-1/mri/norm.mgz
volume = 320 320 320
voxelsize = 7.999999523162842e-01 7.999999523162842e-01 7.999999523162842e-01
xras   = -9.999999403953552e-01 0.000000000000000e+00 0.000000000000000e+00
yras   = 0.000000000000000e+00 0.000000000000000e+00 -9.999999403953552e-01
zras   = 0.000000000000000e+00 9.999999403953552e-01 0.000000000000000e+00
cras   = 1.500877380371094e+00 6.072998046875000e-01 -1.064083099365234e+01
dst volume info
valid = 1  # volume info valid
filename = /out/sourcedata/freesurfer/sub-v2s11x28704_ses-1/mri/norm.mgz
volume = 320 320 320
voxelsize = 7.999999523162842e-01 7.999999523162842e-01 7.999999523162842e-01
xras   = -9.999999403953552e-01 0.000000000000000e+00 0.000000000000000e+00
yras   = 0.000000000000000e+00 0.000000000000000e+00 -9.999999403953552e-01
zras   = 0.000000000000000e+00 9.999999403953552e-01 0.000000000000000e+00
cras   = 1.500877380371094e+00 6.072998046875000e-01 -1.064083099365234e+01
