#Insight Transform File V1.0
#Transform 0
Transform: AffineTransform_float_3_3
Parameters: 1 0.000402533 0.000388448 -0.000402467 0.999999 -0.00137216 -0.000388552 0.00137184 0.999999 0.00621579 0.0563317 0.012334
FixedParameters: 0 0 0

#Transform 1
Transform: AffineTransform_float_3_3
Parameters: 1 0.000498195 0.000127238 -0.000497805 0.999998 -0.00153006 -0.000127762 0.00152994 0.999999 0.0234625 0.143321 -0.00127778
FixedParameters: 0 0 0

#Transform 2
Transform: AffineTransform_float_3_3
Parameters: 1 0.000498216 0.000330674 -0.000497783 0.999999 -0.000654164 -0.000331325 0.000653835 0.999999 0.0245618 -0.0193868 0.00545974
FixedParameters: 0 0 0

#Transform 3
Transform: AffineTransform_float_3_3
Parameters: 1 0.000498182 0.000194536 -0.000497818 1 -0.000932097 -0.000195464 0.000931903 0.999999 0.0118782 -0.0489053 0.0216142
FixedParameters: 0 0 0

#Transform 4
Transform: AffineTransform_float_3_3
Parameters: 1 0.000426071 0.00023287 -0.000425929 1 -0.000304099 -0.000233129 0.000303901 1 0.023351 -0.0449028 0.00227469
FixedParameters: 0 0 0

#Transform 5
Transform: AffineTransform_float_3_3
Parameters: 1 0.000348151 0.000169689 -0.000347848 0.999999 -0.000892058 -0.00017031 0.00089194 0.999999 0.0178204 0.0564451 0.0194247
FixedParameters: 0 0 0

#Transform 6
Transform: AffineTransform_float_3_3
Parameters: 1 0.000265878 -0.000128254 -0.000266123 1 -0.000956966 0.000128745 0.000957034 0.999999 0.02599 0.128495 -0.0118396
FixedParameters: 0 0 0

#Transform 7
Transform: AffineTransform_float_3_3
Parameters: 1 6.58851e-05 -0.000120063 -6.61148e-05 0.999999 -0.000956991 0.000119937 0.000957007 0.999999 0.0177943 0.0818619 -0.00842022
FixedParameters: 0 0 0

#Transform 8
Transform: AffineTransform_float_3_3
Parameters: 1 6.58851e-05 -0.000120063 -6.61148e-05 0.999999 -0.000956991 0.000119937 0.000957007 0.999999 0.0177886 0.0356489 0.0135076
FixedParameters: 0 0 0

#Transform 9
Transform: AffineTransform_float_3_3
Parameters: 1 6.60246e-05 -0.000119986 -6.59754e-05 1 0.000205008 0.000120014 -0.000204992 1 0.0177852 -0.0359747 0.00251214
FixedParameters: 0 0 0

#Transform 10
Transform: AffineTransform_float_3_3
Parameters: 1 6.59468e-05 -0.000120029 -6.60531e-05 1 -0.000442992 0.000119971 0.000443008 1 0.017795 0.0867394 -0.0116212
FixedParameters: 0 0 0

#Transform 11
Transform: AffineTransform_float_3_3
Parameters: 1 6.59455e-05 -0.00012003 -6.60545e-05 1 -0.000453992 0.00011997 0.000454008 1 0.0177976 0.126906 -0.0114584
FixedParameters: 0 0 0

#Transform 12
Transform: AffineTransform_float_3_3
Parameters: 1 9.08079e-07 -0.000120001 -1.09192e-06 0.999999 -0.000765999 0.000119999 0.000766 0.999999 0.00539751 0.10044 -0.008565
FixedParameters: 0 0 0

#Transform 13
Transform: AffineTransform_float_3_3
Parameters: 1 -0.000246972 8.00852e-05 0.000247028 1 -0.00034498 -7.99148e-05 0.00034502 1 -0.0092982 0.00781855 -0.0131259
FixedParameters: 0 0 0

#Transform 14
Transform: AffineTransform_float_3_3
Parameters: 1 6.6217e-05 0.000628977 -6.5783e-05 1 -0.000345041 -0.000629022 0.000344958 0.999999 -0.00322036 -0.0466688 -0.0144783
FixedParameters: 0 0 0

#Transform 15
Transform: AffineTransform_float_3_3
Parameters: 1 6.64503e-05 0.000628952 -6.65496e-05 0.999999 -0.000716041 -0.000629047 0.000715958 0.999999 -0.0049227 0.0377796 -0.0206969
FixedParameters: 0 0 0

#Transform 16
Transform: AffineTransform_float_3_3
Parameters: 1 6.64409e-05 0.00041393 -6.65591e-05 1 -0.00106503 -0.000414071 0.00106497 1 -0.00605421 0.0852777 -0.0388272
FixedParameters: 0 0 0

#Transform 17
Transform: AffineTransform_float_3_3
Parameters: 1 6.65807e-05 0.000439912 -6.64191e-05 0.999999 -0.00132003 -0.000440088 0.00131997 0.999999 -0.013605 0.159578 -0.0394515
FixedParameters: 0 0 0

#Transform 18
Transform: AffineTransform_float_3_3
Parameters: 1 6.61828e-05 0.000354966 -6.58171e-05 1 -0.000515023 -0.000355034 0.000514976 1 -0.0116459 -0.0439637 -0.0139198
FixedParameters: 0 0 0

#Transform 19
Transform: AffineTransform_float_3_3
Parameters: 1 -4.50129e-05 -4.19862e-05 4.49871e-05 1 -0.000307002 4.20138e-05 0.000306998 1 0.0147048 0.0130562 -0.0261704
FixedParameters: 0 0 0

#Transform 20
Transform: AffineTransform_float_3_3
Parameters: 1 6.60003e-05 -4.19996e-05 -6.59997e-05 1 6.00277e-06 4.20004e-05 -5.99723e-06 1 0.00180954 -0.0278543 -0.0203845
FixedParameters: 0 0 0

#Transform 21
Transform: AffineTransform_float_3_3
Parameters: 1 6.8787e-06 -0.000168005 -7.12129e-06 0.999999 -0.000721998 0.000167995 0.000722001 0.999999 -0.01352 0.0927444 -0.0105253
FixedParameters: 0 0 0

#Transform 22
Transform: AffineTransform_float_3_3
Parameters: 1 6.57754e-05 -0.000306048 -6.62246e-05 0.999999 -0.000733979 0.000305951 0.00073402 0.999999 -0.00374281 0.126752 -0.0137151
FixedParameters: 0 0 0

#Transform 23
Transform: AffineTransform_float_3_3
Parameters: 1 6.6006e-05 1.7978e-05 -6.5994e-05 1 -0.000334001 -1.8022e-05 0.000333999 1 -0.0188608 0.0520322 0.0198779
FixedParameters: 0 0 0

#Transform 24
Transform: AffineTransform_float_3_3
Parameters: 1 6.59854e-05 -9.30104e-05 -6.60146e-05 1 -0.000156994 9.29896e-05 0.000157006 1 -0.0195243 -0.0462107 0.00306197
FixedParameters: 0 0 0

#Transform 25
Transform: AffineTransform_float_3_3
Parameters: 1 6.60518e-05 -0.000143976 -6.59481e-05 1 0.000360009 0.000144024 -0.00035999 1 -0.0198789 -0.0246906 -0.00161746
FixedParameters: 0 0 0

#Transform 26
Transform: AffineTransform_float_3_3
Parameters: 1 6.6111e-05 0.000226968 -6.5889e-05 1 -0.000489015 -0.000227032 0.000488985 1 -0.0175789 0.0820864 0.00544381
FixedParameters: 0 0 0

#Transform 27
Transform: AffineTransform_float_3_3
Parameters: 1 6.59966e-05 -2.30098e-05 -6.60034e-05 1 -0.000148998 2.29902e-05 0.000149002 1 -0.0135382 0.121516 0.00280642
FixedParameters: 0 0 0

#Transform 28
Transform: AffineTransform_float_3_3
Parameters: 1 6.59686e-05 -0.000483004 -6.60314e-05 1 -6.49681e-05 0.000482996 6.50319e-05 1 -0.00563004 0.138653 0.028913
FixedParameters: 0 0 0

#Transform 29
Transform: AffineTransform_float_3_3
Parameters: 1 -4.24368e-05 -0.00048305 4.25632e-05 1 0.00116598 0.000482951 -0.00116602 0.999999 -0.00664755 0.0049869 0.0107495
FixedParameters: 0 0 0

#Transform 30
Transform: AffineTransform_float_3_3
Parameters: 1 6.64066e-05 -0.000482944 -6.65933e-05 0.999999 0.000842032 0.000483056 -0.000841967 0.999999 -0.00810632 -0.0369289 0.0406954
FixedParameters: 0 0 0

#Transform 31
Transform: AffineTransform_float_3_3
Parameters: 1 6.62735e-05 -0.00061197 -6.57264e-05 1 0.00044704 0.000612029 -0.000446959 0.999999 -0.0064147 0.046681 -0.00915548
FixedParameters: 0 0 0

#Transform 32
Transform: AffineTransform_float_3_3
Parameters: 1 6.63554e-05 -0.000433946 -6.56445e-05 0.999999 0.000819028 0.000434054 -0.000818971 0.999999 -0.00542143 0.0293788 0.0332735
FixedParameters: 0 0 0

#Transform 33
Transform: AffineTransform_float_3_3
Parameters: 1 6.62469e-05 -0.000433962 -6.5753e-05 1 0.000569028 0.000434037 -0.000568971 0.999999 -0.00541273 0.103342 0.0521243
FixedParameters: 0 0 0

#Transform 34
Transform: AffineTransform_float_3_3
Parameters: 1 6.64187e-05 -0.000433936 -6.65811e-05 0.999999 0.000965029 0.000434065 -0.000964971 1 -0.00791491 0.030448 0.0483754
FixedParameters: 0 0 0

#Transform 35
Transform: AffineTransform_float_3_3
Parameters: 1 6.63224e-05 -0.000433951 -6.56775e-05 0.999999 0.000743028 0.000434049 -0.000742971 0.999999 -0.0167136 -0.00755436 0.0280344
FixedParameters: 0 0 0

#Transform 36
Transform: AffineTransform_float_3_3
Parameters: 1 -1.19707e-05 -2.00175e-05 1.20292e-05 0.999999 0.001462 1.99824e-05 -0.001462 0.999999 -0.0303163 0.0143415 0.0195635
FixedParameters: 0 0 0

#Transform 37
Transform: AffineTransform_float_3_3
Parameters: 1 -6.27578e-05 -0.000344044 6.32421e-05 1 0.000703978 0.000343955 -0.000704021 0.999999 -0.035126 0.0584501 0.0505093
FixedParameters: 0 0 0

#Transform 38
Transform: AffineTransform_float_3_3
Parameters: 1 6.65398e-05 -0.000504929 -6.64601e-05 1 0.00106903 0.000505071 -0.00106897 1 -0.0362527 0.155179 0.0169377
FixedParameters: 0 0 0

#Transform 39
Transform: AffineTransform_float_3_3
Parameters: 0.999999 6.64291e-05 -0.000859966 -6.65708e-05 1 0.000499057 0.000860033 -0.000498943 0.999999 -0.0514094 0.18684 0.0303076
FixedParameters: 0 0 0

#Transform 40
Transform: AffineTransform_float_3_3
Parameters: 1 6.67187e-05 -0.000951951 -6.62822e-05 0.999999 0.000754063 0.000952051 -0.000754937 1 -0.05384 0.107648 0.0157592
FixedParameters: 0 0 0

#Transform 41
Transform: AffineTransform_float_3_3
Parameters: 1 6.65641e-05 -0.000433914 -6.64357e-05 0.999999 0.00130003 0.000434087 -0.00129997 0.999999 -0.0527684 0.0274187 -0.00165525
FixedParameters: 0 0 0

#Transform 42
Transform: AffineTransform_float_3_3
Parameters: 1 0.000237734 -0.000611715 -0.000237267 1 0.00119915 0.000611285 -0.00119886 0.999999 -0.0596491 0.0717512 -0.000420018
FixedParameters: 0 0 0

#Transform 43
Transform: AffineTransform_float_3_3
Parameters: 1 0.000213638 -0.000574763 -0.000213361 0.999999 0.00111112 0.000575237 -0.00111088 0.999999 -0.0619351 0.0713774 0.00269713
FixedParameters: 0 0 0

#Transform 44
Transform: AffineTransform_float_3_3
Parameters: 0.999999 0.000225117 -0.000881969 -0.000224883 1 0.000133198 0.000882029 -0.000132801 0.999999 -0.0637464 0.139615 0.0103609
FixedParameters: 0 0 0

#Transform 45
Transform: AffineTransform_float_3_3
Parameters: 0.999999 0.000577705 -0.000793488 -0.000576296 1 0.000887458 0.000793512 -0.000887543 1 -0.0598704 0.155246 0.00302518
FixedParameters: 0 0 0

#Transform 46
Transform: AffineTransform_float_3_3
Parameters: 0.999999 0.000399857 -0.000935634 -0.000399142 0.999999 0.000916374 0.000936366 -0.000915626 0.999999 -0.0624448 0.0567191 0.00312745
FixedParameters: 0 0 0

#Transform 47
Transform: AffineTransform_float_3_3
Parameters: 1 0.000407525 -0.000477553 -0.000406476 1 0.00109819 0.000477447 -0.00109781 1 -0.0596222 0.0411865 -0.00509208
FixedParameters: 0 0 0

#Transform 48
Transform: AffineTransform_float_3_3
Parameters: 0.999999 0.00057754 -0.000477347 -0.00057646 0.999999 0.00113128 0.000477652 -0.00113072 0.999999 -0.0580174 0.0575861 -1.90315e-05
FixedParameters: 0 0 0

#Transform 49
Transform: AffineTransform_float_3_3
Parameters: 0.999999 0.000317512 -0.000742781 -0.000316488 0.999999 0.000689235 0.000743219 -0.000689764 1 -0.0680858 0.139555 -0.0215778
FixedParameters: 0 0 0

#Transform 50
Transform: AffineTransform_float_3_3
Parameters: 0.999999 0.000329405 -0.000854843 -0.000329595 1 0.000473282 0.000855156 -0.000473718 0.999999 -0.0625302 0.15105 0.000661379
FixedParameters: 0 0 0

#Transform 51
Transform: AffineTransform_float_3_3
Parameters: 1 0.000577503 -0.000915684 -0.000576498 0.999999 0.000548528 0.000915317 -0.000548472 1 -0.0605463 0.136509 0.00657953
FixedParameters: 0 0 0

#Transform 52
Transform: AffineTransform_float_3_3
Parameters: 1 0.000375722 -0.000560517 -0.000375278 0.999999 0.00128721 0.000561484 -0.00128779 0.999999 -0.0649832 0.0262497 -0.00121712
FixedParameters: 0 0 0

#Transform 53
Transform: AffineTransform_float_3_3
Parameters: 0.999999 0.000577769 -0.000628294 -0.000576231 0.999999 0.00122336 0.000628705 -0.00122264 0.999999 -0.0642296 0.043249 -0.000562288
FixedParameters: 0 0 0

#Transform 54
Transform: AffineTransform_float_3_3
Parameters: 1 0.000577721 -0.000745443 -0.000576279 1 0.000966431 0.000746558 -0.00096557 1 -0.0789946 0.0942867 0.00217373
FixedParameters: 0 0 0

#Transform 55
Transform: AffineTransform_float_3_3
Parameters: 0.999999 0.000827734 -0.00111145 -0.000826266 1 0.000660919 0.00111155 -0.000659081 0.999999 -0.085423 0.105851 -0.0199994
FixedParameters: 0 0 0

#Transform 56
Transform: AffineTransform_float_3_3
Parameters: 0.999999 0.000993322 -0.00111171 -0.000992679 1 0.000290104 0.00111129 -0.000288897 1 -0.0901508 0.185621 -0.0237536
FixedParameters: 0 0 0

#Transform 57
Transform: AffineTransform_float_3_3
Parameters: 0.999999 0.000877373 -0.00111092 -0.000875627 0.999999 0.00123597 0.00111208 -0.00123502 0.999998 -0.0849547 0.0650346 0.000955478
FixedParameters: 0 0 0

#Transform 58
Transform: AffineTransform_float_3_3
Parameters: 1 0.000578268 -0.000997266 -0.000576732 0.999999 0.00127058 0.000998734 -0.00127042 0.999998 -0.0805153 0.027394 -0.0319751
FixedParameters: 0 0 0

#Transform 59
Transform: AffineTransform_float_3_3
Parameters: 1 0.000648095 -0.000847164 -0.000646906 0.999999 0.00129155 0.000847837 -0.00129145 0.999999 -0.0789474 0.0507036 -0.029426
FixedParameters: 0 0 0

#Transform 60
Transform: AffineTransform_float_3_3
Parameters: 0.999999 0.000577911 -0.00108752 -0.000577091 1 0.000836629 0.00108748 -0.000836373 0.999999 -0.0811126 0.105919 -0.0212619
FixedParameters: 0 0 0

#Transform 61
Transform: AffineTransform_float_3_3
Parameters: 0.999999 0.000577562 -0.00113872 -0.000576437 0.999999 0.000494657 0.00113929 -0.000493342 0.999999 -0.0813277 0.14916 -0.0250907
FixedParameters: 0 0 0

#Transform 62
Transform: AffineTransform_float_3_3
Parameters: 1 0.000577822 -0.000981518 -0.000576179 1 0.000836567 0.000982483 -0.000836433 0.999999 -0.0803977 0.109826 -0.0238178
FixedParameters: 0 0 0

#Transform 63
Transform: AffineTransform_float_3_3
Parameters: 1 0.000578307 -0.000904165 -0.000576693 0.999999 0.00144552 0.000904834 -0.00144448 0.999998 -0.0799759 0.0968751 -0.0338854
FixedParameters: 0 0 0

#Transform 64
Transform: AffineTransform_float_3_3
Parameters: 0.999999 0.000577948 -0.000661172 -0.000577052 0.999999 0.00143338 0.000661827 -0.00143262 0.999999 -0.0786039 0.0362204 -0.0451213
FixedParameters: 0 0 0

#Transform 65
Transform: AffineTransform_float_3_3
Parameters: 1 0.000578325 -0.00107028 -0.000576675 0.999999 0.00123862 0.00107071 -0.00123738 0.999998 -0.0809382 0.140647 -0.0619273
FixedParameters: 0 0 0

#Transform 66
Transform: AffineTransform_float_3_3
Parameters: 0.999999 0.000340927 -0.000923658 -0.000340073 1 0.00100332 0.000924341 -0.00100369 0.999999 -0.071823 0.131551 -0.0380942
FixedParameters: 0 0 0

#Transform 67
Transform: AffineTransform_float_3_3
Parameters: 0.999999 0.000577732 -0.00115563 -0.000576268 0.999999 0.000633666 0.00115637 -0.000633332 0.999999 -0.0719242 0.212248 -0.0284005
FixedParameters: 0 0 0

#Transform 68
Transform: AffineTransform_float_3_3
Parameters: 1 0.000578232 -0.000898209 -0.000576769 0.999999 0.00137052 0.000898792 -0.00137048 0.999998 -0.0747503 0.100638 -0.00610825
FixedParameters: 0 0 0

#Transform 69
Transform: AffineTransform_float_3_3
Parameters: 1 0.000578393 -0.000835037 -0.000576608 0.999999 0.00166748 0.000835963 -0.00166652 0.999999 -0.0878697 0.0411251 0.000324582
FixedParameters: 0 0 0

#Transform 70
Transform: AffineTransform_float_3_3
Parameters: 0.999999 0.000692236 -0.00108658 -0.000689762 0.999997 0.00205775 0.00108842 -0.00205625 0.999998 -0.0916624 0.0220574 0.00666106
FixedParameters: 0 0 0

#Transform 71
Transform: AffineTransform_float_3_3
Parameters: 0.999999 0.000578801 -0.00108004 -0.000576198 0.999998 0.00166762 0.00108096 -0.00166637 0.999998 -0.0854495 0.0927389 -0.000675012
FixedParameters: 0 0 0

#Transform 72
Transform: AffineTransform_float_3_3
Parameters: 0.999999 0.000635477 -0.00131529 -0.000634524 0.999999 0.00112284 0.00131571 -0.00112217 0.999999 -0.086236 0.170574 -0.0317198
FixedParameters: 0 0 0

#Transform 73
Transform: AffineTransform_float_3_3
Parameters: 0.999999 0.000524323 -0.00120943 -0.000522678 1 0.00109363 0.00120957 -0.00109337 0.999998 -0.0867658 0.148841 0.000738593
FixedParameters: 0 0 0

#Transform 74
Transform: AffineTransform_float_3_3
Parameters: 0.999999 0.000578738 -0.00112211 -0.000576262 0.999998 0.00154865 0.00112289 -0.00154835 0.999998 -0.106623 0.0618202 -0.00441815
FixedParameters: 0 0 0

#Transform 75
Transform: AffineTransform_float_3_3
Parameters: 0.999999 0.000579416 -0.00129993 -0.000576583 0.999998 0.00185875 0.00130107 -0.00185725 0.999998 -0.11242 0.0731236 -0.0225353
FixedParameters: 0 0 0

#Transform 76
Transform: AffineTransform_float_3_3
Parameters: 0.999999 0.000776248 -0.00130466 -0.000773753 0.999998 0.00172301 0.00130533 -0.00172199 0.999997 -0.109306 0.156149 -0.0365262
FixedParameters: 0 0 0

#Transform 77
Transform: AffineTransform_float_3_3
Parameters: 0.999999 0.00057839 -0.00130538 -0.000576611 1 0.00106475 0.00130561 -0.00106425 0.999998 -0.110786 0.158094 -0.0150744
FixedParameters: 0 0 0

#Transform 78
Transform: AffineTransform_float_3_3
Parameters: 0.999999 0.000577929 -0.00130559 -0.000577071 0.999999 0.000711754 0.00130541 -0.000711246 0.999999 -0.106951 0.206224 -0.0618573
FixedParameters: 0 0 0

#Transform 79
Transform: AffineTransform_float_3_3
Parameters: 1 0.000659172 -0.00102925 -0.00065783 0.999999 0.00113768 0.00102975 -0.00113732 0.999999 -0.107268 0.114122 -0.0505167
FixedParameters: 0 0 0

#Transform 80
Transform: AffineTransform_float_3_3
Parameters: 0.999999 0.000579336 -0.00130897 -0.000576665 0.999998 0.00178376 0.00131003 -0.00178324 0.999997 -0.107006 0.0996967 -0.0762073
FixedParameters: 0 0 0

#Transform 81
Transform: AffineTransform_float_3_3
Parameters: 0.999999 0.000579456 -0.00137497 -0.000576544 0.999998 0.0017858 0.00137603 -0.00178521 0.999998 -0.107404 0.082492 -0.0660554
FixedParameters: 0 0 0

#Transform 82
Transform: AffineTransform_float_3_3
Parameters: 0.999999 0.000416187 -0.00130962 -0.000414813 0.999999 0.000906543 0.00130938 -0.000906455 0.999998 -0.0967875 0.138984 -0.0695716
FixedParameters: 0 0 0

#Transform 83
Transform: AffineTransform_float_3_3
Parameters: 0.999999 0.000577859 -0.00130962 -0.00057614 0.999999 0.000656755 0.00130938 -0.000655244 0.999999 -0.0855755 0.211568 -0.099295
FixedParameters: 0 0 0

#Transform 84
Transform: AffineTransform_float_3_3
Parameters: 0.999999 0.000578521 -0.00130933 -0.000576479 0.999999 0.00116176 0.00130967 -0.00116124 0.999998 -0.0856507 0.15594 -0.0663704
FixedParameters: 0 0 0

#Transform 85
Transform: AffineTransform_float_3_3
Parameters: 0.999999 0.00057896 -0.00121707 -0.000577039 0.999998 0.0016107 0.00121793 -0.0016093 0.999998 -0.103968 0.0924568 -0.0467797
FixedParameters: 0 0 0

#Transform 86
Transform: AffineTransform_float_3_3
Parameters: 0.999999 0.000579809 -0.00131376 -0.00057619 0.999997 0.00213776 0.00131523 -0.00213724 0.999997 -0.104679 0.0567179 -0.0107329
FixedParameters: 0 0 0

#Transform 87
Transform: AffineTransform_float_3_3
Parameters: 0.999998 0.000652763 -0.00144475 -0.000650237 0.999998 0.00191194 0.00144625 -0.00191106 0.999997 -0.104697 0.147188 0.000612913
FixedParameters: 0 0 0

#Transform 88
Transform: AffineTransform_float_3_3
Parameters: 0.999999 0.000579098 -0.00142915 -0.000576901 0.999999 0.00146783 0.00143085 -0.00146717 0.999998 -0.0899722 0.172408 -0.0145196
FixedParameters: 0 0 0

#Transform 89
Transform: AffineTransform_float_3_3
Parameters: 0.999998 0.000765296 -0.00142477 -0.000763704 0.999999 0.00161109 0.00142623 -0.00160991 0.999997 -0.0835237 0.277522 0.00320095
FixedParameters: 0 0 0

#Transform 90
Transform: AffineTransform_float_3_3
Parameters: 0.999999 0.000809832 -0.00106561 -0.000808168 0.999998 0.00171786 0.00106739 -0.00171714 0.999998 -0.0859506 0.0368432 0.00168146
FixedParameters: 0 0 0

#Transform 91
Transform: AffineTransform_float_3_3
Parameters: 0.999999 0.000916076 -0.00114334 -0.000913924 0.999998 0.00181505 0.00114466 -0.00181395 0.999997 -0.0967559 0.0705263 -0.0196157
FixedParameters: 0 0 0

#Transform 92
Transform: AffineTransform_float_3_3
Parameters: 0.999999 0.000962614 -0.00118388 -0.000960385 0.999997 0.00220714 0.00118612 -0.00220586 0.999997 -0.0965457 0.0586315 0.0104332
FixedParameters: 0 0 0

#Transform 93
Transform: AffineTransform_float_3_3
Parameters: 0.999999 0.000893895 -0.00118457 -0.000892105 0.999999 0.00159906 0.00118643 -0.00159794 0.999998 -0.0971096 0.12784 -0.00744884
FixedParameters: 0 0 0

#Transform 94
Transform: AffineTransform_float_3_3
Parameters: 0.999998 0.00075288 -0.00146003 -0.000750119 0.999999 0.0012881 0.00146097 -0.0012869 0.999998 -0.100174 0.183434 -0.0186767
FixedParameters: 0 0 0

#Transform 95
Transform: AffineTransform_float_3_3
Parameters: 0.999999 0.000578993 -0.00145921 -0.000577006 0.999999 0.00136584 0.00146079 -0.00136516 0.999998 -0.101785 0.189732 -0.00222634
FixedParameters: 0 0 0

#Transform 96
Transform: AffineTransform_float_3_3
Parameters: 0.999999 0.000797485 -0.00118433 -0.000794516 0.999998 0.00209694 0.00118567 -0.00209606 0.999997 -0.0980839 0.125261 -0.0018179
FixedParameters: 0 0 0

#Transform 97
Transform: AffineTransform_float_3_3
Parameters: 0.999999 0.000926586 -0.00118398 -0.000923414 0.999997 0.0021831 0.00118602 -0.0021819 0.999997 -0.110257 0.125523 -0.00261322
FixedParameters: 0 0 0

#Transform 98
Transform: AffineTransform_float_3_3
Parameters: 0.999998 0.00126802 -0.00118383 -0.00126597 0.999997 0.0017095 0.00118616 -0.0017085 0.999998 -0.100413 0.160943 -0.0198223
FixedParameters: 0 0 0

#Transform 99
Transform: AffineTransform_float_3_3
Parameters: 0.999999 0.000955856 -0.00144578 -0.000953145 0.999998 0.00128338 0.00144723 -0.00128262 0.999998 -0.0980702 0.169319 -0.0119249
FixedParameters: 0 0 0

#Transform 100
Transform: AffineTransform_float_3_3
Parameters: 0.999998 0.0011131 -0.00163357 -0.0011109 0.999998 0.00128382 0.00163443 -0.00128218 0.999998 -0.0796229 0.197591 -0.00127849
FixedParameters: 0 0 0

#Transform 101
Transform: AffineTransform_float_3_3
Parameters: 0.999998 0.00111382 -0.00132964 -0.00111118 0.999997 0.00211748 0.00133235 -0.00211652 0.999997 -0.100234 0.037765 0.00723293
FixedParameters: 0 0 0

#Transform 102
Transform: AffineTransform_float_3_3
Parameters: 0.999999 0.00111437 -0.00149549 -0.00111063 0.999997 0.00225467 0.00149851 -0.00225333 0.999997 -0.113294 0.101244 0.00622733
FixedParameters: 0 0 0

#Transform 103
Transform: AffineTransform_float_3_3
Parameters: 0.999998 0.00144247 -0.00149466 -0.00143853 0.999997 0.00231916 0.00149834 -0.00231684 0.999996 -0.104384 0.026601 0.0238045
FixedParameters: 0 0 0

#Transform 104
Transform: AffineTransform_float_3_3
Parameters: 0.999998 0.00125288 -0.00149559 -0.00125012 0.999998 0.00192487 0.00149841 -0.00192313 0.999997 -0.101111 0.179079 -0.00920533
FixedParameters: 0 0 0

#Transform 105
Transform: AffineTransform_float_3_3
Parameters: 0.999999 0.00111303 -0.00145345 -0.00111097 0.999999 0.00139862 0.00145456 -0.00139738 0.999998 -0.0914139 0.172285 -0.0154988
FixedParameters: 0 0 0

#Transform 106
Transform: AffineTransform_float_3_3
Parameters: 0.999998 0.00111213 -0.00158821 -0.00111087 0.999999 0.000712765 0.00158879 -0.000710234 0.999998 -0.102452 0.226723 -0.0382481
FixedParameters: 0 0 0

#Transform 107
Transform: AffineTransform_float_3_3
Parameters: 0.999998 0.00121808 -0.00116783 -0.00121592 0.999997 0.00178042 0.00117016 -0.00177858 0.999997 -0.0935241 0.129301 0.00912788
FixedParameters: 0 0 0

#Transform 108
Transform: AffineTransform_float_3_3
Parameters: 0.999998 0.00139119 -0.00127762 -0.00138881 0.999997 0.00171478 0.00128038 -0.00171322 0.999997 -0.0927085 0.0788237 0.0127892
FixedParameters: 0 0 0

#Transform 109
Transform: AffineTransform_float_3_3
Parameters: 0.999997 0.001831 -0.00116686 -0.001829 0.999997 0.00171514 0.00117014 -0.00171286 0.999998 -0.0700383 0.104872 0.0124455
FixedParameters: 0 0 0

#Transform 110
Transform: AffineTransform_float_3_3
Parameters: 0.999997 0.0016525 -0.00133215 -0.0016505 0.999998 0.0011242 0.00133385 -0.0011218 0.999999 -0.0727643 0.133861 0.0184867
FixedParameters: 0 0 0

#Transform 111
Transform: AffineTransform_float_3_3
Parameters: 0.999998 0.00165179 -0.00116889 -0.00165021 0.999999 0.000673931 0.00117011 -0.000672069 0.999999 -0.071604 0.198637 -0.0056268
FixedParameters: 0 0 0

#Transform 112
Transform: AffineTransform_float_3_3
Parameters: 0.999998 0.00165195 -0.00116866 -0.00165105 0.999999 0.000809931 0.00117034 -0.000808069 0.999999 -0.0749505 0.141611 0.0160096
FixedParameters: 0 0 0

#Transform 113
Transform: AffineTransform_float_3_3
Parameters: 0.999998 0.00186046 -0.00129691 -0.00185854 0.999997 0.00112441 0.00129909 -0.00112159 0.999999 -0.072759 0.0886571 0.0770886
FixedParameters: 0 0 0

#Transform 114
Transform: AffineTransform_float_3_3
Parameters: 0.999996 0.00178346 -0.00183261 -0.00178154 0.999997 0.00134327 0.00183439 -0.00133973 0.999998 -0.0477269 0.0477847 0.0596164
FixedParameters: 0 0 0

#Transform 115
Transform: AffineTransform_float_3_3
Parameters: 0.999996 0.00198211 -0.00189475 -0.00197889 0.999996 0.00164275 0.00189725 -0.00163924 0.999997 -0.0551705 0.0717177 0.073581
FixedParameters: 0 0 0

#Transform 116
Transform: AffineTransform_float_3_3
Parameters: 0.999997 0.00196154 -0.00135778 -0.00196046 0.999998 0.00113467 0.00135922 -0.00113234 0.999999 -0.0568976 0.139302 0.0516074
FixedParameters: 0 0 0

#Transform 117
Transform: AffineTransform_float_3_3
Parameters: 0.999998 0.00183336 -0.00145529 -0.00183164 0.999998 0.000932668 0.00145671 -0.000930331 0.999998 -0.0643302 0.196915 0.0588736
FixedParameters: 0 0 0

#Transform 118
Transform: AffineTransform_float_3_3
Parameters: 0.999997 0.00209849 -0.00120969 -0.00209551 0.999995 0.00205454 0.00121331 -0.00205246 0.999997 -0.0677727 0.089172 0.0505572
FixedParameters: 0 0 0

#Transform 119
Transform: AffineTransform_float_3_3
Parameters: 0.999997 0.00207416 -0.00127249 -0.00207184 0.999997 0.00169564 0.00127551 -0.00169236 0.999998 -0.06762 0.0557183 0.0952996
FixedParameters: 0 0 0

#Transform 120
Transform: AffineTransform_float_3_3
Parameters: 0.999996 0.00226995 -0.00127073 -0.00226704 0.999994 0.00232289 0.00127527 -0.00232011 0.999996 -0.056479 0.0632376 0.0728981
FixedParameters: 0 0 0

#Transform 121
Transform: AffineTransform_float_3_3
Parameters: 0.999997 0.00201181 -0.00127315 -0.00201019 0.999997 0.00142056 0.00127586 -0.00141844 0.999998 -0.0438535 0.129215 0.107706
FixedParameters: 0 0 0

#Transform 122
Transform: AffineTransform_float_3_3
Parameters: 0.999998 0.00198221 -0.00120037 -0.0019798 0.999997 0.00183538 0.00120363 -0.00183262 0.999998 -0.0492727 0.192635 0.028199
FixedParameters: 0 0 0

#Transform 123
Transform: AffineTransform_float_3_3
Parameters: 0.999998 0.00165236 -0.00127424 -0.00165064 0.999998 0.00106511 0.00127576 -0.00106289 0.999998 -0.0562207 0.145064 0.106083
FixedParameters: 0 0 0

#Transform 124
Transform: AffineTransform_float_3_3
Parameters: 0.999998 0.00165317 -0.00127318 -0.00165083 0.999997 0.00170711 0.00127582 -0.00170489 0.999997 -0.0553516 0.081594 0.119425
FixedParameters: 0 0 0

#Transform 125
Transform: AffineTransform_float_3_3
Parameters: 0.999997 0.00199339 -0.00127226 -0.00199161 0.999997 0.00187754 0.00127574 -0.00187546 0.999998 -0.0463787 0.014822 0.114875
FixedParameters: 0 0 0

#Transform 126
Transform: AffineTransform_float_3_3
Parameters: 0.999997 0.00221709 -0.00119513 -0.00221491 0.999996 0.00174565 0.00119887 -0.00174335 0.999998 -0.0486573 0.129324 0.105795
FixedParameters: 0 0 0

#Transform 127
Transform: AffineTransform_float_3_3
Parameters: 0.999997 0.00206647 -0.00121251 -0.00206453 0.999997 0.00120851 0.00121549 -0.00120649 0.999998 -0.0516406 0.120614 0.0891227
FixedParameters: 0 0 0

#Transform 128
Transform: AffineTransform_float_3_3
Parameters: 0.999997 0.00198501 -0.0013325 -0.00198399 0.999997 0.000758646 0.0013335 -0.000756355 0.999999 -0.0568185 0.172867 0.0750679
FixedParameters: 0 0 0

#Transform 129
Transform: AffineTransform_float_3_3
Parameters: 0.999997 0.00212265 -0.00127159 -0.00212035 0.999995 0.0020797 0.00127541 -0.0020773 0.999997 -0.0732612 0.0831668 0.0796518
FixedParameters: 0 0 0

#Transform 130
Transform: AffineTransform_float_3_3
Parameters: 0.999996 0.00225101 -0.00127246 -0.00224899 0.999996 0.00157587 0.00127554 -0.00157313 0.999998 -0.0761413 0.0596743 0.124194
FixedParameters: 0 0 0

#Transform 131
Transform: AffineTransform_float_3_3
Parameters: 0.999997 0.00239991 -0.00127052 -0.00239709 0.999994 0.00228505 0.00127548 -0.00228195 0.999996 -0.0742138 0.119468 0.069244
FixedParameters: 0 0 0

#Transform 132
Transform: AffineTransform_float_3_3
Parameters: 0.999996 0.00218593 -0.00133685 -0.00218407 0.999996 0.00144392 0.00134015 -0.00144107 0.999998 -0.0819085 0.152053 0.0953507
FixedParameters: 0 0 0

#Transform 133
Transform: AffineTransform_float_3_3
Parameters: 0.999996 0.00221536 -0.00127363 -0.00221464 0.999997 0.00107182 0.00127537 -0.00106918 0.999998 -0.0788817 0.183969 0.0272913
FixedParameters: 0 0 0

#Transform 134
Transform: AffineTransform_float_3_3
Parameters: 0.999998 0.00191344 -0.00127385 -0.00191157 0.999998 0.00112744 0.00127615 -0.00112456 0.999998 -0.0819219 0.140878 0.0712915
FixedParameters: 0 0 0

#Transform 135
Transform: AffineTransform_float_3_3
Parameters: 0.999997 0.00229901 -0.00133856 -0.002297 0.999996 0.00149708 0.00134144 -0.00149392 0.999998 -0.0839608 0.117364 0.0987046
FixedParameters: 0 0 0

#Transform 136
Transform: AffineTransform_float_3_3
Parameters: 0.999996 0.00237366 -0.00144965 -0.00237134 0.999995 0.00183444 0.00145435 -0.00183055 0.999998 -0.0748801 0.0580672 0.0939855
FixedParameters: 0 0 0

#Transform 137
Transform: AffineTransform_float_3_3
Parameters: 0.999996 0.00249415 -0.0012718 -0.00249185 0.999996 0.00168818 0.00127621 -0.00168582 0.999998 -0.0573539 0.123618 0.0949002
FixedParameters: 0 0 0

#Transform 138
Transform: AffineTransform_float_3_3
Parameters: 0.999997 0.00231648 -0.00132341 -0.00231552 0.999996 0.00112107 0.00132659 -0.00111793 0.999999 -0.0567808 0.103423 0.0909214
FixedParameters: 0 0 0

#Transform 139
Transform: AffineTransform_float_3_3
Parameters: 0.999996 0.00224587 -0.00127446 -0.00224513 0.999997 0.000685864 0.00127554 -0.000683138 0.999999 -0.0608427 0.187999 0.0816845
FixedParameters: 0 0 0

#Transform 140
Transform: AffineTransform_float_3_3
Parameters: 0.999997 0.00222043 -0.00110211 -0.00221956 0.999996 0.00130145 0.00110589 -0.00129855 0.999998 -0.0602728 0.149907 0.0636591
FixedParameters: 0 0 0

#Transform 141
Transform: AffineTransform_float_3_3
Parameters: 0.999996 0.00250046 -0.00127314 -0.00249854 0.999996 0.00114619 0.00127586 -0.00114281 0.999998 -0.0548289 0.101144 0.0750875
FixedParameters: 0 0 0

#Transform 142
Transform: AffineTransform_float_3_3
Parameters: 0.999995 0.00281649 -0.000902342 -0.0028155 0.999994 0.00165555 0.00090766 -0.00165345 0.999998 -0.0381329 0.0778588 0.0729068
FixedParameters: 0 0 0

#Transform 143
Transform: AffineTransform_float_3_3
Parameters: 0.999997 0.00247316 -0.00101117 -0.00247184 0.999997 0.0011445 0.00101383 -0.0011425 0.999999 -0.0337341 0.112723 0.0993118
FixedParameters: 0 0 0

#Transform 144
Transform: AffineTransform_float_3_3
Parameters: 0.999997 0.00229118 -0.000959173 -0.00228981 0.999996 0.0012352 0.000961826 -0.0012328 0.999999 -0.0487666 0.154129 0.0793981
FixedParameters: 0 0 0

#Transform 145
Transform: AffineTransform_float_3_3
Parameters: 0.999997 0.0019908 -0.00101643 -0.0019902 0.999997 0.000790025 0.00101757 -0.000787976 0.999999 -0.0508788 0.165844 0.155989
FixedParameters: 0 0 0

#Transform 146
Transform: AffineTransform_float_3_3
Parameters: 0.999997 0.00201849 -0.000772112 -0.00201751 0.999996 0.00192756 0.000775887 -0.00192544 0.999998 -0.0528516 0.109321 0.10143
FixedParameters: 0 0 0

#Transform 147
Transform: AffineTransform_float_3_3
Parameters: 0.999998 0.00223995 -0.000568284 -0.00223906 0.999996 0.00166028 0.000571719 -0.00165972 0.999999 -0.055302 0.0251391 0.185207
FixedParameters: 0 0 0

#Transform 148
Transform: AffineTransform_float_3_3
Parameters: 0.999997 0.00223973 -0.000705685 -0.00223927 0.999997 0.00103458 0.000708314 -0.00103242 0.999999 -0.0681093 0.0603667 0.156424
FixedParameters: 0 0 0

#Transform 149
Transform: AffineTransform_float_3_3
Parameters: 0.999997 0.00207509 -0.000704783 -0.0020749 0.999996 0.00155147 0.000708218 -0.00154953 0.999999 -0.0709786 0.0399298 0.170828
FixedParameters: 0 0 0

#Transform 150
Transform: AffineTransform_float_3_3
Parameters: 0.999997 0.0022403 -0.00116651 -0.0022387 0.999997 0.00111261 0.00116849 -0.00110939 0.999998 -0.0768047 0.186897 0.198152
FixedParameters: 0 0 0

#Transform 151
Transform: AffineTransform_float_3_3
Parameters: 0.999997 0.00230632 -0.000976896 -0.00230468 0.999997 0.00134726 0.000980102 -0.00134474 0.999998 -0.0651438 0.155842 0.224709
FixedParameters: 0 0 0

#Transform 152
Transform: AffineTransform_float_3_3
Parameters: 0.999997 0.00223958 -0.000807397 -0.00223942 0.999997 0.000716811 0.000809604 -0.000715189 1 -0.061894 0.178731 0.170587
FixedParameters: 0 0 0

#Transform 153
Transform: AffineTransform_float_3_3
Parameters: 0.999997 0.00263204 -0.000650806 -0.00263096 0.999996 0.00159472 0.000654193 -0.00159229 0.999999 -0.0397969 0.0683489 0.0863999
FixedParameters: 0 0 0

#Transform 154
Transform: AffineTransform_float_3_3
Parameters: 0.999997 0.00244084 -0.000669952 -0.00244016 0.999996 0.00124964 0.000673046 -0.00124736 0.999999 -0.0293306 0.0580035 0.112558
FixedParameters: 0 0 0

#Transform 155
Transform: AffineTransform_float_3_3
Parameters: 0.999996 0.00272589 -0.000798975 -0.00272511 0.999995 0.00111118 0.000802025 -0.00110882 0.999999 -0.0347447 0.0881356 0.0556262
FixedParameters: 0 0 0

#Transform 156
Transform: AffineTransform_float_3_3
Parameters: 0.999996 0.00265901 -0.000801976 -0.00265899 0.999997 1.01325e-05 0.000802024 -7.86744e-06 0.999999 -0.0278218 0.135396 0.0809013
FixedParameters: 0 0 0

#Transform 157
Transform: AffineTransform_float_3_3
Parameters: 0.999996 0.00268578 -0.00072283 -0.00268522 0.999997 -0.00030806 0.00072217 0.000309941 0.999999 -0.0268814 0.183821 -0.00687851
FixedParameters: 0 0 0

#Transform 158
Transform: AffineTransform_float_3_3
Parameters: 0.999996 0.00263978 -0.000802736 -0.00264023 0.999997 -0.000277882 0.000802263 0.000280119 0.999999 -0.0279359 0.134802 0.0225917
FixedParameters: 0 0 0

#Transform 159
Transform: AffineTransform_float_3_3
Parameters: 0.999995 0.00293211 -0.000644487 -0.00293188 0.999995 0.00017589 0.000645513 -0.000174108 1 -0.0305383 0.0675682 0.0282586
FixedParameters: 0 0 0

#Transform 160
Transform: AffineTransform_float_3_3
Parameters: 0.999996 0.00297359 -0.00042994 -0.00297341 0.999994 0.00136628 0.000434063 -0.00136571 0.999999 -0.0226353 0.0747111 -0.00902794
FixedParameters: 0 0 0

#Transform 161
Transform: AffineTransform_float_3_3
Parameters: 0.999995 0.00306264 -0.000633926 -0.00306236 0.999995 0.00100495 0.000637075 -0.00100305 1 -0.00694873 0.0269647 0.00256415
FixedParameters: 0 0 0

#Transform 162
Transform: AffineTransform_float_3_3
Parameters: 0.999996 0.00272827 -0.000635863 -0.00272774 0.999996 0.000417736 0.000637135 -0.000415263 0.999999 -0.03101 0.00717095 0.0366935
FixedParameters: 0 0 0

#Transform 163
Transform: AffineTransform_float_3_3
Parameters: 0.999996 0.00260428 -0.00110635 -0.00260372 0.999996 0.000252882 0.00110666 -0.000250119 1 -0.025961 0.17692 0.0482061
FixedParameters: 0 0 0

#Transform 164
Transform: AffineTransform_float_3_3
Parameters: 0.999997 0.00234338 -0.000443977 -0.00234262 0.999997 0.000864043 0.000446023 -0.000862958 1 -0.0185785 0.0612494 0.0319693
FixedParameters: 0 0 0

#Transform 165
Transform: AffineTransform_float_3_3
Parameters: 0.999997 0.00241919 -0.000390855 -0.00241881 0.999997 0.000473947 0.000391145 -0.000473055 1 -0.0115666 0.0992072 0.0235863
FixedParameters: 0 0 0

#Transform 166
Transform: AffineTransform_float_3_3
Parameters: 0.999996 0.00261526 -0.000390249 -0.00261474 0.999997 0.000670023 0.00039175 -0.000668978 0.999999 -0.00971181 0.0999118 0.0188425
FixedParameters: 0 0 0

#Transform 167
Transform: AffineTransform_float_3_3
Parameters: 0.999997 0.00223889 -0.000827309 -0.00223912 0.999998 -0.000137148 0.000826689 0.000139851 0.999999 -0.0157468 0.132062 0.00212391
FixedParameters: 0 0 0

#Transform 168
Transform: AffineTransform_float_3_3
Parameters: 0.999996 0.00250635 -0.000699319 -0.00250665 0.999997 -0.000924251 0.000697682 0.000925752 1 -0.0122608 0.19601 -0.0225675
FixedParameters: 0 0 0

#Transform 169
Transform: AffineTransform_float_3_3
Parameters: 0.999997 0.00238969 -0.000676083 -0.00239031 0.999997 -0.000452385 0.000674917 0.000453614 0.999999 -0.0160149 0.115578 -0.00849363
FixedParameters: 0 0 0

#Transform 170
Transform: AffineTransform_float_3_3
Parameters: 0.999996 0.00271694 -0.000599259 -0.00271706 0.999997 -9.43722e-05 0.000599742 9.56298e-05 1 -0.00989247 0.103569 0.00819635
FixedParameters: 0 0 0

#Transform 171
Transform: AffineTransform_float_3_3
Parameters: 0.999995 0.00288205 -0.000463669 -0.00288195 0.999996 0.000115337 0.000464329 -0.000113662 1 0.00606164 0.0564689 0.0194824
FixedParameters: 0 0 0

#Transform 172
Transform: AffineTransform_float_3_3
Parameters: 0.999996 0.00295479 -0.000569106 -0.00295521 0.999995 -0.00037332 0.000567895 0.000374679 1 0.00606573 0.114573 -0.00372656
FixedParameters: 0 0 0

#Transform 173
Transform: AffineTransform_float_3_3
Parameters: 0.999995 0.00314185 -0.000417107 -0.00314115 0.999995 -0.000351692 0.000415892 0.000353308 1 -0.000835904 0.122173 -0.0264554
FixedParameters: 0 0 0

#Transform 174
Transform: AffineTransform_float_3_3
Parameters: 0.999995 0.00332252 -0.00035255 -0.00332348 0.999993 -0.00136884 0.000348449 0.00137016 0.999999 -0.00390668 0.178331 -0.0683376
FixedParameters: 0 0 0

#Transform 175
Transform: AffineTransform_float_3_3
Parameters: 0.999994 0.00346887 -0.000210115 -0.00346913 0.999994 -0.000609275 0.000208883 0.000610728 1 -0.00115848 0.0675396 -0.0154266
FixedParameters: 0 0 0

#Transform 176
Transform: AffineTransform_float_3_3
Parameters: 0.999994 0.00346894 -0.000180241 -0.00346906 0.999994 -0.000357377 0.000179757 0.000358626 1 0.00406323 0.0690405 0.0204297
FixedParameters: 0 0 0

#Transform 177
Transform: AffineTransform_float_3_3
Parameters: 0.999995 0.00335601 -2.99125e-05 -0.00335599 0.999995 0.000324102 3.10872e-05 -0.000323898 1 0.0084577 0.114855 0.00595012
FixedParameters: 0 0 0

#Transform 178
Transform: AffineTransform_float_3_3
Parameters: 0.999994 0.00346872 -0.000251835 -0.00346928 0.999994 -0.00110513 0.000247162 0.00110686 1 -0.00461034 0.171384 -0.0204143
FixedParameters: 0 0 0

#Transform 179
Transform: AffineTransform_float_3_3
Parameters: 0.999995 0.00318266 -0.000306519 -0.00318334 0.999995 -0.00110503 0.000303478 0.00110697 1 -0.00734841 0.171953 -0.0346716
FixedParameters: 0 0 0

#Transform 180
Transform: AffineTransform_float_3_3
Parameters: 0.999995 0.00336174 -0.000237717 -0.00336226 0.999993 -0.00110521 0.00023428 0.00110679 1 -0.0175035 0.171624 -0.0717175
FixedParameters: 0 0 0

#Transform 181
Transform: AffineTransform_float_3_3
Parameters: 0.999994 0.00331696 -3.46684e-05 -0.00331703 0.999994 -0.00110589 3.03312e-05 0.00110611 1 -0.0236756 0.0587823 -0.0488458
FixedParameters: 0 0 0

#Transform 182
Transform: AffineTransform_float_3_3
Parameters: 0.999994 0.00346896 -3.48365e-05 -0.00346904 0.999994 -0.00110589 3.11631e-05 0.00110612 1 -0.0112936 0.073623 -0.0379953
FixedParameters: 0 0 0

#Transform 183
Transform: AffineTransform_float_3_3
Parameters: 0.999994 0.00346897 -3.41913e-05 -0.00346903 0.999993 -0.000919886 3.08083e-05 0.000920112 0.999999 -0.00743619 0.0875574 -0.0398934
FixedParameters: 0 0 0

#Transform 184
Transform: AffineTransform_float_3_3
Parameters: 0.999993 0.00357581 -0.000156358 -0.00357619 0.999993 -0.00121845 0.000151643 0.00121855 0.999999 -0.00635042 0.122386 -0.0843847
FixedParameters: 0 0 0

#Transform 185
Transform: AffineTransform_float_3_3
Parameters: 0.999994 0.00358106 2.44796e-05 -0.00358094 0.999992 -0.0021001 -3.25199e-05 0.0020999 0.999998 -0.00877573 0.166561 -0.14614
FixedParameters: 0 0 0

#Transform 186
Transform: AffineTransform_float_3_3
Parameters: 0.999994 0.00346894 -3.70289e-05 -0.00346906 0.999993 -0.00173788 3.09706e-05 0.00173812 0.999998 -0.0124068 0.0744156 -0.136094
FixedParameters: 0 0 0

#Transform 187
Transform: AffineTransform_float_3_3
Parameters: 0.999994 0.00346931 0.000256839 -0.00346869 0.999994 -0.0011999 -0.000261161 0.0011991 0.999999 -0.0164147 0.0457939 -0.110897
FixedParameters: 0 0 0

#Transform 188
Transform: AffineTransform_float_3_3
