#Insight Transform File V1.0
#Transform 0
Transform: AffineTransform_float_3_3
Parameters: 1 0 -7.9e-05 0 1 0 7.9e-05 0 1 2.95099e-05 -0.023223 0.0157311
FixedParameters: 0 0 0

#Transform 1
Transform: AffineTransform_float_3_3
Parameters: 1 -8.1317e-08 -0.000349 -8.1317e-08 1 -0.000233 0.000349 0.000233 1 -0.0106492 0.069172 0.00699401
FixedParameters: 0 0 0

#Transform 2
Transform: AffineTransform_float_3_3
Parameters: 1 -0.000142968 -9.90465e-05 0.000143032 1 0.000324986 9.89535e-05 -0.000325014 1 -0.00176365 -0.102801 0.0228378
FixedParameters: 0 0 0

#Transform 3
Transform: AffineTransform_float_3_3
Parameters: 1 -0.000157977 -7.60487e-05 0.000158023 1 0.000307988 7.59513e-05 -0.000308012 1 -0.00192912 -0.102802 0.0110127
FixedParameters: 0 0 0

#Transform 4
Transform: AffineTransform_float_3_3
Parameters: 1 -0.000314198 0.000403846 0.000313802 1 0.000490127 -0.000404154 -0.000489873 1 -0.00398531 -0.105006 0.00976338
FixedParameters: 0 0 0

#Transform 5
Transform: AffineTransform_float_3_3
Parameters: 1 -0.000423022 -0.000387975 0.000423977 1 -5.81645e-05 0.000388024 5.78359e-05 1 -0.00756386 -0.0141606 0.0129785
FixedParameters: 0 0 0

#Transform 6
Transform: AffineTransform_float_3_3
Parameters: 1 -0.000151001 -0.000434999 0.000150999 1 -3.06568e-06 0.000435 2.93431e-06 1 -0.00165509 0.0596236 -0.00948393
FixedParameters: 0 0 0

#Transform 7
Transform: AffineTransform_float_3_3
Parameters: 1 -0.000644966 -0.000138155 0.000645033 1 0.000240911 0.000137844 -0.000241089 1 -0.000266619 0.0172348 -0.00878818
FixedParameters: 0 0 0

#Transform 8
Transform: AffineTransform_float_3_3
Parameters: 1 -0.000447078 0.00019282 0.000446922 1 0.000403086 -0.00019318 -0.000402914 1 -0.0018843 -0.0362984 -0.0087136
FixedParameters: 0 0 0

#Transform 9
Transform: AffineTransform_float_3_3
Parameters: 1 -0.000446935 -8.6337e-05 0.000447064 0.999999 0.000753961 8.56629e-05 -0.000754038 0.999999 -0.00540777 -0.0963611 -0.00995932
FixedParameters: 0 0 0

#Transform 10
Transform: AffineTransform_float_3_3
Parameters: 1 -0.000446937 -0.000111252 0.000447062 0.999999 0.00056395 0.000110748 -0.000564049 1 -0.00545668 0.0324043 -0.0222125
FixedParameters: 0 0 0

#Transform 11
Transform: AffineTransform_float_3_3
Parameters: 1 -0.000446831 -0.000361209 0.000447169 1 0.000467838 0.000361791 -0.000468162 1 -0.0143939 0.0480778 -0.0269351
FixedParameters: 0 0 0

#Transform 12
Transform: AffineTransform_float_3_3
Parameters: 1 -0.000503981 -0.000285034 0.000504019 1 6.68563e-05 0.000284967 -6.61436e-05 1 -0.0182854 0.0314728 -0.0122787
FixedParameters: 0 0 0

#Transform 13
Transform: AffineTransform_float_3_3
Parameters: 1 -0.000513941 -6.84435e-05 0.000514059 0.999999 0.000862964 6.85563e-05 -0.000863035 0.999999 -0.0240223 -0.0875212 -0.0210875
FixedParameters: 0 0 0

#Transform 14
Transform: AffineTransform_float_3_3
Parameters: 1 -0.00052405 5.04801e-05 0.000523949 1 0.000992026 -5.15197e-05 -0.000991973 0.999999 -0.024319 -0.0921241 -0.0255572
FixedParameters: 0 0 0

#Transform 15
Transform: AffineTransform_float_3_3
Parameters: 1 -0.000447019 2.87036e-05 0.00044698 0.999999 0.000663013 -2.92963e-05 -0.000662987 1 -0.0233623 -0.0416472 -0.0350313
FixedParameters: 0 0 0

#Transform 16
Transform: AffineTransform_float_3_3
Parameters: 1 -0.000447 -1.10236e-06 0.000447 1 0.000228999 8.97637e-07 -0.000229 1 -0.023386 0.0339428 -0.0506626
FixedParameters: 0 0 0

#Transform 17
Transform: AffineTransform_float_3_3
Parameters: 1 -0.000446989 8.30603e-05 0.000447011 1 -0.000134963 -8.29396e-05 0.000135037 1 -0.0234155 0.0951258 -0.0524682
FixedParameters: 0 0 0

#Transform 18
Transform: AffineTransform_float_3_3
Parameters: 1 -0.000446975 -3.43214e-05 0.000447025 0.999999 0.000718984 3.46786e-05 -0.000719015 0.999999 -0.0232635 -0.0969796 -0.0210705
FixedParameters: 0 0 0

#Transform 19
Transform: AffineTransform_float_3_3
Parameters: 1 -0.000499883 -0.000185314 0.000500117 0.999999 0.000628907 0.000185685 -0.000629093 1 -0.00782034 -0.0704676 -0.0382668
FixedParameters: 0 0 0

#Transform 20
Transform: AffineTransform_float_3_3
Parameters: 1 -0.000498785 -0.000185581 0.000499216 0.999999 0.00116391 0.00018542 -0.00116309 1 -0.0147004 -0.0772564 -0.0299519
FixedParameters: 0 0 0

#Transform 21
Transform: AffineTransform_float_3_3
Parameters: 1 -0.000446714 -0.000433295 0.000447285 0.999999 0.000659806 0.000432705 -0.000660193 0.999999 -0.0232474 0.0345705 -0.0284284
FixedParameters: 0 0 0

#Transform 22
Transform: AffineTransform_float_3_3
Parameters: 1 -0.000446802 -0.000542163 0.000447198 1 0.000364757 0.000541837 -0.000365242 1 -0.0232147 0.0577927 -0.0250886
FixedParameters: 0 0 0

#Transform 23
Transform: AffineTransform_float_3_3
Parameters: 1 -0.000446833 -0.000185402 0.000447167 1 0.000899917 0.000185598 -0.000900083 0.999999 -0.0260845 -0.0241456 0.00749169
FixedParameters: 0 0 0

#Transform 24
Transform: AffineTransform_float_3_3
Parameters: 1 -0.000532795 -0.000185588 0.000533205 0.999999 0.0011039 0.000185411 -0.0011041 1 -0.0264652 -0.0985176 -0.00393354
FixedParameters: 0 0 0

#Transform 25
Transform: AffineTransform_float_3_3
Parameters: 1 -0.000513906 -8.15936e-05 0.000514093 0.999999 0.00115496 8.04063e-05 -0.00115504 1 -0.0241057 -0.0883431 -0.0170956
FixedParameters: 0 0 0

#Transform 26
Transform: AffineTransform_float_3_3
Parameters: 1 -0.000496698 -0.000266563 0.000497302 0.999999 0.00113387 0.000266436 -0.00113413 1 -0.0299681 0.0307805 -0.0143163
FixedParameters: 0 0 0

#Transform 27
Transform: AffineTransform_float_3_3
Parameters: 1 -0.000446612 -0.000449386 0.000447387 0.999999 0.000863798 0.000448614 -0.0008632 0.999999 -0.0288614 0.0549667 -4.71859e-05
FixedParameters: 0 0 0

#Transform 28
Transform: AffineTransform_float_3_3
Parameters: 0.999999 -0.000446132 -0.000621624 0.000446867 0.999999 0.00139772 0.000620376 -0.00139728 0.999999 -0.0232395 0.0852535 0.00446048
FixedParameters: 0 0 0

#Transform 29
Transform: AffineTransform_float_3_3
Parameters: 1 -0.00051826 -0.000413928 0.00051874 0.999999 0.00178879 0.000413073 -0.00178922 0.999999 -0.0191818 -0.0961242 0.00945461
FixedParameters: 0 0 0

#Transform 30
Transform: AffineTransform_float_3_3
Parameters: 1 -0.000446254 -0.000412808 0.000446747 0.999999 0.00180982 0.000412192 -0.00181019 0.999999 -0.023162 -0.0876407 0.023079
FixedParameters: 0 0 0

#Transform 31
Transform: AffineTransform_float_3_3
Parameters: 0.999999 -0.000585933 -0.00062001 0.000587067 0.999999 0.00172264 0.00061899 -0.00172236 0.999999 -0.0248445 -0.0277078 -0.0195782
FixedParameters: 0 0 0

#Transform 32
Transform: AffineTransform_float_3_3
Parameters: 0.999999 -0.000607955 -0.000631008 0.000609044 0.999998 0.00165662 0.000629992 -0.00165738 0.999999 -0.0251305 -0.0512013 0.0174471
FixedParameters: 0 0 0

#Transform 33
Transform: AffineTransform_float_3_3
Parameters: 0.999999 -0.000536186 -0.000539809 0.000537813 0.999998 0.00150771 0.000539189 -0.00150829 0.999998 -0.0268276 0.0353371 0.0572517
FixedParameters: 0 0 0

#Transform 34
Transform: AffineTransform_float_3_3
Parameters: 1 -0.000446259 -0.000453729 0.000446739 0.999998 0.0016338 0.00045227 -0.0016342 0.999998 -0.0232274 -0.044268 0.0396297
FixedParameters: 0 0 0

#Transform 35
Transform: AffineTransform_float_3_3
Parameters: 1 -0.00044629 -0.000395802 0.00044671 0.999999 0.00179482 0.000395199 -0.00179518 0.999999 -0.0287237 -0.0621564 0.0202993
FixedParameters: 0 0 0

#Transform 36
Transform: AffineTransform_float_3_3
Parameters: 1 -0.0004462 -0.000396901 0.0004468 0.999998 0.00201782 0.000396099 -0.00201818 0.999998 -0.0404416 -0.0672477 0.0292429
FixedParameters: 0 0 0

#Transform 37
Transform: AffineTransform_float_3_3
Parameters: 1 -0.000545171 -0.000449008 0.000545829 0.999998 0.00184776 0.000447992 -0.00184825 0.999998 -0.041678 0.00627665 0.0354733
FixedParameters: 0 0 0

#Transform 38
Transform: AffineTransform_float_3_3
Parameters: 0.999999 -0.000445823 -0.000755694 0.000447176 0.999998 0.00155666 0.000755304 -0.00155734 0.999998 -0.0607713 0.0785218 0.0322607
FixedParameters: 0 0 0

#Transform 39
Transform: AffineTransform_float_3_3
Parameters: 1 -0.000445467 -0.000845809 0.000446533 0.999999 0.00181262 0.000845192 -0.00181338 0.999998 -0.0606866 0.123773 0.0239696
FixedParameters: 0 0 0

#Transform 40
Transform: AffineTransform_float_3_3
Parameters: 0.999999 -0.000445481 -0.000775874 0.000446519 0.999998 0.00195865 0.000775126 -0.00195935 0.999998 -0.0607637 0.034416 0.0252202
FixedParameters: 0 0 0

#Transform 41
Transform: AffineTransform_float_3_3
Parameters: 0.999999 -0.000364763 -0.000608742 0.000365237 0.999998 0.00203278 0.000608258 -0.00203322 0.999997 -0.0596978 -0.053062 0.000201503
FixedParameters: 0 0 0

#Transform 42
Transform: AffineTransform_float_3_3
Parameters: 1 -0.000291891 -0.000566573 0.000293108 0.999998 0.00195883 0.000565427 -0.00195917 0.999998 -0.0681218 0.00471693 -0.0121658
FixedParameters: 0 0 0

#Transform 43
Transform: AffineTransform_float_3_3
Parameters: 0.999999 -0.000264681 -0.00067352 0.00026532 0.999998 0.00195882 0.000673481 -0.00195918 0.999998 -0.0758581 0.00428628 0.00088928
FixedParameters: 0 0 0

#Transform 44
Transform: AffineTransform_float_3_3
Parameters: 0.999999 -0.000227758 -0.000754376 0.000229242 0.999998 0.00164583 0.000754624 -0.00164617 0.999999 -0.0754934 0.091158 -0.00112018
FixedParameters: 0 0 0

#Transform 45
Transform: AffineTransform_float_3_3
Parameters: 0.999999 -0.000183698 -0.000875274 0.000184302 0.999999 0.00148784 0.000874726 -0.00148816 0.999998 -0.0773984 0.070231 -0.00558733
FixedParameters: 0 0 0

#Transform 46
Transform: AffineTransform_float_3_3
Parameters: 0.999999 -0.000224333 -0.000825454 0.000225666 0.999998 0.00201981 0.000824545 -0.00202018 0.999997 -0.0753634 -0.00977394 -0.00456094
FixedParameters: 0 0 0

#Transform 47
Transform: AffineTransform_float_3_3
Parameters: 0.999999 -5.4334e-05 -0.00076812 5.56656e-05 0.999997 0.00216896 0.000767881 -0.00216904 0.999998 -0.0732711 -0.0277401 -0.0140666
FixedParameters: 0 0 0

#Transform 48
Transform: AffineTransform_float_3_3
Parameters: 1 -0.000181694 -0.000602396 0.000183305 0.999997 0.00216889 0.000601604 -0.00216911 0.999998 -0.0748987 -0.0103614 -0.0202165
FixedParameters: 0 0 0

#Transform 49
Transform: AffineTransform_float_3_3
Parameters: 0.999999 -0.000173505 -0.000798326 0.000175494 0.999998 0.00187286 0.000797672 -0.00187314 0.999998 -0.0773231 0.0827528 -0.0266102
FixedParameters: 0 0 0

#Transform 50
Transform: AffineTransform_float_3_3
Parameters: 0.999999 -0.00016165 -0.000874251 0.00016335 0.999999 0.00154486 0.000873749 -0.00154414 0.999999 -0.0746748 0.0793552 0.00154289
FixedParameters: 0 0 0

#Transform 51
Transform: AffineTransform_float_3_3
Parameters: 0.999999 -0.000137706 -0.000836214 0.000139293 0.999999 0.00154688 0.000835786 -0.00154712 0.999999 -0.0768178 0.078654 -0.00650723
FixedParameters: 0 0 0

#Transform 52
Transform: AffineTransform_float_3_3
Parameters: 0.999999 -7.33579e-05 -0.000732166 7.46439e-05 0.999998 0.00224295 0.000732834 -0.00224306 0.999997 -0.0734526 -0.0511879 -0.00867198
FixedParameters: 0 0 0

#Transform 53
Transform: AffineTransform_float_3_3
Parameters: 1 -7.57564e-05 -0.000622153 7.62438e-05 0.999998 0.00199995 0.000621849 -0.00199905 0.999998 -0.0782578 -0.0110454 0.00380376
FixedParameters: 0 0 0

#Transform 54
Transform: AffineTransform_float_3_3
Parameters: 1 9.63145e-05 -0.000665811 -9.46871e-05 0.999998 0.00197406 0.000665188 -0.00197394 0.999998 -0.0851708 0.0309709 -0.00261398
FixedParameters: 0 0 0

#Transform 55
Transform: AffineTransform_float_3_3
Parameters: 0.999999 0.000357078 -0.000630391 -0.000355922 0.999998 0.00170922 0.000630609 -0.00170877 0.999999 -0.0992776 0.0496857 -0.0271026
FixedParameters: 0 0 0

#Transform 56
Transform: AffineTransform_float_3_3
Parameters: 0.999999 0.000451156 -0.000795345 -0.000450843 0.999999 0.00145336 0.000796655 -0.00145264 0.999998 -0.113567 0.130055 -0.0263424
FixedParameters: 0 0 0

#Transform 57
Transform: AffineTransform_float_3_3
Parameters: 0.999999 0.000357804 -0.000766159 -0.000356196 0.999997 0.00235427 0.00076684 -0.00235373 0.999997 -0.0993285 -0.0106409 -0.00266385
FixedParameters: 0 0 0

#Transform 58
Transform: AffineTransform_float_3_3
Parameters: 0.999999 0.000163165 -0.000985644 -0.000160834 0.999997 0.00219616 0.000986355 -0.00219584 0.999997 -0.100614 -0.0109993 -0.0359737
FixedParameters: 0 0 0

#Transform 59
Transform: AffineTransform_float_3_3
Parameters: 0.999999 0.000171877 -0.0008026 -0.000170124 0.999998 0.00233814 0.0008024 -0.00233786 0.999997 -0.100557 -0.0161399 -0.0383622
FixedParameters: 0 0 0

#Transform 60
Transform: AffineTransform_float_3_3
Parameters: 1 -5.00743e-05 -0.00105409 5.19256e-05 0.999999 0.00182695 0.00105391 -0.00182705 0.999998 -0.0935994 0.0604692 -0.0314855
FixedParameters: 0 0 0

#Transform 61
Transform: AffineTransform_float_3_3
Parameters: 0.999999 -5.03111e-05 -0.00095909 5.26887e-05 0.999999 0.00176095 0.000958908 -0.00176105 0.999998 -0.0928853 0.0722535 -0.0308974
FixedParameters: 0 0 0

#Transform 62
Transform: AffineTransform_float_3_3
Parameters: 0.999999 1.71345e-06 -0.000875998 -2.8654e-07 0.999998 0.001956 0.000876002 -0.001956 0.999997 -0.0855454 0.0322345 -0.0268462
FixedParameters: 0 0 0

#Transform 63
Transform: AffineTransform_float_3_3
Parameters: 0.999999 9.16792e-05 -0.000734792 -8.93203e-05 0.999998 0.00228507 0.000735206 -0.00228493 0.999997 -0.0899449 0.0149728 -0.0261162
FixedParameters: 0 0 0

#Transform 64
Transform: AffineTransform_float_3_3
Parameters: 0.999999 5.68223e-05 -0.000745863 -5.41773e-05 0.999997 0.00244304 0.000746134 -0.00244296 0.999996 -0.100036 -0.0316324 -0.0533142
FixedParameters: 0 0 0

#Transform 65
Transform: AffineTransform_float_3_3
Parameters: 1 -0.00015274 -0.000895389 0.000155262 0.999997 0.00252486 0.000895612 -0.00252514 0.999997 -0.0914755 0.0746969 -0.066442
FixedParameters: 0 0 0

#Transform 66
Transform: AffineTransform_float_3_3
Parameters: 0.999999 -0.000196139 -0.000857428 0.00019786 0.999997 0.00217083 0.000856572 -0.00217117 0.999998 -0.0879807 0.0618367 -0.036208
FixedParameters: 0 0 0

#Transform 67
Transform: AffineTransform_float_3_3
Parameters: 1 -5.02395e-05 -0.000971093 5.17604e-05 0.999999 0.00181295 0.000970908 -0.00181305 0.999998 -0.088163 0.132639 -0.031563
FixedParameters: 0 0 0

#Transform 68
Transform: AffineTransform_float_3_3
Parameters: 0.999999 -4.99034e-05 -0.000899118 5.20963e-05 0.999998 0.00233195 0.00089888 -0.00233205 0.999997 -0.091761 0.0243252 0.00611317
FixedParameters: 0 0 0

#Transform 69
Transform: AffineTransform_float_3_3
Parameters: 0.999999 -5.00438e-05 -0.000750133 5.19558e-05 0.999996 0.00260796 0.000749867 -0.00260804 0.999997 -0.0994694 -0.0237433 -0.000661324
FixedParameters: 0 0 0

#Transform 70
Transform: AffineTransform_float_3_3
Parameters: 1 8.90408e-05 -0.000694742 -8.69583e-05 0.999995 0.00293706 0.000695259 -0.00293694 0.999996 -0.103871 -0.0329888 0.0083351
FixedParameters: 0 0 0

#Transform 71
Transform: AffineTransform_float_3_3
Parameters: 0.999999 -4.98802e-05 -0.000926116 5.21195e-05 0.999998 0.00228895 0.000925883 -0.00228905 0.999997 -0.0967113 0.0282915 0.0037338
FixedParameters: 0 0 0

#Transform 72
Transform: AffineTransform_float_3_3
Parameters: 1 1.7244e-05 -0.00106297 -1.5756e-05 0.999998 0.00211102 0.00106304 -0.00211098 0.999997 -0.0998629 0.0968375 -0.038231
FixedParameters: 0 0 0

#Transform 73
Transform: AffineTransform_float_3_3
Parameters: 0.999999 -4.97378e-05 -0.00105911 5.22618e-05 0.999997 0.00213595 0.00105889 -0.00213605 0.999997 -0.105408 0.0820147 -0.00855242
FixedParameters: 0 0 0

#Transform 74
Transform: AffineTransform_float_3_3
Parameters: 0.999999 3.44279e-05 -0.000907911 -3.25719e-05 0.999997 0.00267403 0.00090809 -0.00267397 0.999996 -0.119978 -0.0134085 -0.0115453
FixedParameters: 0 0 0

#Transform 75
Transform: AffineTransform_float_3_3
Parameters: 0.999999 0.000100737 -0.000979722 -9.82624e-05 0.999996 0.0027931 0.000980277 -0.0027929 0.999995 -0.123891 -0.00268819 -0.028069
FixedParameters: 0 0 0

#Transform 76
Transform: AffineTransform_float_3_3
Parameters: 1 0.000300867 -0.00113424 -0.000297134 0.999997 0.00252634 0.00113475 -0.00252666 0.999996 -0.121775 0.0836681 -0.0332083
FixedParameters: 0 0 0

#Transform 77
Transform: AffineTransform_float_3_3
Parameters: 1 9.69849e-05 -0.00105682 -9.50148e-05 0.999998 0.0018781 0.00105718 -0.0018779 0.999997 -0.114548 0.0811172 -0.0254633
FixedParameters: 0 0 0

#Transform 78
Transform: AffineTransform_float_3_3
Parameters: 1 -4.99472e-05 -0.00113109 5.20527e-05 0.999999 0.00181494 0.00113091 -0.00181506 0.999997 -0.111071 0.149792 -0.0671184
FixedParameters: 0 0 0

#Transform 79
Transform: AffineTransform_float_3_3
Parameters: 0.999999 -4.96677e-05 -0.000977121 5.23343e-05 0.999997 0.00238695 0.000977877 -0.00238705 0.999996 -0.130047 0.0345737 -0.0583155
FixedParameters: 0 0 0

#Transform 80
Transform: AffineTransform_float_3_3
Parameters: 1 -4.95139e-05 -0.00107212 5.24858e-05 0.999998 0.00231895 0.00107188 -0.00231905 0.999996 -0.123191 0.0315825 -0.0750964
FixedParameters: 0 0 0

#Transform 81
Transform: AffineTransform_float_3_3
Parameters: 1 4.92094e-06 -0.00110599 -1.07904e-06 0.999997 0.002641 0.00110601 -0.002641 0.999996 -0.117887 0.0132922 -0.0661811
FixedParameters: 0 0 0

#Transform 82
Transform: AffineTransform_float_3_3
Parameters: 0.999999 -4.91586e-05 -0.00123812 5.18411e-05 0.999998 0.00229494 0.00123788 -0.00229506 0.999996 -0.11105 0.0760257 -0.0709013
FixedParameters: 0 0 0

#Transform 83
Transform: AffineTransform_float_3_3
Parameters: 0.999999 -4.96459e-05 -0.0012371 5.23539e-05 0.999998 0.00190294 0.0012369 -0.00190306 0.999998 -0.105828 0.139184 -0.103035
FixedParameters: 0 0 0

#Transform 84
Transform: AffineTransform_float_3_3
Parameters: 1 -4.96031e-05 -0.00103412 5.23967e-05 0.999998 0.00231795 0.00103388 -0.00231805 0.999997 -0.111147 0.0886946 -0.06869
FixedParameters: 0 0 0

#Transform 85
Transform: AffineTransform_float_3_3
Parameters: 1 -4.90458e-05 -0.00104914 5.19538e-05 0.999996 0.00281595 0.00104886 -0.00281605 0.999996 -0.115157 0.0168011 -0.0524775
FixedParameters: 0 0 0

#Transform 86
Transform: AffineTransform_float_3_3
Parameters: 1 2.12295e-06 -0.001109 1.22959e-07 0.999996 0.002816 0.001109 -0.002816 0.999996 -0.116294 -0.00646137 -0.00798818
FixedParameters: 0 0 0

#Transform 87
Transform: AffineTransform_float_3_3
Parameters: 1 5.32889e-05 -0.00116786 -5.07107e-05 0.999996 0.00281606 0.00116815 -0.00281594 0.999996 -0.11676 0.0793139 0.00762908
FixedParameters: 0 0 0

#Transform 88
Transform: AffineTransform_float_3_3
Parameters: 1 -4.90767e-05 -0.00119912 5.19254e-05 0.999997 0.00243794 0.00119988 -0.00243806 0.999997 -0.111102 0.117029 -0.0116076
FixedParameters: 0 0 0

#Transform 89
Transform: AffineTransform_float_3_3
Parameters: 0.999999 0.000268496 -0.00121023 -0.000265505 0.999996 0.00288732 0.00121077 -0.00288768 0.999995 -0.107164 0.231288 0.00290979
FixedParameters: 0 0 0

#Transform 90
Transform: AffineTransform_float_3_3
Parameters: 0.999999 0.000230129 -0.000876443 -0.000227871 0.999997 0.0024272 0.000877555 -0.0024278 0.999996 -0.107866 -0.0300157 0.00629043
FixedParameters: 0 0 0

#Transform 91
Transform: AffineTransform_float_3_3
Parameters: 1 0.000322189 -0.000838163 -0.000319812 0.999996 0.00260927 0.000838838 -0.00260973 0.999996 -0.109693 0.00683337 -0.00905785
FixedParameters: 0 0 0

#Transform 92
Transform: AffineTransform_float_3_3
Parameters: 0.999999 0.000362878 -0.000924875 -0.000360121 0.999995 0.00311033 0.000926124 -0.00310966 0.999994 -0.118466 -0.00211634 0.00340279
FixedParameters: 0 0 0

#Transform 93
Transform: AffineTransform_float_3_3
Parameters: 0.999999 0.000345124 -0.00124414 -0.000341876 0.999997 0.00251043 0.00124486 -0.00250957 0.999996 -0.112668 0.0766872 -0.0085667
FixedParameters: 0 0 0

#Transform 94
Transform: AffineTransform_float_3_3
Parameters: 0.999999 0.000168619 -0.00122764 -0.000166382 0.999997 0.00213321 0.00122736 -0.00213279 0.999997 -0.10844 0.118851 -0.0179312
FixedParameters: 0 0 0

#Transform 95
Transform: AffineTransform_float_3_3
Parameters: 1 0.00018765 -0.00120159 -0.000185349 0.999997 0.00220522 0.00120241 -0.00220477 0.999997 -0.108156 0.127133 -0.00810759
FixedParameters: 0 0 0

#Transform 96
Transform: AffineTransform_float_3_3
Parameters: 1 0.000143957 -0.00102359 -0.000141042 0.999996 0.00288815 0.00102441 -0.00288785 0.999996 -0.122949 0.047508 0.00323509
FixedParameters: 0 0 0

#Transform 97
Transform: AffineTransform_float_3_3
Parameters: 1 0.000358475 -0.00116093 -0.000354524 0.999995 0.00299241 0.00116207 -0.00299158 0.999995 -0.120109 0.0524458 -0.00299583
FixedParameters: 0 0 0

#Transform 98
Transform: AffineTransform_float_3_3
Parameters: 1 0.000525779 -0.00107164 -0.000523223 0.999996 0.00259156 0.00107236 -0.00259144 0.999996 -0.123506 0.106021 -0.018374
FixedParameters: 0 0 0

#Transform 99
Transform: AffineTransform_float_3_3
Parameters: 0.999999 0.000397868 -0.00119705 -0.000395132 0.999997 0.00239548 0.00119795 -0.00239453 0.999997 -0.109705 0.107507 -0.0130585
FixedParameters: 0 0 0

#Transform 100
Transform: AffineTransform_float_3_3
Parameters: 0.999999 0.000469897 -0.00125192 -0.000467104 0.999997 0.00231259 0.00125308 -0.00231241 0.999996 -0.104755 0.13404 -0.00601489
FixedParameters: 0 0 0

#Transform 101
Transform: AffineTransform_float_3_3
Parameters: 1 0.000366832 -0.001033 -0.000364169 0.999996 0.00273938 0.001034 -0.00273962 0.999995 -0.121892 -0.0360855 0.010005
FixedParameters: 0 0 0

#Transform 102
Transform: AffineTransform_float_3_3
Parameters: 0.999999 0.000582412 -0.00113726 -0.00057959 0.999996 0.00299766 0.00113874 -0.00299734 0.999995 -0.12393 0.0353903 0.0225573
FixedParameters: 0 0 0

#Transform 103
Transform: AffineTransform_float_3_3
Parameters: 0.999999 0.000754515 -0.00113768 -0.000750487 0.999995 0.00308686 0.00113932 -0.00308614 0.999994 -0.121043 -0.0292948 0.0356631
FixedParameters: 0 0 0

#Transform 104
Transform: AffineTransform_float_3_3
Parameters: 0.999999 0.000655095 -0.00111619 -0.000651903 0.999996 0.00277073 0.00111881 -0.00277027 0.999995 -0.119542 0.105526 -0.00283117
FixedParameters: 0 0 0

#Transform 105
Transform: AffineTransform_float_3_3
Parameters: 0.999999 0.00048685 -0.00113779 -0.00048415 0.999996 0.00250355 0.00113922 -0.00250345 0.999996 -0.107023 0.106018 -0.015348
FixedParameters: 0 0 0

#Transform 106
Transform: AffineTransform_float_3_3
Parameters: 0.999999 0.000499273 -0.00124509 -0.000497727 0.999998 0.00182562 0.00124591 -0.00182438 0.999998 -0.104298 0.167901 -0.0383503
FixedParameters: 0 0 0

#Transform 107
Transform: AffineTransform_float_3_3
Parameters: 1 0.000543915 -0.00106952 -0.000541087 0.999996 0.00272358 0.00107048 -0.00272342 0.999995 -0.11061 0.0424809 0.0106577
FixedParameters: 0 0 0

#Transform 108
Transform: AffineTransform_float_3_3
Parameters: 0.999999 0.00083073 -0.00102179 -0.000828269 0.999996 0.00266985 0.00102421 -0.00266815 0.999996 -0.100332 0.0127589 0.0197938
FixedParameters: 0 0 0

#Transform 109
Transform: AffineTransform_float_3_3
Parameters: 0.999999 0.0011201 -0.00110487 -0.00111691 0.999996 0.00279724 0.00110813 -0.00279676 0.999996 -0.0967921 0.0349649 0.0155
FixedParameters: 0 0 0

#Transform 110
Transform: AffineTransform_float_3_3
Parameters: 0.999999 0.000916421 -0.00114206 -0.00091358 0.999998 0.00211805 0.00114394 -0.00211695 0.999997 -0.0993711 0.075773 0.0237438
FixedParameters: 0 0 0

#Transform 111
Transform: AffineTransform_float_3_3
Parameters: 0.999999 0.000878981 -0.00113146 -0.00087702 0.999998 0.00174999 0.00113254 -0.00174901 0.999998 -0.0998082 0.121093 0.00121292
FixedParameters: 0 0 0

#Transform 112
Transform: AffineTransform_float_3_3
Parameters: 0.999999 0.000879324 -0.00118528 -0.000876676 0.999997 0.00196004 0.00118672 -0.00195896 0.999998 -0.0998665 0.0657079 0.0200405
FixedParameters: 0 0 0

#Transform 113
Transform: AffineTransform_float_3_3
Parameters: 0.999999 0.00110879 -0.00109418 -0.00110621 0.999996 0.00254921 0.00109682 -0.00254779 0.999996 -0.0970764 0.0192616 0.0762363
FixedParameters: 0 0 0

#Transform 114
Transform: AffineTransform_float_3_3
Parameters: 0.999998 0.00101426 -0.0013215 -0.00101074 0.999997 0.00246534 0.0013235 -0.00246466 0.999996 -0.0694431 -0.012324 0.0551361
FixedParameters: 0 0 0

#Transform 115
Transform: AffineTransform_float_3_3
Parameters: 0.999998 0.00131175 -0.0011218 -0.00130825 0.999996 0.00244647 0.0011252 -0.00244453 0.999997 -0.0704248 0.0125669 0.065876
FixedParameters: 0 0 0

#Transform 116
Transform: AffineTransform_float_3_3
Parameters: 0.999998 0.00116772 -0.00120437 -0.00116428 0.999997 0.0022584 0.00120663 -0.00225659 0.999996 -0.0812958 0.0590221 0.0682754
FixedParameters: 0 0 0

#Transform 117
Transform: AffineTransform_float_3_3
Parameters: 0.999998 0.00122223 -0.00112258 -0.00121977 0.999998 0.00198237 0.00112542 -0.00198063 0.999998 -0.0840736 0.128237 0.0524238
FixedParameters: 0 0 0

#Transform 118
Transform: AffineTransform_float_3_3
Parameters: 0.999999 0.00125528 -0.000863695 -0.00125372 0.999995 0.00263609 0.000867307 -0.00263491 0.999996 -0.0895531 -0.00445827 0.0939747
FixedParameters: 0 0 0

#Transform 119
Transform: AffineTransform_float_3_3
Parameters: 0.999999 0.00126045 -0.000880501 -0.00125855 0.999996 0.00277911 0.0008835 -0.00277789 0.999996 -0.0865871 -0.0146781 0.105374
FixedParameters: 0 0 0

#Transform 120
Transform: AffineTransform_float_3_3
Parameters: 0.999998 0.00138876 -0.000988137 -0.00138524 0.999995 0.00278437 0.00099186 -0.00278363 0.999995 -0.0759877 -0.0126561 0.118771
FixedParameters: 0 0 0

#Transform 121
Transform: AffineTransform_float_3_3
Parameters: 0.999999 0.00127134 -0.000879628 -0.00126866 0.999995 0.00265512 0.000882371 -0.00265388 0.999996 -0.0690647 0.0698542 0.108843
FixedParameters: 0 0 0

#Transform 122
Transform: AffineTransform_float_3_3
Parameters: 0.999998 0.00129218 -0.00102425 -0.00128982 0.999997 0.00213032 0.00102675 -0.00212868 0.999997 -0.0659947 0.0837067 0.0899711
FixedParameters: 0 0 0

#Transform 123
Transform: AffineTransform_float_3_3
Parameters: 0.999999 0.00122002 -0.000948404 -0.00121798 0.999997 0.00213016 0.000951596 -0.00212884 0.999998 -0.0721174 0.0730001 0.113545
FixedParameters: 0 0 0

#Transform 124
Transform: AffineTransform_float_3_3
Parameters: 0.999999 0.00111566 -0.000968947 -0.00111234 0.999995 0.00274008 0.000972051 -0.00273892 0.999996 -0.0756961 0.00129932 0.147473
FixedParameters: 0 0 0

#Transform 125
Transform: AffineTransform_float_3_3
Parameters: 0.999999 0.00119212 -0.000710455 -0.00119088 0.999995 0.00297685 0.000714548 -0.00297615 0.999996 -0.0793371 -0.0518819 0.121402
FixedParameters: 0 0 0

#Transform 126
Transform: AffineTransform_float_3_3
Parameters: 0.999999 0.00144598 -0.0010469 -0.00144302 0.999995 0.00283752 0.0010511 -0.00283649 0.999996 -0.0752465 0.0519745 0.107295
FixedParameters: 0 0 0

#Transform 127
Transform: AffineTransform_float_3_3
Parameters: 0.999998 0.00121345 -0.00102811 -0.00121055 0.999996 0.00238025 0.00103088 -0.00237975 0.999996 -0.0726041 0.0461895 0.0958633
FixedParameters: 0 0 0

#Transform 128
Transform: AffineTransform_float_3_3
Parameters: 0.999998 0.00121496 -0.00105374 -0.00121304 0.999997 0.00185928 0.00105526 -0.00185872 0.999997 -0.0760939 0.111635 0.0771726
FixedParameters: 0 0 0

#Transform 129
Transform: AffineTransform_float_3_3
Parameters: 0.999998 0.00131245 -0.000885385 -0.00130955 0.999996 0.00275716 0.000889613 -0.00275584 0.999996 -0.0907173 -0.00368882 0.12889
FixedParameters: 0 0 0

#Transform 130
Transform: AffineTransform_float_3_3
Parameters: 0.999998 0.00146697 -0.000709945 -0.00146503 0.999995 0.00276604 0.000714054 -0.00276496 0.999996 -0.0966717 -0.0130074 0.119228
FixedParameters: 0 0 0

#Transform 131
Transform: AffineTransform_float_3_3
Parameters: 0.999999 0.00150653 -0.000910837 -0.00150348 0.999995 0.00276637 0.000915161 -0.00276463 0.999996 -0.0955961 0.0424004 0.107526
FixedParameters: 0 0 0

#Transform 132
Transform: AffineTransform_float_3_3
Parameters: 0.999998 0.00149577 -0.000710291 -0.00149423 0.999996 0.00248106 0.000713708 -0.00247993 0.999996 -0.0998026 0.0939716 0.0976307
FixedParameters: 0 0 0

#Transform 133
Transform: AffineTransform_float_3_3
Parameters: 0.999999 0.00146678 -0.000995381 -0.00146522 0.999998 0.00178746 0.000998621 -0.00178654 0.999998 -0.0940086 0.110186 0.0673384
FixedParameters: 0 0 0

#Transform 134
Transform: AffineTransform_float_3_3
Parameters: 0.999999 0.00133155 -0.000711097 -0.00133045 0.999996 0.00218195 0.000713904 -0.00218105 0.999998 -0.10166 0.0812268 0.0798965
FixedParameters: 0 0 0

#Transform 135
Transform: AffineTransform_float_3_3
Parameters: 0.999999 0.00150458 -0.000973019 -0.00150142 0.999996 0.00264947 0.00097698 -0.00264754 0.999996 -0.107659 0.0374593 0.112516
FixedParameters: 0 0 0

#Transform 136
Transform: AffineTransform_float_3_3
Parameters: 0.999999 0.00158176 -0.000958459 -0.00157924 0.999994 0.00287452 0.000962544 -0.00287348 0.999996 -0.097021 -0.0130021 0.0988753
FixedParameters: 0 0 0

#Transform 137
Transform: AffineTransform_float_3_3
Parameters: 0.999998 0.00173561 -0.000947233 -0.00173239 0.999994 0.00274964 0.000951766 -0.00274835 0.999996 -0.0789505 0.0645782 0.107391
FixedParameters: 0 0 0

#Transform 138
Transform: AffineTransform_float_3_3
Parameters: 0.999999 0.00151913 -0.000954617 -0.00151687 0.999997 0.00222945 0.000957384 -0.00222855 0.999997 -0.085415 0.0431748 0.0940973
FixedParameters: 0 0 0

#Transform 139
Transform: AffineTransform_float_3_3
Parameters: 0.999999 0.00146189 -0.000994229 -0.00146011 0.999997 0.00189745 0.000996771 -0.00189555 0.999997 -0.0812125 0.133378 0.0795561
FixedParameters: 0 0 0

#Transform 140
Transform: AffineTransform_float_3_3
Parameters: 0.999998 0.00149053 -0.000710796 -0.00148847 0.999996 0.00215106 0.000714202 -0.00214994 0.999997 -0.0811478 0.0717098 0.0918529
FixedParameters: 0 0 0

#Transform 141
Transform: AffineTransform_float_3_3
Parameters: 0.999999 0.00166377 -0.000709873 -0.00166223 0.999995 0.00248218 0.000714127 -0.00248081 0.999996 -0.0690807 0.0473491 0.071783
FixedParameters: 0 0 0

#Transform 142
Transform: AffineTransform_float_3_3
Parameters: 0.999998 0.00177389 -0.00070929 -0.00177211 0.999995 0.00265726 0.000713712 -0.00265674 0.999996 -0.0632281 0.0071294 0.0932501
FixedParameters: 0 0 0

#Transform 143
Transform: AffineTransform_float_3_3
Parameters: 0.999998 0.00169504 -0.000823813 -0.00169296 0.999995 0.0024724 0.000827186 -0.0024706 0.999996 -0.0609869 0.0655174 0.0748359
FixedParameters: 0 0 0

#Transform 144
Transform: AffineTransform_float_3_3
Parameters: 0.999998 0.0015007 -0.00071041 -0.00149829 0.999996 0.00239407 0.000714588 -0.00239293 0.999997 -0.0787979 0.0850474 0.0963905
FixedParameters: 0 0 0

#Transform 145
Transform: AffineTransform_float_3_3
Parameters: 0.999999 0.00129535 -0.000711542 -0.00129365 0.999998 0.00189892 0.000714457 -0.00189808 0.999998 -0.06602 0.0959658 0.15361
FixedParameters: 0 0 0

#Transform 146
Transform: AffineTransform_float_3_3
Parameters: 0.999999 0.00139502 -0.000426675 -0.00139398 0.999996 0.0023846 0.000430324 -0.0023834 0.999997 -0.0781529 0.0182637 0.163539
FixedParameters: 0 0 0

#Transform 147
Transform: AffineTransform_float_3_3
Parameters: 0.999999 0.00127999 -0.000356467 -0.00127901 0.999996 0.00276146 0.000359533 -0.00276054 0.999996 -0.0817345 -0.048679 0.195205
FixedParameters: 0 0 0

#Transform 148
Transform: AffineTransform_float_3_3
Parameters: 0.999998 0.00155198 -0.000433509 -0.00155102 0.999997 0.00225068 0.000436492 -0.00225033 0.999998 -0.0825958 -0.00900495 0.161261
FixedParameters: 0 0 0

#Transform 149
Transform: AffineTransform_float_3_3
Parameters: 0.999999 0.00131367 -0.000628518 -0.00131233 0.999995 0.00265283 0.000631483 -0.00265217 0.999997 -0.0964797 -0.0259947 0.181504
FixedParameters: 0 0 0

#Transform 150
Transform: AffineTransform_float_3_3
Parameters: 0.999998 0.00145074 -0.000749647 -0.00144926 0.999997 0.00231309 0.000753353 -0.00231191 0.999997 -0.0947316 0.118977 0.209488
FixedParameters: 0 0 0

#Transform 151
Transform: AffineTransform_float_3_3
Parameters: 0.999999 0.00147324 -0.000501366 -0.00147176 0.999996 0.00246774 0.000504633 -0.00246726 0.999997 -0.0841114 0.0799906 0.250686
FixedParameters: 0 0 0

#Transform 152
Transform: AffineTransform_float_3_3
Parameters: 0.999998 0.00160826 -0.000500983 -0.00160674 0.999995 0.00249881 0.000505016 -0.00249819 0.999997 -0.0811953 0.124097 0.168119
FixedParameters: 0 0 0

#Transform 153
Transform: AffineTransform_float_3_3
Parameters: 0.999998 0.00158191 -0.000670507 -0.00158009 0.999994 0.00284206 0.000675492 -0.00284093 0.999995 -0.0647774 -0.032348 0.111009
FixedParameters: 0 0 0

#Transform 154
Transform: AffineTransform_float_3_3
Parameters: 0.999999 0.00164631 -0.000500704 -0.00164569 0.999995 0.00261083 0.000505296 -0.00260917 0.999996 -0.0488074 -0.0346784 0.102399
FixedParameters: 0 0 0

#Transform 155
Transform: AffineTransform_float_3_3
Parameters: 0.999998 0.00188202 -0.00044674 -0.00188098 0.999995 0.00226484 0.000450261 -0.00226416 0.999998 -0.0589024 0.010626 0.0764222
FixedParameters: 0 0 0

#Transform 156
Transform: AffineTransform_float_3_3
Parameters: 0.999998 0.00202478 -0.000501877 -0.00202422 0.999997 0.00154302 0.000505123 -0.00154198 0.999998 -0.0569172 0.0775108 0.0788607
FixedParameters: 0 0 0

#Transform 157
Transform: AffineTransform_float_3_3
Parameters: 0.999997 0.00202466 -0.000646932 -0.00202434 0.999998 0.00102231 0.000649068 -0.00102069 1 -0.0473205 0.117813 0.0177516
FixedParameters: 0 0 0

#Transform 158
Transform: AffineTransform_float_3_3
Parameters: 0.999998 0.00202452 -0.000502932 -0.00202449 0.999998 0.00102202 0.000505068 -0.00102098 1 -0.0569181 0.062652 0.0209179
FixedParameters: 0 0 0

#Transform 159
Transform: AffineTransform_float_3_3
Parameters: 0.999998 0.00202484 -0.000501606 -0.00202415 0.999996 0.00167702 0.000505394 -0.00167598 0.999999 -0.057083 -0.00928884 0.0433828
FixedParameters: 0 0 0

#Transform 160
Transform: AffineTransform_float_3_3
Parameters: 0.999998 0.00208995 -0.000338167 -0.00208904 0.999994 0.00279171 0.000344833 -0.00279129 0.999996 -0.0398853 -0.00406838 -0.0164354
FixedParameters: 0 0 0

#Transform 161
Transform: AffineTransform_float_3_3
Parameters: 0.999998 0.00202495 -0.000396185 -0.00202405 0.999995 0.00237881 0.000400816 -0.00237819 0.999997 -0.0408271 -0.0531083 -0.00114345
FixedParameters: 0 0 0

#Transform 162
Transform: AffineTransform_float_3_3
Parameters: 0.999998 0.00202508 -0.000588282 -0.00202492 0.999997 0.0018372 0.00059172 -0.00183581 0.999998 -0.0407691 -0.0660922 0.0236115
FixedParameters: 0 0 0

#Transform 163
Transform: AffineTransform_float_3_3
Parameters: 0.999998 0.0017631 -0.000730364 -0.00176191 0.999998 0.00149629 0.000733635 -0.00149471 0.999998 -0.0436889 0.079842 0.0473013
FixedParameters: 0 0 0

#Transform 164
Transform: AffineTransform_float_3_3
Parameters: 0.999998 0.00154782 -0.000444166 -0.00154718 0.999997 0.00183169 0.000446833 -0.00183031 0.999998 -0.0466823 -0.0280653 0.0560226
FixedParameters: 0 0 0

#Transform 165
Transform: AffineTransform_float_3_3
Parameters: 0.999998 0.00154794 -0.000502124 -0.00154706 0.999997 0.00185878 0.000504875 -0.00185722 0.999998 -0.0465788 0.0201393 0.00867259
FixedParameters: 0 0 0

#Transform 166
Transform: AffineTransform_float_3_3
Parameters: 0.999998 0.00161299 -0.000501827 -0.00161201 0.999997 0.00196781 0.000505173 -0.00196719 0.999998 -0.0312585 0.015978 0.0123372
FixedParameters: 0 0 0

#Transform 167
Transform: AffineTransform_float_3_3
Parameters: 0.999998 0.00154764 -0.000503045 -0.00154736 0.999998 0.00126378 0.000504956 -0.00126322 0.999999 -0.0367672 0.0786105 -0.00924271
FixedParameters: 0 0 0

#Transform 168
Transform: AffineTransform_float_3_3
Parameters: 0.999999 0.00161834 -0.00065015 -0.00161766 0.999998 0.000526052 0.00065085 -0.000524947 0.999999 -0.0335445 0.126939 -0.0276442
FixedParameters: 0 0 0

#Transform 169
Transform: AffineTransform_float_3_3
Parameters: 0.999998 0.00154766 -0.000562192 -0.00154734 0.999998 0.00116887 0.000563808 -0.00116813 0.999999 -0.0465165 0.0386945 -0.0238232
FixedParameters: 0 0 0

#Transform 170
Transform: AffineTransform_float_3_3
Parameters: 0.999998 0.00183666 -0.000502594 -0.00183534 0.999998 0.00131093 0.000505406 -0.00131007 0.999999 -0.0381801 0.0180148 0.00878348
FixedParameters: 0 0 0

#Transform 171
Transform: AffineTransform_float_3_3
Parameters: 0.999998 0.00204559 -0.000404009 -0.00204441 0.999997 0.00146283 0.00040699 -0.00146217 0.999999 -0.0243926 -0.0249657 0.0147188
FixedParameters: 0 0 0

#Transform 172
Transform: AffineTransform_float_3_3
Parameters: 0.999997 0.00216077 -0.000553008 -0.00216023 0.999996 0.0013852 0.000555991 -0.0013838 0.999999 -0.0156368 0.0524147 -0.0141454
FixedParameters: 0 0 0

#Transform 173
Transform: AffineTransform_float_3_3
Parameters: 0.999998 0.00218956 -0.000502552 -0.00218944 0.999997 0.0011191 0.000505449 -0.0011179 0.999999 -0.0223409 0.0369962 -0.0289733
FixedParameters: 0 0 0

#Transform 174
Transform: AffineTransform_float_3_3
Parameters: 0.999998 0.00223085 -0.000374914 -0.00223115 0.999998 -0.000409165 0.000373087 0.000409833 1 -0.028575 0.105692 -0.083476
FixedParameters: 0 0 0

#Transform 175
Transform: AffineTransform_float_3_3
Parameters: 0.999998 0.00223746 -0.000291527 -0.00223755 0.999997 0.00155266 0.000295472 -0.00155134 0.999999 -0.0335598 -0.00708763 -0.0237741
FixedParameters: 0 0 0

#Transform 176
Transform: AffineTransform_float_3_3
Parameters: 0.999997 0.00244235 -0.000230341 -0.00244165 0.999996 0.00149857 0.00023466 -0.00149843 0.999999 -0.0235488 -0.00164841 0.00136906
FixedParameters: 0 0 0

#Transform 177
Transform: AffineTransform_float_3_3
Parameters: 0.999997 0.00253526 -0.000177318 -0.00253474 0.999995 0.00145245 0.000181683 -0.00145254 0.999999 -0.0223922 0.0228295 0.00497034
FixedParameters: 0 0 0

#Transform 178
Transform: AffineTransform_float_3_3
Parameters: 0.999997 0.00251925 -0.000333109 -0.00251875 0.999996 0.000750841 0.00033489 -0.000750158 0.999999 -0.028028 0.109762 -0.0275632
FixedParameters: 0 0 0

#Transform 179
Transform: AffineTransform_float_3_3
Parameters: 0.999998 0.0022511 -0.000420484 -0.00225091 0.999998 0.000229947 0.000420517 -0.000229054 1 -0.0309923 0.0994018 -0.059756
FixedParameters: 0 0 0

#Transform 180
Transform: AffineTransform_float_3_3
Parameters: 0.999998 0.00228398 -0.000249223 -0.00228403 0.999998 -9.74311e-05 0.000249778 9.75708e-05 1 -0.0440937 0.0966776 -0.0929289
FixedParameters: 0 0 0

#Transform 181
Transform: AffineTransform_float_3_3
Parameters: 0.999997 0.00252914 -0.000276704 -0.00252886 0.999996 0.000512701 0.000278296 -0.000512298 1 -0.0484198 -0.0166369 -0.0844637
FixedParameters: 0 0 0

#Transform 182
Transform: AffineTransform_float_3_3
Parameters: 0.999997 0.00268697 0.000147507 -0.00268703 0.999997 0.000188604 -0.000147494 -0.000188397 1 -0.0376785 0.0071918 -0.0649159
FixedParameters: 0 0 0

#Transform 183
Transform: AffineTransform_float_3_3
Parameters: 0.999997 0.00268688 8.96674e-05 -0.00268712 0.999996 0.00136476 -8.63346e-05 -0.00136424 0.999999 -0.0277704 0.0299882 -0.0606782
FixedParameters: 0 0 0

#Transform 184
Transform: AffineTransform_float_3_3
Parameters: 0.999997 0.002687 -0.00018901 -0.002687 0.999997 -3.49214e-06 0.000188989 4.50783e-06 1 -0.028444 0.0599325 -0.101684
FixedParameters: 0 0 0

#Transform 185
Transform: AffineTransform_float_3_3
Parameters: 0.999997 0.00268687 -0.000239533 -0.00268714 0.999996 -0.000570358 0.000238465 0.000571643 1 -0.0373918 0.0948361 -0.180317
FixedParameters: 0 0 0

#Transform 186
Transform: AffineTransform_float_3_3
Parameters: 0.999996 0.00256099 -1.80013e-05 -0.00256101 0.999996 -0.000390955 1.69986e-05 0.000391045 1 -0.0393733 -0.00102527 -0.160296
FixedParameters: 0 0 0

#Transform 187
Transform: AffineTransform_float_3_3
