#Insight Transform File V1.0
#Transform 0
Transform: AffineTransform_float_3_3
Parameters: 1 0 0 0 1 5.9e-05 0 -5.9e-05 1 -0.01 -0.0192421 -0.0102517
FixedParameters: 0 0 0

#Transform 1
Transform: AffineTransform_float_3_3
Parameters: 1 -1.32736e-07 0.000244 -1.32736e-07 1 0.000544 -0.000244 -0.000544 1 -0.00532443 -0.0298534 0.0212926
FixedParameters: 0 0 0

#Transform 2
Transform: AffineTransform_float_3_3
Parameters: 1 0.000115955 8.20639e-05 -0.000116045 1 0.00055099 -8.19361e-05 -0.000551009 1 -0.00455896 -0.0716818 0.0129111
FixedParameters: 0 0 0

#Transform 3
Transform: AffineTransform_float_3_3
Parameters: 1 0.000231923 7.12517e-05 -0.000232077 1 0.00108498 -7.07483e-05 -0.00108502 1 -0.0071531 -0.0967693 0.0358931
FixedParameters: 0 0 0

#Transform 4
Transform: AffineTransform_float_3_3
Parameters: 1 0.000181925 7.31858e-05 -0.000182075 1 0.00102099 -7.28142e-05 -0.00102101 1 -0.00601677 -0.0593882 0.0243721
FixedParameters: 0 0 0

#Transform 5
Transform: AffineTransform_float_3_3
Parameters: 1 0.000181837 0.000579051 -0.000181163 1 0.000280895 -0.000578949 -0.000281105 1 -0.0170803 0.0776734 -0.0367816
FixedParameters: 0 0 0

#Transform 6
Transform: AffineTransform_float_3_3
Parameters: 1 0.000181931 -0.00031804 -0.000182069 1 -0.000217942 0.00031796 0.000218058 1 0.00254077 0.134461 -0.0562951
FixedParameters: 0 0 0

#Transform 7
Transform: AffineTransform_float_3_3
Parameters: 1 0.000182003 -0.000377998 -0.000181997 1 8.06879e-06 0.000378001 -7.9312e-06 1 0.00378797 0.0488487 -0.0159021
FixedParameters: 0 0 0

#Transform 8
Transform: AffineTransform_float_3_3
Parameters: 1 0.00012211 -0.000244945 -0.00012289 1 0.00045003 0.000245055 -0.00044997 1 0.00242746 -0.0858421 -0.00521829
FixedParameters: 0 0 0

#Transform 9
Transform: AffineTransform_float_3_3
Parameters: 1 3.60074e-05 -2.19879e-05 -3.59926e-05 1 0.000335001 2.20121e-05 -0.000334999 1 -0.00969661 -0.134619 -0.0165589
FixedParameters: 0 0 0

#Transform 10
Transform: AffineTransform_float_3_3
Parameters: 1 -7.15396e-07 -0.000444 1.2846e-06 1 0.000640999 0.000443999 -0.000641 0.999999 -0.00574857 -0.134637 -0.00761554
FixedParameters: 0 0 0

#Transform 11
Transform: AffineTransform_float_3_3
Parameters: 1 -9.7932e-07 -0.00047 1.02068e-06 1 4.39995e-05 0.00047 -4.40005e-05 1 -0.00465338 0.0311538 -0.0825768
FixedParameters: 0 0 0

#Transform 12
Transform: AffineTransform_float_3_3
Parameters: 1 -0.000508002 -2.19467e-05 0.000507998 1 -0.000105011 2.20533e-05 0.000104989 1 0.0126439 0.0661638 -0.0796388
FixedParameters: 0 0 0

#Transform 13
Transform: AffineTransform_float_3_3
Parameters: 1 -0.000508102 -0.000460887 0.000507898 1 -0.000221234 0.000461112 0.000220766 1 0.00293924 0.0165315 -0.0797971
FixedParameters: 0 0 0

#Transform 14
Transform: AffineTransform_float_3_3
Parameters: 1 -0.000507987 -7.80858e-05 0.000508013 1 0.00016896 7.79141e-05 -0.00016904 1 -0.00450968 -0.0845742 -0.0617042
FixedParameters: 0 0 0

#Transform 15
Transform: AffineTransform_float_3_3
Parameters: 1 -0.000508048 0.000105767 0.000507951 1 0.000458054 -0.000106233 -0.000457946 1 -0.0125989 -0.0930008 -0.0634549
FixedParameters: 0 0 0

#Transform 16
Transform: AffineTransform_float_3_3
Parameters: 1 -0.000507908 -0.000303154 0.000508092 1 0.000303846 0.000302846 -0.000303154 1 0.00449924 -0.087458 -0.0758339
FixedParameters: 0 0 0

#Transform 17
Transform: AffineTransform_float_3_3
Parameters: 0.999999 -0.000508103 -0.000552905 0.000507896 1 -0.000187281 0.000553095 0.000186719 1 0.00798836 0.110191 -0.120269
FixedParameters: 0 0 0

#Transform 18
Transform: AffineTransform_float_3_3
Parameters: 1 -0.000508161 -0.000302729 0.000507838 0.999999 -0.000534154 0.000303271 0.000533846 1 0.0187815 0.0936836 -0.129669
FixedParameters: 0 0 0

#Transform 19
Transform: AffineTransform_float_3_3
Parameters: 0.999999 -0.0005079 -0.000745067 0.000508099 1 0.000133621 0.000744931 -0.000134378 0.999999 0.0284845 -0.0716766 -0.0785687
FixedParameters: 0 0 0

#Transform 20
Transform: AffineTransform_float_3_3
Parameters: 0.999999 -0.00050802 -0.000621983 0.00050798 1 -3.2316e-05 0.000622016 3.1684e-05 1 0.0258082 -0.110404 -0.0828948
FixedParameters: 0 0 0

#Transform 21
Transform: AffineTransform_float_3_3
Parameters: 1 -0.000164972 -0.000671007 0.000165028 1 4.18893e-05 0.000670993 -4.21107e-05 1 0.0185852 -0.113391 -0.0570387
FixedParameters: 0 0 0

#Transform 22
Transform: AffineTransform_float_3_3
Parameters: 0.999999 -0.000563504 -0.000686586 0.000563496 0.999999 -0.000734386 0.000686413 0.000733613 0.999999 0.0284421 0.0318415 -0.112455
FixedParameters: 0 0 0

#Transform 23
Transform: AffineTransform_float_3_3
Parameters: 0.999999 -0.000508469 -0.000720668 0.000507531 0.999999 -0.000651365 0.00072033 0.000650633 0.999999 0.0330829 0.0563536 -0.115743
FixedParameters: 0 0 0

#Transform 24
Transform: AffineTransform_float_3_3
Parameters: 0.999999 -0.000508265 -0.000725814 0.000507735 1 -0.000365368 0.000726185 0.000364631 0.999999 0.0280658 -0.0416032 -0.0748778
FixedParameters: 0 0 0

#Transform 25
Transform: AffineTransform_float_3_3
Parameters: 1 -0.000388119 -0.000302848 0.000387881 1 -0.000392117 0.000303152 0.000391882 1 0.0159729 -0.0941747 -0.0900512
FixedParameters: 0 0 0

#Transform 26
Transform: AffineTransform_float_3_3
Parameters: 1 -9.70345e-05 -0.000302989 9.69654e-05 1 -0.000114029 0.000303011 0.000113971 1 0.0188915 -0.0968217 -0.0671163
FixedParameters: 0 0 0

#Transform 27
Transform: AffineTransform_float_3_3
Parameters: 1 -0.000168668 -0.000669832 0.000167332 0.999999 -0.000997112 0.000670167 0.000996887 1 0.0186511 0.0788676 -0.122779
FixedParameters: 0 0 0

#Transform 28
Transform: AffineTransform_float_3_3
Parameters: 0.999999 -0.000372677 -0.00078968 0.000371322 0.999999 -0.000858293 0.000790319 0.000857706 1 0.0297834 0.130298 -0.118918
FixedParameters: 0 0 0

#Transform 29
Transform: AffineTransform_float_3_3
Parameters: 0.999999 -0.000260455 -0.000789849 0.000260545 1 -0.000576206 0.00079015 0.000575794 0.999999 0.0234516 0.0312008 -0.0684149
FixedParameters: 0 0 0

#Transform 30
Transform: AffineTransform_float_3_3
Parameters: 0.999999 -0.00021505 -0.000789986 0.00021495 1 -6.31698e-05 0.000790013 6.28301e-05 0.999999 0.022336 -0.0904207 -0.0560912
FixedParameters: 0 0 0

#Transform 31
Transform: AffineTransform_float_3_3
Parameters: 1 -0.000214893 -0.000380061 0.000215107 1 0.000281918 0.000379939 -0.000282082 1 0.0133807 -0.139818 -0.0443924
FixedParameters: 0 0 0

#Transform 32
Transform: AffineTransform_float_3_3
Parameters: 1 3.23402e-05 -0.000629982 -3.16598e-05 1 0.00054002 0.000630017 -0.000539979 0.999999 0.0128579 -0.10767 -0.0445482
FixedParameters: 0 0 0

#Transform 33
Transform: AffineTransform_float_3_3
Parameters: 1 4.71121e-05 -0.000379986 -4.68879e-05 1 0.000295018 0.000380014 -0.000294982 1 0.0245267 -0.0808307 -0.0492227
FixedParameters: 0 0 0

#Transform 34
Transform: AffineTransform_float_3_3
Parameters: 0.999999 -0.000336127 -0.000629932 0.000335873 1 -0.000202212 0.000630068 0.000201788 1 0.0217626 0.066462 -0.0994615
FixedParameters: 0 0 0

#Transform 35
Transform: AffineTransform_float_3_3
Parameters: 0.999999 -0.000746209 -0.000496685 0.00074679 0.999999 -0.000422371 0.000497315 0.000422629 1 0.0431897 0.10849 -0.105293
FixedParameters: 0 0 0

#Transform 36
Transform: AffineTransform_float_3_3
Parameters: 1 -0.00045716 -0.000379807 0.000457839 1 -0.000422174 0.000380193 0.000421826 1 0.0192086 0.012023 -0.0640282
FixedParameters: 0 0 0

#Transform 37
Transform: AffineTransform_float_3_3
Parameters: 0.999999 -0.000332592 -0.000748181 0.000332408 1 0.000544751 0.000748818 -0.000545249 0.999999 0.0343503 -0.116725 -0.0392895
FixedParameters: 0 0 0

#Transform 38
Transform: AffineTransform_float_3_3
Parameters: 1 -0.000387247 -0.000894327 0.000387752 0.999999 0.000841653 0.000893674 -0.000842346 0.999999 0.0289485 -0.141971 -0.0315902
FixedParameters: 0 0 0

#Transform 39
Transform: AffineTransform_float_3_3
Parameters: 0.999999 -0.000332044 -0.000894355 0.000332955 1 0.0010687 0.000893644 -0.0010693 0.999999 0.0274711 -0.113604 -0.0323171
FixedParameters: 0 0 0

#Transform 40
Transform: AffineTransform_float_3_3
Parameters: 0.999999 -0.000332044 -0.000894355 0.000332955 1 0.0010687 0.000893644 -0.0010693 0.999999 0.0274548 -0.0588364 -0.0345256
FixedParameters: 0 0 0

#Transform 41
Transform: AffineTransform_float_3_3
Parameters: 1 -0.000332582 -0.00101014 0.000332419 1 0.000414665 0.00100986 -0.000414336 1 0.0301227 0.0570042 -0.0845878
FixedParameters: 0 0 0

#Transform 42
Transform: AffineTransform_float_3_3
Parameters: 1 -0.000332944 -0.00109202 0.000333057 1 5.16363e-05 0.00109198 -5.13636e-05 1 0.0368761 0.138065 -0.121892
FixedParameters: 0 0 0

#Transform 43
Transform: AffineTransform_float_3_3
Parameters: 1 -0.000332612 -0.00114411 0.000333389 1 0.000339619 0.00114389 -0.000339381 1 0.0330147 0.0450526 -0.0829801
FixedParameters: 0 0 0

#Transform 44
Transform: AffineTransform_float_3_3
Parameters: 1 -0.000381617 -0.00114446 0.000383383 0.999999 0.00120856 0.00114354 -0.00120944 0.999998 0.0394684 -0.127187 -0.041073
FixedParameters: 0 0 0

#Transform 45
Transform: AffineTransform_float_3_3
Parameters: 0.999999 -0.000331879 -0.000894416 0.00033312 0.999999 0.0012527 0.000893583 -0.0012533 0.999999 0.0275106 -0.18618 -0.0495287
FixedParameters: 0 0 0

#Transform 46
Transform: AffineTransform_float_3_3
Parameters: 1 -0.000330985 -0.00114458 0.000333014 0.999999 0.00176062 0.00114342 -0.00176138 0.999998 0.0371871 -0.206506 -0.0363245
FixedParameters: 0 0 0

#Transform 47
Transform: AffineTransform_float_3_3
Parameters: 1 -0.000388866 -0.000894494 0.000390133 0.999999 0.00126765 0.000893506 -0.00126835 0.999999 0.0289635 -0.0833899 -0.0853725
FixedParameters: 0 0 0

#Transform 48
Transform: AffineTransform_float_3_3
Parameters: 0.999999 -0.000678242 -0.0010275 0.000678757 0.999999 0.000737303 0.0010265 -0.000737697 0.999999 0.0388229 0.0537807 -0.123324
FixedParameters: 0 0 0

#Transform 49
Transform: AffineTransform_float_3_3
Parameters: 0.999999 -0.000445624 -0.00114415 0.000445376 1 0.000328491 0.00114385 -0.00032851 1 0.0357545 0.0812004 -0.115422
FixedParameters: 0 0 0

#Transform 50
Transform: AffineTransform_float_3_3
Parameters: 0.999999 -0.000332263 -0.000894274 0.000332736 0.999999 0.000823703 0.000893726 -0.000824297 1 0.0274858 -0.0739362 -0.0635357
FixedParameters: 0 0 0

#Transform 51
Transform: AffineTransform_float_3_3
Parameters: 0.999999 -0.000331766 -0.000894458 0.000333233 0.999999 0.0013797 0.00089354 -0.0013803 0.999998 0.0274915 -0.125706 -0.0506088
FixedParameters: 0 0 0

#Transform 52
Transform: AffineTransform_float_3_3
Parameters: 0.999999 -0.000331918 -0.000894402 0.000333082 0.999999 0.0012107 0.000893597 -0.0012103 0.999999 0.0274954 -0.122027 -0.0563744
FixedParameters: 0 0 0

#Transform 53
Transform: AffineTransform_float_3_3
Parameters: 0.999999 -0.00026995 -0.00128343 0.00027205 0.999998 0.00159665 0.00128357 -0.00159735 0.999998 0.034624 -0.111457 -0.0528609
FixedParameters: 0 0 0

#Transform 54
Transform: AffineTransform_float_3_3
Parameters: 0.999999 -0.000332449 -0.00141813 0.00033255 1 0.000387529 0.00141787 -0.000388472 0.999999 0.0290732 0.0717742 -0.126099
FixedParameters: 0 0 0

#Transform 55
Transform: AffineTransform_float_3_3
Parameters: 0.999999 -0.000332131 -0.0014122 0.000332868 1 0.00061453 0.0014118 -0.000615469 0.999999 0.038878 0.0521576 -0.107303
FixedParameters: 0 0 0

#Transform 56
Transform: AffineTransform_float_3_3
Parameters: 0.999999 -0.000331673 -0.00141231 0.000333326 0.999999 0.000938529 0.00141269 -0.000939469 0.999998 0.0388462 -0.0628477 -0.0632933
FixedParameters: 0 0 0

#Transform 57
Transform: AffineTransform_float_3_3
Parameters: 0.999999 -0.000331162 -0.00130447 0.000332839 0.999999 0.00140957 0.00130453 -0.00140943 0.999998 0.0248628 -0.171229 -0.037969
FixedParameters: 0 0 0

#Transform 58
Transform: AffineTransform_float_3_3
Parameters: 0.999999 -0.000330438 -0.0014186 0.00033256 0.999999 0.00180553 0.0014174 -0.00180647 0.999998 0.0361753 -0.179953 -0.0226478
FixedParameters: 0 0 0

#Transform 59
Transform: AffineTransform_float_3_3
Parameters: 0.999999 -0.000331569 -0.0011964 0.000332432 0.999999 0.0011966 0.0011966 -0.0011964 0.999998 0.0341673 -0.105444 -0.0514467
FixedParameters: 0 0 0

#Transform 60
Transform: AffineTransform_float_3_3
Parameters: 0.999999 -0.000331293 -0.00151437 0.000332707 1 0.0011275 0.00151363 -0.0011275 0.999998 0.0451575 0.00937481 -0.0795759
FixedParameters: 0 0 0

#Transform 61
Transform: AffineTransform_float_3_3
Parameters: 0.999999 -0.000332257 -0.00128119 0.000332744 1 0.000580574 0.00128081 -0.000580426 0.999999 0.0359857 0.0674777 -0.106244
FixedParameters: 0 0 0

#Transform 62
Transform: AffineTransform_float_3_3
Parameters: 0.999999 -0.000331016 -0.00133249 0.000332985 0.999999 0.00148956 0.00133251 -0.00148944 0.999998 0.0371074 -0.0954486 -0.0630215
FixedParameters: 0 0 0

#Transform 63
Transform: AffineTransform_float_3_3
Parameters: 0.999999 -0.000330747 -0.00133256 0.000333253 0.999998 0.00169056 0.00133244 -0.00169144 0.999997 0.0432356 -0.136143 -0.0507712
FixedParameters: 0 0 0

#Transform 64
Transform: AffineTransform_float_3_3
Parameters: 0.999999 -0.000330708 -0.00133257 0.000333292 0.999999 0.00171956 0.00133243 -0.00172044 0.999997 0.0370956 -0.123522 -0.0441499
FixedParameters: 0 0 0

#Transform 65
Transform: AffineTransform_float_3_3
Parameters: 0.999998 -0.000330182 -0.00158259 0.000332818 0.999999 0.00178048 0.00158241 -0.00178153 0.999997 0.0424792 -0.126762 -0.03056
FixedParameters: 0 0 0

#Transform 66
Transform: AffineTransform_float_3_3
Parameters: 0.999998 -0.000330082 -0.00163859 0.000332918 0.999999 0.00178046 0.00163841 -0.00178154 0.999997 0.059819 -0.0559556 -0.0414588
FixedParameters: 0 0 0

#Transform 67
Transform: AffineTransform_float_3_3
Parameters: 0.999999 -0.000416785 -0.00174553 0.000419217 0.999999 0.00126927 0.00174547 -0.00126973 0.999997 0.0646376 0.0550639 -0.0689368
FixedParameters: 0 0 0

#Transform 68
Transform: AffineTransform_float_3_3
Parameters: 0.999999 -0.000744727 -0.0015896 0.000746276 1 0.000801816 0.0015894 -0.000802186 0.999999 0.0689562 0.066479 -0.089108
FixedParameters: 0 0 0

#Transform 69
Transform: AffineTransform_float_3_3
Parameters: 0.999999 -0.000331588 -0.00147432 0.000332413 1 0.000958512 0.00147368 -0.000958491 0.999999 0.0573083 -0.0620262 -0.0492546
FixedParameters: 0 0 0

#Transform 70
Transform: AffineTransform_float_3_3
Parameters: 0.999998 -0.000330624 -0.0015765 0.000333376 0.999999 0.00150648 0.0015765 -0.00150752 0.999997 0.0595643 -0.171646 -0.0354391
FixedParameters: 0 0 0

#Transform 71
Transform: AffineTransform_float_3_3
Parameters: 0.999999 -0.000395603 -0.00174577 0.000398397 0.999998 0.00194531 0.00174523 -0.00194669 0.999996 0.0649325 -0.195333 -0.0264317
FixedParameters: 0 0 0

#Transform 72
Transform: AffineTransform_float_3_3
Parameters: 0.999999 -0.000329603 -0.00174564 0.000333397 0.999998 0.00194542 0.00174535 -0.00194658 0.999996 0.0632881 -0.160395 -0.0242545
FixedParameters: 0 0 0

#Transform 73
Transform: AffineTransform_float_3_3
Parameters: 0.999999 -0.000393467 -0.00174557 0.000396533 0.999999 0.00145031 0.00174543 -0.00145169 0.999998 0.0709029 -0.0307084 -0.0701686
FixedParameters: 0 0 0

#Transform 74
Transform: AffineTransform_float_3_3
Parameters: 0.999998 -0.000414958 -0.00199543 0.000417043 1 0.00102317 0.00199558 -0.00102383 0.999998 0.0706772 0.0698319 -0.0783799
FixedParameters: 0 0 0

#Transform 75
Transform: AffineTransform_float_3_3
Parameters: 0.999998 -0.000437311 -0.00202258 0.000440686 0.999999 0.00132811 0.00202142 -0.00132989 0.999997 0.0716667 0.0212628 -0.0206951
FixedParameters: 0 0 0

#Transform 76
Transform: AffineTransform_float_3_3
Parameters: 0.999999 -0.000330144 -0.00174554 0.000332857 0.999998 0.00163642 0.00174546 -0.00163658 0.999997 0.0632366 -0.071812 -0.0128127
FixedParameters: 0 0 0

#Transform 77
Transform: AffineTransform_float_3_3
Parameters: 0.999998 -0.000483034 -0.00199621 0.000487965 0.999997 0.00248803 0.00199479 -0.00248897 0.999995 0.0723485 -0.185516 0.0178504
FixedParameters: 0 0 0

#Transform 78
Transform: AffineTransform_float_3_3
Parameters: 0.999998 -0.000744572 -0.00174646 0.000748429 0.999998 0.0019627 0.00174553 -0.0019643 0.999996 0.0732232 -0.16421 -0.00926853
FixedParameters: 0 0 0

#Transform 79
Transform: AffineTransform_float_3_3
Parameters: 0.999998 -0.000681237 -0.00174608 0.000683762 0.999998 0.00158181 0.00174492 -0.00158319 0.999997 0.0716577 -0.0132662 -0.00523918
FixedParameters: 0 0 0

#Transform 80
Transform: AffineTransform_float_3_3
Parameters: 0.999999 -0.000719234 -0.00125559 0.000721767 0.999998 0.0022041 0.00125441 -0.0022049 0.999997 0.0686768 -0.0987429 0.0144286
FixedParameters: 0 0 0

#Transform 81
Transform: AffineTransform_float_3_3
Parameters: 0.999999 -0.000712122 -0.0013695 0.000714876 0.999997 0.00210202 0.0013675 -0.00210298 0.999997 0.0641067 -0.0915702 -0.0113548
FixedParameters: 0 0 0

#Transform 82
Transform: AffineTransform_float_3_3
Parameters: 0.999999 -0.000790052 -0.00115034 0.000791948 0.999999 0.00169409 0.00114866 -0.00169491 0.999998 0.0612413 -0.0874117 -0.0153135
FixedParameters: 0 0 0

#Transform 83
Transform: AffineTransform_float_3_3
Parameters: 0.999999 -0.0011694 -0.00145729 0.0011706 0.999998 0.0010983 0.00145572 -0.0010997 0.999999 0.0770747 0.0477597 -0.0714001
FixedParameters: 0 0 0

#Transform 84
Transform: AffineTransform_float_3_3
Parameters: 0.999999 -0.00120005 -0.0014248 0.00120095 0.999999 0.00066329 0.0014242 -0.00066471 0.999999 0.0771047 0.035541 -0.0899416
FixedParameters: 0 0 0

#Transform 85
Transform: AffineTransform_float_3_3
Parameters: 0.999999 -0.000789165 -0.00158442 0.000791835 0.999998 0.00178975 0.00158259 -0.00179125 0.999997 0.0707595 -0.167869 0.0172934
FixedParameters: 0 0 0

#Transform 86
Transform: AffineTransform_float_3_3
Parameters: 0.999999 -0.000899588 -0.00102612 0.000902411 0.999997 0.00235208 0.00102388 -0.00235292 0.999996 0.0612297 -0.211398 0.00863517
FixedParameters: 0 0 0

#Transform 87
Transform: AffineTransform_float_3_3
Parameters: 0.999999 -0.000862159 -0.00127525 0.000863839 0.999998 0.0014429 0.00127375 -0.0014441 0.999998 0.045636 -0.104876 -0.0126131
FixedParameters: 0 0 0

#Transform 88
Transform: AffineTransform_float_3_3
Parameters: 0.999998 -0.000790182 -0.00142901 0.000791817 0.999999 0.00127187 0.00142799 -0.00127313 0.999998 0.0556258 -0.196745 -0.00482234
FixedParameters: 0 0 0

#Transform 89
Transform: AffineTransform_float_3_3
Parameters: 0.999999 -0.000790188 -0.00134107 0.000791811 0.999999 0.00135094 0.00133993 -0.00135206 0.999998 0.0446818 -0.130024 -0.0341835
FixedParameters: 0 0 0

#Transform 90
Transform: AffineTransform_float_3_3
Parameters: 0.999999 -0.000790107 -0.00134811 0.000791892 0.999998 0.00140393 0.00134689 -0.00140507 0.999998 0.0519824 -0.078374 -0.055428
FixedParameters: 0 0 0

#Transform 91
Transform: AffineTransform_float_3_3
Parameters: 0.999998 -0.000790894 -0.00151158 0.000792105 0.999999 0.000730803 0.00151142 -0.000732196 0.999998 0.057048 0.111643 -0.101505
FixedParameters: 0 0 0

#Transform 92
Transform: AffineTransform_float_3_3
Parameters: 0.999998 -0.00125066 -0.00102442 0.00125134 0.999999 0.000335719 0.00102358 -0.000337281 1 0.0579596 0.14835 -0.109972
FixedParameters: 0 0 0

#Transform 93
Transform: AffineTransform_float_3_3
Parameters: 0.999999 -0.000791056 -0.00165345 0.000791946 1 0.000570692 0.00165355 -0.00057231 0.999999 0.0678417 0.0645992 -0.0501726
FixedParameters: 0 0 0

#Transform 94
Transform: AffineTransform_float_3_3
Parameters: 0.999999 -0.00086606 -0.00158161 0.00086894 0.999998 0.00185963 0.00157939 -0.00186037 0.999997 0.0654154 -0.131155 -0.00974713
FixedParameters: 0 0 0

#Transform 95
Transform: AffineTransform_float_3_3
Parameters: 0.999998 -0.00048806 -0.00158091 0.000490939 0.999998 0.00186023 0.00157909 -0.00186077 0.999997 0.0544334 -0.237255 -0.00147077
FixedParameters: 0 0 0

#Transform 96
Transform: AffineTransform_float_3_3
Parameters: 0.999998 -0.000433555 -0.00190302 0.000438445 0.999997 0.00233617 0.00190198 -0.00233683 0.999996 0.0608182 -0.208266 -0.0060738
FixedParameters: 0 0 0

#Transform 97
Transform: AffineTransform_float_3_3
Parameters: 0.999999 -0.000599777 -0.00169679 0.000602224 0.999999 0.00130998 0.00169621 -0.00131102 0.999997 0.0621743 -0.00518309 -0.0767525
FixedParameters: 0 0 0

#Transform 98
Transform: AffineTransform_float_3_3
Parameters: 0.999998 -0.000481614 -0.00185736 0.000483386 0.999999 0.000746103 0.00185664 -0.000746895 0.999998 0.0560872 0.0845149 -0.0949912
FixedParameters: 0 0 0

#Transform 99
Transform: AffineTransform_float_3_3
Parameters: 0.999998 -0.000851096 -0.00188986 0.000852905 0.999999 0.00100739 0.00188914 -0.00100861 0.999997 0.0639973 0.0200973 -0.0535423
FixedParameters: 0 0 0

#Transform 100
Transform: AffineTransform_float_3_3
Parameters: 0.999998 -0.000383975 -0.00189761 0.000387024 0.999998 0.00159427 0.00189639 -0.00159473 0.999997 0.0474689 -0.136146 -0.0203463
FixedParameters: 0 0 0

#Transform 101
Transform: AffineTransform_float_3_3
Parameters: 0.999998 -0.000328463 -0.00199059 0.000332537 0.999999 0.00177734 0.00198941 -0.00177766 0.999997 0.0527548 -0.146888 -0.0153896
FixedParameters: 0 0 0

#Transform 102
Transform: AffineTransform_float_3_3
Parameters: 0.999999 -0.000486606 -0.00173196 0.000490395 0.999998 0.00196015 0.00173104 -0.00196084 0.999996 0.0439139 -0.117646 -0.0286126
FixedParameters: 0 0 0

#Transform 103
Transform: AffineTransform_float_3_3
Parameters: 0.999998 -0.000694013 -0.00192344 0.000697989 0.999997 0.00207366 0.00192256 -0.00207434 0.999996 0.0628343 -0.117848 -0.00856045
FixedParameters: 0 0 0

#Transform 104
Transform: AffineTransform_float_3_3
Parameters: 0.999998 -0.000604358 -0.00218329 0.000608643 0.999997 0.00212568 0.00218271 -0.00212732 0.999996 0.0662032 -0.0623495 -0.00964418
FixedParameters: 0 0 0

#Transform 105
Transform: AffineTransform_float_3_3
Parameters: 0.999998 -0.000764502 -0.00213462 0.000769499 0.999997 0.00210736 0.00213338 -0.00210863 0.999995 0.0672867 -0.0454183 -0.00704563
FixedParameters: 0 0 0

#Transform 106
Transform: AffineTransform_float_3_3
Parameters: 0.999998 -0.000764818 -0.0021345 0.000769184 0.999998 0.00195936 0.0021335 -0.00196064 0.999996 0.0822233 0.0226751 -0.0248253
FixedParameters: 0 0 0

#Transform 107
Transform: AffineTransform_float_3_3
Parameters: 0.999998 -0.000878797 -0.00213391 0.000881204 0.999999 0.00103212 0.00213309 -0.00103388 0.999997 0.0768029 0.109562 -0.0808223
FixedParameters: 0 0 0

#Transform 108
Transform: AffineTransform_float_3_3
Parameters: 0.999997 -0.000994712 -0.00213453 0.000998289 0.999999 0.00153987 0.00213346 -0.00154213 0.999996 0.0673075 0.00401279 -0.0547903
FixedParameters: 0 0 0

#Transform 109
Transform: AffineTransform_float_3_3
Parameters: 0.999998 -0.00076604 -0.00184523 0.000768961 0.999999 0.00160458 0.00184377 -0.00160542 0.999997 0.0569636 -0.16882 -0.0322074
FixedParameters: 0 0 0

#Transform 110
Transform: AffineTransform_float_3_3
Parameters: 0.999998 -0.000689331 -0.00174545 0.000692669 0.999997 0.00210179 0.00174455 -0.00210321 0.999997 0.0474587 -0.274323 -0.00754689
FixedParameters: 0 0 0

#Transform 111
Transform: AffineTransform_float_3_3
Parameters: 0.999998 -0.000764328 -0.00213468 0.000768675 0.999998 0.00218937 0.00213332 -0.00219064 0.999996 0.0678355 -0.249011 -0.0137411
FixedParameters: 0 0 0

#Transform 112
Transform: AffineTransform_float_3_3
Parameters: 0.999997 -0.00107872 -0.00213466 0.00108228 0.999998 0.00153469 0.00213334 -0.00153731 0.999996 0.0738515 -0.0087308 -0.0476903
FixedParameters: 0 0 0

#Transform 113
Transform: AffineTransform_float_3_3
Parameters: 0.999997 -0.00121937 -0.00213336 0.00121963 0.999999 0.000293399 0.00213264 -0.000296601 0.999997 0.0768314 0.142624 -0.0870557
FixedParameters: 0 0 0

#Transform 114
Transform: AffineTransform_float_3_3
Parameters: 0.999997 -0.00121923 -0.00205046 0.00121977 0.999999 0.0003735 0.00204954 -0.0003765 0.999998 0.0911141 0.17516 -0.0633994
FixedParameters: 0 0 0

#Transform 115
Transform: AffineTransform_float_3_3
Parameters: 0.999997 -0.0012174 -0.00213448 0.0012196 0.999998 0.0012154 0.00213352 -0.0012176 0.999997 0.0931323 -0.0546708 -0.0134914
FixedParameters: 0 0 0

#Transform 116
Transform: AffineTransform_float_3_3
Parameters: 0.999997 -0.000718868 -0.00213406 0.00072213 0.999998 0.00146646 0.00213294 -0.00146854 0.999996 0.0811474 -0.156322 0.0013614
FixedParameters: 0 0 0

#Transform 117
Transform: AffineTransform_float_3_3
Parameters: 0.999998 -0.000820805 -0.00180945 0.000824198 0.999998 0.00176651 0.00180855 -0.00176749 0.999997 0.0669821 -0.167886 -0.0078351
FixedParameters: 0 0 0

#Transform 118
Transform: AffineTransform_float_3_3
Parameters: 0.999998 -0.000707797 -0.00158943 0.000711203 0.999997 0.00201487 0.00158857 -0.00201613 0.999996 0.0689683 -0.168389 -0.00724566
FixedParameters: 0 0 0

#Transform 119
Transform: AffineTransform_float_3_3
Parameters: 0.999997 -0.000715633 -0.00226207 0.000719369 0.999998 0.00148838 0.00226193 -0.00148962 0.999997 0.0768025 0.0238028 -0.0466881
FixedParameters: 0 0 0

#Transform 120
Transform: AffineTransform_float_3_3
Parameters: 0.999998 -0.00107176 -0.00172977 0.00107324 0.999999 0.000714145 0.00172923 -0.000715855 0.999998 0.0631436 0.132142 -0.0722852
FixedParameters: 0 0 0

#Transform 121
Transform: AffineTransform_float_3_3
Parameters: 0.999997 -0.000986142 -0.00195544 0.000988857 0.999999 0.00146107 0.00195356 -0.00146293 0.999997 0.0699998 0.0324323 -0.0131903
FixedParameters: 0 0 0

#Transform 122
Transform: AffineTransform_float_3_3
Parameters: 0.999998 -0.000607192 -0.00198117 0.000610807 0.999998 0.00192179 0.00197983 -0.00192321 0.999996 0.0541605 -0.130868 -0.00381723
FixedParameters: 0 0 0

#Transform 123
Transform: AffineTransform_float_3_3
Parameters: 0.999998 -0.000605874 -0.00225339 0.000611127 0.999997 0.00227563 0.00225162 -0.00227637 0.999995 0.0624411 -0.187323 0.00572972
FixedParameters: 0 0 0

#Transform 124
Transform: AffineTransform_float_3_3
Parameters: 0.999997 -0.00104204 -0.00216143 0.00104497 0.999999 0.00137175 0.00215957 -0.00137325 0.999996 0.0698011 0.0258304 -0.0580825
FixedParameters: 0 0 0

#Transform 125
Transform: AffineTransform_float_3_3
Parameters: 0.999998 -0.0011575 -0.00200345 0.0011605 0.999998 0.00124668 0.00200155 -0.00124932 0.999997 0.0888043 0.0590977 -0.0573879
FixedParameters: 0 0 0

#Transform 126
Transform: AffineTransform_float_3_3
Parameters: 0.999997 -0.000931853 -0.00216036 0.000934147 0.999998 0.00145598 0.00215964 -0.00145802 0.999996 0.0869507 -0.0784837 0.00154477
FixedParameters: 0 0 0

#Transform 127
Transform: AffineTransform_float_3_3
Parameters: 0.999997 -0.000880301 -0.00200363 0.000883698 0.999998 0.00184623 0.00200137 -0.00184777 0.999997 0.0821314 -0.164815 0.018975
FixedParameters: 0 0 0

#Transform 128
Transform: AffineTransform_float_3_3
Parameters: 0.999997 -0.000698564 -0.00200355 0.000702434 0.999998 0.0022136 0.00200145 -0.0022154 0.999995 0.0737483 -0.180194 0.0183389
FixedParameters: 0 0 0

#Transform 129
Transform: AffineTransform_float_3_3
Parameters: 0.999997 -0.000709782 -0.0020035 0.000714215 0.999997 0.00210457 0.0020015 -0.00210642 0.999996 0.0780378 -0.131608 -0.00238664
FixedParameters: 0 0 0

#Transform 130
Transform: AffineTransform_float_3_3
Parameters: 0.999997 -0.000814748 -0.00200373 0.000819251 0.999998 0.00212236 0.00200126 -0.00212364 0.999995 0.080516 -0.0559141 -0.0064282
FixedParameters: 0 0 0

#Transform 131
Transform: AffineTransform_float_3_3
Parameters: 0.999997 -0.000809162 -0.00225302 0.000811838 0.999999 0.00125917 0.00225198 -0.00126083 0.999996 0.0800138 0.137092 -0.0613477
FixedParameters: 0 0 0

#Transform 132
Transform: AffineTransform_float_3_3
Parameters: 0.999997 -0.000906576 -0.00217101 0.000908425 0.999999 0.00111603 0.00216999 -0.00111797 0.999997 0.0864731 0.0809339 -0.0265833
FixedParameters: 0 0 0

#Transform 133
Transform: AffineTransform_float_3_3
Parameters: 0.999997 -0.000807535 -0.00225361 0.000812464 0.999997 0.00198118 0.0022514 -0.00198282 0.999996 0.085949 -0.091628 -0.00516033
FixedParameters: 0 0 0

#Transform 134
Transform: AffineTransform_float_3_3
Parameters: 0.999998 -0.00080753 -0.00211072 0.000812472 0.999998 0.00211829 0.00210928 -0.00211971 0.999995 0.0725593 -0.144426 -0.00222433
FixedParameters: 0 0 0

#Transform 135
Transform: AffineTransform_float_3_3
Parameters: 0.999997 -0.000806593 -0.00225394 0.000812407 0.999997 0.00239917 0.00225206 -0.00240082 0.999994 0.0791479 -0.144892 -0.00636217
FixedParameters: 0 0 0

#Transform 136
Transform: AffineTransform_float_3_3
Parameters: 0.999998 -0.000808653 -0.00212228 0.000812346 0.999999 0.00157628 0.00212072 -0.00157872 0.999997 0.0677568 -0.0448622 -0.0491802
FixedParameters: 0 0 0

#Transform 137
Transform: AffineTransform_float_3_3
Parameters: 0.999997 -0.000631926 -0.00212791 0.000635072 0.999999 0.00144365 0.00212708 -0.00144535 0.999996 0.0789373 0.0263204 -0.0572129
FixedParameters: 0 0 0

#Transform 138
Transform: AffineTransform_float_3_3
Parameters: 0.999997 -0.000778488 -0.00235117 0.000781511 0.999998 0.00149317 0.00234984 -0.00149483 0.999996 0.0873809 -0.0143976 -0.036714
FixedParameters: 0 0 0

#Transform 139
Transform: AffineTransform_float_3_3
Parameters: 0.999998 -0.000529262 -0.00225288 0.000532738 0.999999 0.00165881 0.00225212 -0.0016602 0.999996 0.079263 -0.127964 -0.0127493
FixedParameters: 0 0 0

#Transform 140
Transform: AffineTransform_float_3_3
Parameters: 0.999998 -0.000602126 -0.00200317 0.000605875 0.999998 0.00193479 0.00200183 -0.00193521 0.999996 0.0755067 -0.133605 -0.0155788
FixedParameters: 0 0 0

#Transform 141
Transform: AffineTransform_float_3_3
Parameters: 0.999997 -0.000663337 -0.00225338 0.000667661 0.999997 0.0020685 0.00225162 -0.0020705 0.999996 0.0824984 -0.126079 -0.0141254
FixedParameters: 0 0 0

#Transform 142
Transform: AffineTransform_float_3_3
Parameters: 0.999998 -0.000625102 -0.00225337 0.0006309 0.999998 0.00217459 0.00225163 -0.00217541 0.999995 0.0815422 -0.097633 -0.0203618
FixedParameters: 0 0 0

#Transform 143
Transform: AffineTransform_float_3_3
Parameters: 0.999998 -0.000645338 -0.00225334 0.000649661 0.999997 0.00206854 0.00225166 -0.00207046 0.999996 0.075039 -0.0791378 -0.0234273
FixedParameters: 0 0 0

#Transform 144
Transform: AffineTransform_float_3_3
Parameters: 0.999997 -0.000592727 -0.00239331 0.000598274 0.999998 0.00220358 0.00239169 -0.00220442 0.999994 0.0838044 -0.0822835 -0.00908268
FixedParameters: 0 0 0

#Transform 145
Transform: AffineTransform_float_3_3
Parameters: 0.999998 -0.000664855 -0.00200338 0.000669143 0.999997 0.00206866 0.00200162 -0.00207033 0.999996 0.0769487 0.0214272 -0.0366845
FixedParameters: 0 0 0

#Transform 146
Transform: AffineTransform_float_3_3
Parameters: 0.999997 -0.000666397 -0.00231475 0.000669602 0.999999 0.00112345 0.00231425 -0.00112555 0.999996 0.0797413 0.101641 -0.0773882
FixedParameters: 0 0 0

#Transform 147
Transform: AffineTransform_float_3_3
Parameters: 0.999998 -0.000838467 -0.00218298 0.000841534 0.999999 0.00116017 0.00218202 -0.00116183 0.999997 0.0851333 0.0565737 -0.0685648
FixedParameters: 0 0 0

#Transform 148
Transform: AffineTransform_float_3_3
Parameters: 0.999997 -0.000665827 -0.00225294 0.000669172 0.999999 0.0014075 0.00225206 -0.0014095 0.999997 0.0749855 -0.128467 -0.0233097
FixedParameters: 0 0 0

#Transform 149
Transform: AffineTransform_float_3_3
Parameters: 0.999998 -0.000664511 -0.00216139 0.000669492 0.999997 0.00207756 0.00216061 -0.00207844 0.999995 0.0806083 -0.231718 -0.003799
FixedParameters: 0 0 0

#Transform 150
Transform: AffineTransform_float_3_3
Parameters: 0.999998 -0.000664839 -0.00200339 0.000669161 0.999997 0.00207766 0.00200161 -0.00207833 0.999996 0.077049 -0.176055 -0.0207836
FixedParameters: 0 0 0

#Transform 151
Transform: AffineTransform_float_3_3
Parameters: 0.999997 -0.000665945 -0.00212096 0.000669054 0.999998 0.00143958 0.00212004 -0.00144141 0.999996 0.0795784 -0.00238983 -0.0605324
FixedParameters: 0 0 0

#Transform 152
Transform: AffineTransform_float_3_3
Parameters: 0.999997 -0.000665665 -0.00225299 0.000669336 0.999998 0.0014805 0.00225201 -0.0014815 0.999997 0.0824588 0.0163655 -0.0313787
FixedParameters: 0 0 0

#Transform 153
Transform: AffineTransform_float_3_3
Parameters: 0.999998 -0.00066632 -0.00175602 0.00066968 0.999998 0.00152583 0.00175498 -0.00152717 0.999998 0.0716202 -0.0765445 -0.00156159
FixedParameters: 0 0 0

#Transform 154
Transform: AffineTransform_float_3_3
Parameters: 0.999998 -0.000741523 -0.00216054 0.000745476 0.999997 0.00207139 0.00215946 -0.0020736 0.999995 0.0824184 -0.113988 0.0186429
FixedParameters: 0 0 0

#Transform 155
Transform: AffineTransform_float_3_3
Parameters: 0.999998 -0.000625505 -0.00216002 0.000629498 0.999999 0.00161865 0.00215899 -0.00161936 0.999997 0.0795404 -0.0374637 -0.00645452
FixedParameters: 0 0 0

#Transform 156
Transform: AffineTransform_float_3_3
Parameters: 0.999998 -0.000430544 -0.00200253 0.000433455 0.999999 0.00122614 0.00200147 -0.00122686 0.999997 0.0713337 0.080936 -0.0464426
FixedParameters: 0 0 0

#Transform 157
Transform: AffineTransform_float_3_3
Parameters: 0.999997 -0.000616632 -0.00240261 0.000619366 1 0.000984515 0.00240139 -0.000986484 0.999996 0.0795363 0.107686 -0.0410609
FixedParameters: 0 0 0

#Transform 158
Transform: AffineTransform_float_3_3
Parameters: 0.999997 -0.000503336 -0.00219161 0.000505662 0.999999 0.00121489 0.00219039 -0.00121611 0.999997 0.0771838 -0.0685281 -0.0015087
FixedParameters: 0 0 0

#Transform 159
Transform: AffineTransform_float_3_3
Parameters: 0.999997 -0.00036889 -0.0021607 0.000373111 0.999998 0.0019022 0.00216029 -0.0019028 0.999996 0.0733193 -0.182156 0.0173948
FixedParameters: 0 0 0

#Transform 160
Transform: AffineTransform_float_3_3
Parameters: 0.999998 -0.000282197 -0.00207252 0.000285801 0.999999 0.00183441 0.00207148 -0.00183559 0.999996 0.0576594 -0.207246 -0.00585571
FixedParameters: 0 0 0

#Transform 161
Transform: AffineTransform_float_3_3
Parameters: 0.999998 -0.00031733 -0.00225266 0.000322669 0.999998 0.00207328 0.00225134 -0.00207372 0.999996 0.0708607 -0.151271 0.00345654
FixedParameters: 0 0 0

#Transform 162
Transform: AffineTransform_float_3_3
Parameters: 0.999998 -0.000379305 -0.00225263 0.000382694 0.999998 0.00164014 0.00225138 -0.00164086 0.999996 0.0757676 3.75509e-05 -0.0396444
FixedParameters: 0 0 0

#Transform 163
Transform: AffineTransform_float_3_3
Parameters: 0.999998 -0.000399227 -0.00200235 0.000400773 0.999999 0.000885199 0.00200164 -0.0008858 0.999997 0.0635487 0.0973076 -0.067613
FixedParameters: 0 0 0

#Transform 164
Transform: AffineTransform_float_3_3
Parameters: 0.999998 -0.000612474 -0.00200277 0.000615526 0.999999 0.00126077 0.00200223 -0.00126223 0.999997 0.0756837 0.0351178 -0.0146929
FixedParameters: 0 0 0

#Transform 165
Transform: AffineTransform_float_3_3
Parameters: 0.999997 -0.000602191 -0.00235098 0.000606809 0.999999 0.00161958 0.00235002 -0.00162142 0.999996 0.0831184 -0.0820812 0.00413935
FixedParameters: 0 0 0

#Transform 166
Transform: AffineTransform_float_3_3
Parameters: 0.999997 -0.000260182 -0.00243952 0.00026482 0.999998 0.00197536 0.00243948 -0.00197564 0.999995 0.0768632 -0.11138 0.0130687
FixedParameters: 0 0 0

#Transform 167
Transform: AffineTransform_float_3_3
Parameters: 0.999997 -0.000259594 -0.00243958 0.000265408 0.999998 0.00221636 0.00243942 -0.00221664 0.999994 0.0768436 -0.116653 0.0188205
FixedParameters: 0 0 0

#Transform 168
Transform: AffineTransform_float_3_3
Parameters: 0.999998 -0.000260108 -0.00220758 0.000264894 0.999998 0.00221642 0.00220742 -0.00221658 0.999995 0.0718733 -0.116723 0.0119021
FixedParameters: 0 0 0

#Transform 169
Transform: AffineTransform_float_3_3
Parameters: 0.999997 -0.000373247 -0.00243989 0.000379754 0.999997 0.00235808 0.00243911 -0.00235892 0.999994 0.0795593 -0.111737 0.0222251
FixedParameters: 0 0 0

#Transform 170
Transform: AffineTransform_float_3_3
Parameters: 0.999998 -0.000378021 -0.00224684 0.000382977 0.999997 0.00221614 0.00224516 -0.00221685 0.999995 0.0755564 -0.0889199 0.0122895
FixedParameters: 0 0 0

#Transform 171
Transform: AffineTransform_float_3_3
Parameters: 0.999997 -0.000724008 -0.00244049 0.000728988 0.999997 0.00204423 0.00243851 -0.00204677 0.999995 0.0880548 0.0311215 -0.0237399
FixedParameters: 0 0 0

#Transform 172
Transform: AffineTransform_float_3_3
Parameters: 0.999997 -0.000726427 -0.00243977 0.000728574 0.999999 0.00105423 0.00243923 -0.00105578 0.999997 0.0881037 0.0834088 -0.06225
FixedParameters: 0 0 0

#Transform 173
Transform: AffineTransform_float_3_3
Parameters: 0.999997 -0.000610334 -0.00237069 0.000612665 0.999999 0.00112355 0.00237031 -0.00112545 0.999996 0.0818 -0.0499249 -0.0200508
FixedParameters: 0 0 0

#Transform 174
Transform: AffineTransform_float_3_3
Parameters: 0.999997 -0.000562256 -0.0024401 0.000567743 0.999998 0.00194362 0.0024389 -0.00194538 0.999995 0.0841384 -0.169139 0.00858663
FixedParameters: 0 0 0

#Transform 175
Transform: AffineTransform_float_3_3
Parameters: 0.999997 -0.000230596 -0.00243952 0.000236406 0.999997 0.00221543 0.00243948 -0.00221557 0.999994 0.0692212 -0.19075 0.0094742
FixedParameters: 0 0 0

#Transform 176
Transform: AffineTransform_float_3_3
Parameters: 0.999997 -0.000412352 -0.00249594 0.000417646 0.999998 0.00226297 0.00249406 -0.00226404 0.999995 0.0764626 -0.153912 0.00759733
FixedParameters: 0 0 0

#Transform 177
Transform: AffineTransform_float_3_3
Parameters: 0.999997 -0.000435567 -0.00243943 0.000437433 1 0.000996936 0.00243856 -0.000998065 0.999996 0.0738551 0.0819099 -0.0584655
FixedParameters: 0 0 0

#Transform 178
Transform: AffineTransform_float_3_3
Parameters: 0.999998 -0.000587911 -0.00226754 0.000590091 1 0.000921665 0.00226646 -0.000922335 0.999997 0.071597 0.121046 -0.0415067
FixedParameters: 0 0 0

#Transform 179
Transform: AffineTransform_float_3_3
Parameters: 0.999997 -0.000586261 -0.0024399 0.000589738 0.999998 0.00153157 0.0024391 -0.00153343 0.999996 0.0847607 0.0215566 -0.00115422
FixedParameters: 0 0 0

#Transform 180
Transform: AffineTransform_float_3_3
Parameters: 0.999997 -0.000462027 -0.00232579 0.000465973 0.999999 0.00170792 0.00232521 -0.00170908 0.999996 0.0625772 -0.0859967 0.0128224
FixedParameters: 0 0 0

#Transform 181
Transform: AffineTransform_float_3_3
Parameters: 0.999997 -0.000302308 -0.00243959 0.000306693 0.999998 0.00192326 0.00243941 -0.00192374 0.999995 0.0702574 -0.151568 0.0250138
FixedParameters: 0 0 0

#Transform 182
Transform: AffineTransform_float_3_3
Parameters: 0.999997 -0.000661743 -0.00244016 0.000666257 0.999999 0.00174438 0.00243884 -0.00174562 0.999996 0.086571 -0.0617138 -0.0111684
FixedParameters: 0 0 0

#Transform 183
Transform: AffineTransform_float_3_3
Parameters: 0.999996 -0.000739799 -0.00243997 0.000743201 0.999999 0.00131119 0.00243903 -0.00131281 0.999996 0.0794472 0.0627109 -0.0317458
FixedParameters: 0 0 0

#Transform 184
Transform: AffineTransform_float_3_3
Parameters: 0.999996 -0.000739477 -0.00244007 0.000742522 0.999998 0.00144319 0.00243893 -0.00144481 0.999996 0.075349 -0.0146472 0.00545485
FixedParameters: 0 0 0

#Transform 185
Transform: AffineTransform_float_3_3
Parameters: 0.999997 -0.00046952 -0.00243987 0.00047448 0.999998 0.00183585 0.00243913 -0.00183715 0.999996 0.0727867 -0.112645 0.0349407
FixedParameters: 0 0 0

#Transform 186
Transform: AffineTransform_float_3_3
Parameters: 0.999998 -0.000372301 -0.00228677 0.0003767 0.999998 0.00205514 0.00228623 -0.00205586 0.999996 0.0657875 -0.162755 0.0396797
FixedParameters: 0 0 0

#Transform 187
Transform: AffineTransform_float_3_3
Parameters: 0.999997 -0.00039172 -0.00243985 0.00039728 0.999997 0.00216404 0.00243914 -0.00216496 0.999994 0.0642229 -0.135026 0.0362562
FixedParameters: 0 0 0

#Transform 188
Transform: AffineTransform_float_3_3
