#Insight Transform File V1.0
#Transform 0
Transform: AffineTransform_float_3_3
Parameters: 1 0.000541 -4.0034e-08 -0.000541 1 -7.4e-05 -4.0034e-08 7.4e-05 1 -0.00974265 0.00398834 -0.00180038
FixedParameters: 0 0 0

#Transform 1
Transform: AffineTransform_float_3_3
Parameters: 1 0.000598 0 -0.000598 1 0 0 0 1 -0.00780179 0.00305271 0.034873
FixedParameters: 0 0 0

#Transform 2
Transform: AffineTransform_float_3_3
Parameters: 1 0.000193 -7.4999e-05 -0.000193 1 5.01447e-06 7.5001e-05 -4.98552e-06 1 0.0113552 -0.0516125 0.0290222
FixedParameters: 0 0 0

#Transform 3
Transform: AffineTransform_float_3_3
Parameters: 1 0.000428023 -7.98754e-05 -0.000427977 1 0.000291034 8.01245e-05 -0.000290966 1 -0.00327882 -0.0602129 0.0423802
FixedParameters: 0 0 0

#Transform 4
Transform: AffineTransform_float_3_3
Parameters: 1 0.000643 7.9732e-08 -0.000643 1 0.000124 7.9732e-08 -0.000124 1 -0.00134841 -0.00368239 0.0155451
FixedParameters: 0 0 0

#Transform 5
Transform: AffineTransform_float_3_3
Parameters: 1 0.000102 1.3158e-08 -0.000102 1 0.000129 1.3158e-08 -0.000129 1 0.00757355 0.0958519 -0.0230033
FixedParameters: 0 0 0

#Transform 6
Transform: AffineTransform_float_3_3
Parameters: 1 0.000150884 -0.000453038 -0.000151115 1 -0.000254932 0.000452961 0.000255068 1 -0.00309163 0.153859 -0.0470584
FixedParameters: 0 0 0

#Transform 7
Transform: AffineTransform_float_3_3
Parameters: 1 7.0668e-08 -0.000453 7.0668e-08 1 0.000156 0.000453 -0.000156 1 -0.00409076 0.0498601 -0.00875583
FixedParameters: 0 0 0

#Transform 8
Transform: AffineTransform_float_3_3
Parameters: 1 8.7429e-08 -0.000453 8.7429e-08 1 0.000193 0.000453 -0.000193 1 -0.00409715 -0.067233 0.00533876
FixedParameters: 0 0 0

#Transform 9
Transform: AffineTransform_float_3_3
Parameters: 1 3.5787e-08 -0.000453 3.5787e-08 1 7.9e-05 0.000453 -7.9e-05 1 -0.00408997 -0.11591 -0.0105127
FixedParameters: 0 0 0

#Transform 10
Transform: AffineTransform_float_3_3
Parameters: 1 7.0668e-08 -0.000453 7.0668e-08 1 0.000156 0.000453 -0.000156 1 -0.0139858 -0.0963936 -0.0130095
FixedParameters: 0 0 0

#Transform 11
Transform: AffineTransform_float_3_3
Parameters: 1 -0.000118081 -0.000515981 0.000117918 1 -0.000158061 0.000516018 0.000157939 1 -0.0107564 0.0565073 -0.0683386
FixedParameters: 0 0 0

#Transform 12
Transform: AffineTransform_float_3_3
Parameters: 1 -0.000472052 -0.000151837 0.000471947 1 -0.000346072 0.000152163 0.000345928 1 -0.00477467 0.0842084 -0.0776872
FixedParameters: 0 0 0

#Transform 13
Transform: AffineTransform_float_3_3
Parameters: 1 -0.000637069 -0.000202781 0.00063693 0.999999 -0.000344129 0.000203219 0.00034387 1 -0.0137622 0.0398226 -0.0742608
FixedParameters: 0 0 0

#Transform 14
Transform: AffineTransform_float_3_3
Parameters: 1 -0.000637008 -0.000200974 0.000636992 1 -4.0128e-05 0.000201025 3.98719e-05 1 -0.00344971 -0.0651613 -0.0602755
FixedParameters: 0 0 0

#Transform 15
Transform: AffineTransform_float_3_3
Parameters: 1 -0.000637006 -0.000169976 0.000636993 1 -3.81083e-05 0.000170024 3.78917e-05 1 -0.00391056 -0.0715692 -0.0602883
FixedParameters: 0 0 0

#Transform 16
Transform: AffineTransform_float_3_3
Parameters: 1 -0.000469017 -0.000452982 0.000468983 1 -3.82124e-05 0.000453018 3.77875e-05 1 -0.00687936 -0.0478575 -0.0649036
FixedParameters: 0 0 0

#Transform 17
Transform: AffineTransform_float_3_3
Parameters: 0.999999 -0.000637243 -0.000452658 0.000636757 0.999999 -0.000536288 0.000453342 0.000536711 1 0.00714578 0.139518 -0.115969
FixedParameters: 0 0 0

#Transform 18
Transform: AffineTransform_float_3_3
Parameters: 0.999999 -0.000637274 -0.000452614 0.000636725 0.999999 -0.000606288 0.000452386 0.000606711 0.999999 0.00716395 0.120239 -0.122358
FixedParameters: 0 0 0

#Transform 19
Transform: AffineTransform_float_3_3
Parameters: 0.999999 -0.00063706 -0.000507924 0.00063694 1 -0.000118324 0.000508075 0.000117676 1 0.00874132 -0.0450014 -0.0826802
FixedParameters: 0 0 0

#Transform 20
Transform: AffineTransform_float_3_3
Parameters: 1 -0.000454125 -0.000452874 0.000453875 1 -0.000276206 0.000453125 0.000275794 1 0.00273951 -0.073766 -0.085431
FixedParameters: 0 0 0

#Transform 21
Transform: AffineTransform_float_3_3
Parameters: 1 -0.000398116 -0.000452898 0.000397883 1 -0.00025718 0.000453102 0.00025682 1 0.00387333 -0.0790968 -0.0676242
FixedParameters: 0 0 0

#Transform 22
Transform: AffineTransform_float_3_3
Parameters: 0.999999 -0.00053853 -0.000608532 0.000538471 1 -0.000870329 0.000608469 0.000870673 1 0.00885552 0.0584503 -0.112349
FixedParameters: 0 0 0

#Transform 23
Transform: AffineTransform_float_3_3
Parameters: 0.999999 -0.000461493 -0.000565598 0.000461507 1 -0.000871262 0.000566402 0.00087074 1 0.0124102 0.0501213 -0.113721
FixedParameters: 0 0 0

#Transform 24
Transform: AffineTransform_float_3_3
Parameters: 1 -0.000471281 -0.000452707 0.000471718 0.999999 -0.000621213 0.000453293 0.000620786 0.999999 0.0196268 -0.0220063 -0.0756636
FixedParameters: 0 0 0

#Transform 25
Transform: AffineTransform_float_3_3
Parameters: 1 -0.000316261 -0.000524842 0.000316738 1 -0.000498166 0.000525158 0.000497834 0.999999 0.00447585 -0.0623079 -0.0815153
FixedParameters: 0 0 0

#Transform 26
Transform: AffineTransform_float_3_3
Parameters: 1 -0.000248225 -0.000452876 0.000247774 1 -0.000498112 0.000453123 0.000497887 1 0.00382722 -0.060148 -0.0702921
FixedParameters: 0 0 0

#Transform 27
Transform: AffineTransform_float_3_3
Parameters: 0.999999 -0.000333868 -0.000768623 0.000333131 1 -0.00112926 0.000769376 0.00112874 0.999999 0.00910769 0.113061 -0.122862
FixedParameters: 0 0 0

#Transform 28
Transform: AffineTransform_float_3_3
Parameters: 0.999999 -0.000418454 -0.000580672 0.000418545 0.999999 -0.000782243 0.000581327 0.000781756 0.999999 0.0217027 0.142239 -0.108014
FixedParameters: 0 0 0

#Transform 29
Transform: AffineTransform_float_3_3
Parameters: 0.999999 -0.000253678 -0.000942818 0.000253323 0.999999 -0.000718239 0.000942182 0.000718761 1 0.0172148 0.0407886 -0.057806
FixedParameters: 0 0 0

#Transform 30
Transform: AffineTransform_float_3_3
Parameters: 1 -0.00041712 -0.000425882 0.000416879 1 -0.000283178 0.000426118 0.000282822 1 0.0176446 -0.0724464 -0.0495621
FixedParameters: 0 0 0

#Transform 31
Transform: AffineTransform_float_3_3
Parameters: 1 -0.000156959 -0.000426015 0.00015704 1 9.49331e-05 0.000425985 -9.50669e-05 1 0.00133209 -0.112009 -0.032284
FixedParameters: 0 0 0

#Transform 32
Transform: AffineTransform_float_3_3
Parameters: 1 -0.000220997 -0.000426001 0.000221003 1 6.90585e-06 0.000425998 -7.09414e-06 1 0.00721228 -0.0643272 -0.0507461
FixedParameters: 0 0 0

#Transform 33
Transform: AffineTransform_float_3_3
Parameters: 1 -7.70006e-05 -0.000676 7.69993e-05 1 -1.05205e-06 0.000676 9.47948e-07 1 0.0159902 -0.034576 -0.0587391
FixedParameters: 0 0 0

#Transform 34
Transform: AffineTransform_float_3_3
Parameters: 1 -0.000448204 -0.000425785 0.000448796 1 -0.000479191 0.000426215 0.000478809 1 0.0183792 0.0992384 -0.0954847
FixedParameters: 0 0 0

#Transform 35
Transform: AffineTransform_float_3_3
Parameters: 0.999999 -0.000592115 -0.00042584 0.000591885 1 -0.000270252 0.00042616 0.000269748 1 0.0219515 0.122035 -0.0944818
FixedParameters: 0 0 0

#Transform 36
Transform: AffineTransform_float_3_3
Parameters: 0.999999 -0.000863018 -0.000919982 0.000862981 0.999999 -2.07939e-05 0.000920017 1.9206e-05 0.999999 0.0417038 0.0150191 -0.0455397
FixedParameters: 0 0 0

#Transform 37
Transform: AffineTransform_float_3_3
Parameters: 0.999999 -0.000447964 -0.000580027 0.000448036 1 6.17401e-05 0.000579972 -6.22598e-05 1 0.0224777 -0.0921286 -0.0368046
FixedParameters: 0 0 0

#Transform 38
Transform: AffineTransform_float_3_3
Parameters: 1 -0.000447575 -0.000920208 0.000448425 1 0.000461588 0.000919794 -0.000462412 1 0.0195094 -0.102722 -0.0254286
FixedParameters: 0 0 0

#Transform 39
Transform: AffineTransform_float_3_3
Parameters: 1 -0.000447768 -0.000920113 0.000448233 1 0.000252588 0.000919887 -0.000252412 0.999999 0.0182955 -0.0650822 -0.0372822
FixedParameters: 0 0 0

#Transform 40
Transform: AffineTransform_float_3_3
Parameters: 1 -0.000447648 -0.000920171 0.000448351 1 0.000381587 0.000919829 -0.000382412 0.999999 0.025136 0.00124041 -0.035398
FixedParameters: 0 0 0

#Transform 41
Transform: AffineTransform_float_3_3
Parameters: 1 -0.000447878 -0.00092006 0.000448123 1 0.000133588 0.00091994 -0.000133412 0.999999 0.0250315 0.0918257 -0.0800327
FixedParameters: 0 0 0

#Transform 42
Transform: AffineTransform_float_3_3
Parameters: 1 -0.000447981 -0.00100201 0.00044802 1 1.95511e-05 0.00100199 -1.94489e-05 0.999999 0.0262628 0.158097 -0.114687
FixedParameters: 0 0 0

#Transform 43
Transform: AffineTransform_float_3_3
Parameters: 1 -0.000697642 -0.000882282 0.000698357 0.999999 0.000404384 0.000881717 -0.000405615 0.999999 0.0309186 0.0448926 -0.0759245
FixedParameters: 0 0 0

#Transform 44
Transform: AffineTransform_float_3_3
Parameters: 1 -0.000447182 -0.00113232 0.000448818 0.999999 0.000722492 0.00113168 -0.000722506 0.999999 0.0274012 -0.115021 -0.0365161
FixedParameters: 0 0 0

#Transform 45
Transform: AffineTransform_float_3_3
Parameters: 1 -0.000447132 -0.000954408 0.000448869 1 0.000910573 0.000953592 -0.000910427 0.999999 0.0192059 -0.158439 -0.0326623
FixedParameters: 0 0 0

#Transform 46
Transform: AffineTransform_float_3_3
Parameters: 1 -0.000446883 -0.00104648 0.000448117 1 0.00106753 0.00104552 -0.00106847 0.999999 0.0216297 -0.174278 -0.03523
FixedParameters: 0 0 0

#Transform 47
Transform: AffineTransform_float_3_3
Parameters: 1 -0.000597112 -0.00102852 0.000597889 1 0.000864386 0.00102748 -0.000864615 0.999999 0.0249046 -0.0342766 -0.0775096
FixedParameters: 0 0 0

#Transform 48
Transform: AffineTransform_float_3_3
Parameters: 1 -0.000614406 -0.000956383 0.000614595 0.999999 0.000621413 0.000956619 -0.000621588 1 0.03308 0.0620597 -0.113314
FixedParameters: 0 0 0

#Transform 49
Transform: AffineTransform_float_3_3
Parameters: 1 -0.000439603 -0.000909193 0.000440397 1 0.0004366 0.000908808 -0.0004374 1 0.017797 0.0994586 -0.107637
FixedParameters: 0 0 0

#Transform 50
Transform: AffineTransform_float_3_3
Parameters: 1 -0.000549143 -0.00106444 0.000549858 1 0.000805416 0.00106356 -0.000805585 0.999999 0.0246195 -0.043571 -0.0587086
FixedParameters: 0 0 0

#Transform 51
Transform: AffineTransform_float_3_3
Parameters: 1 -0.000549191 -0.000943472 0.00054981 1 0.000857482 0.000943529 -0.000858519 0.999999 0.0178935 -0.0951547 -0.0495198
FixedParameters: 0 0 0

#Transform 52
Transform: AffineTransform_float_3_3
Parameters: 1 -0.000386288 -0.000887312 0.000386714 0.999999 0.000803657 0.00088769 -0.000803343 1 0.00254048 -0.0874194 -0.0482029
FixedParameters: 0 0 0

#Transform 53
Transform: AffineTransform_float_3_3
Parameters: 0.999999 -0.000364919 -0.00117634 0.000366081 0.999999 0.00091857 0.00117666 -0.00091943 0.999999 0.0121666 -0.0665062 -0.0477432
FixedParameters: 0 0 0

#Transform 54
Transform: AffineTransform_float_3_3
Parameters: 0.999999 -0.000407489 -0.00117618 0.000407512 1 0.000434521 0.00117682 -0.00043448 0.999999 0.00586573 0.0969555 -0.115512
FixedParameters: 0 0 0

#Transform 55
Transform: AffineTransform_float_3_3
Parameters: 1 -0.000317489 -0.00117614 0.00031751 1 0.000433627 0.00117586 -0.000434374 0.999999 0.00363281 0.0500452 -0.107258
FixedParameters: 0 0 0

#Transform 56
Transform: AffineTransform_float_3_3
Parameters: 0.999999 -0.000489181 -0.00123532 0.000490818 0.999999 0.000662394 0.00123467 -0.000663604 0.999999 0.027019 -0.0474467 -0.0530981
FixedParameters: 0 0 0

#Transform 57
Transform: AffineTransform_float_3_3
Parameters: 0.999999 -0.000530031 -0.00117644 0.000530968 0.999999 0.000822376 0.00117656 -0.000823624 0.999999 0.0187904 -0.143118 -0.0314837
FixedParameters: 0 0 0

#Transform 58
Transform: AffineTransform_float_3_3
Parameters: 0.999999 -0.000542901 -0.00117651 0.0005441 1 0.000934361 0.00117649 -0.00093464 0.999999 0.0246948 -0.137019 -0.021988
FixedParameters: 0 0 0

#Transform 59
Transform: AffineTransform_float_3_3
Parameters: 0.999999 -0.000527911 -0.00117649 0.000529091 1 0.000926379 0.00117651 -0.000926622 0.999999 0.0265013 -0.0519833 -0.0406814
FixedParameters: 0 0 0

#Transform 60
Transform: AffineTransform_float_3_3
Parameters: 0.999999 -0.000545185 -0.00123836 0.000545816 0.999999 0.000658324 0.00123864 -0.000658676 0.999999 0.0272327 0.0487336 -0.0858791
FixedParameters: 0 0 0

#Transform 61
Transform: AffineTransform_float_3_3
Parameters: 0.999999 -0.000534368 -0.00118429 0.000534631 0.999999 0.000532367 0.00118372 -0.000533633 0.999999 0.0254752 0.0907362 -0.101162
FixedParameters: 0 0 0

#Transform 62
Transform: AffineTransform_float_3_3
Parameters: 0.999999 -0.000575999 -0.00118449 0.000577001 1 0.000844318 0.00118451 -0.000845683 0.999999 0.0265299 -0.0602546 -0.0640556
FixedParameters: 0 0 0

#Transform 63
Transform: AffineTransform_float_3_3
Parameters: 0.999999 -0.000575819 -0.00118857 0.000576182 1 0.000994316 0.00118743 -0.000994685 0.999999 0.0266219 -0.10159 -0.050528
FixedParameters: 0 0 0

#Transform 64
Transform: AffineTransform_float_3_3
Parameters: 0.999999 -0.000575334 -0.0013817 0.000576667 0.999999 0.00120621 0.00138131 -0.0012068 0.999999 0.0391603 -0.086888 -0.0354711
FixedParameters: 0 0 0

#Transform 65
Transform: AffineTransform_float_3_3
Parameters: 0.999999 -0.000574673 -0.00165481 0.000576327 0.999999 0.00140605 0.00165419 -0.00140695 0.999997 0.0389872 -0.0757546 -0.0293403
FixedParameters: 0 0 0

#Transform 66
Transform: AffineTransform_float_3_3
Parameters: 0.999999 -0.000575102 -0.00165466 0.000576899 0.999999 0.00114705 0.00165434 -0.00114795 0.999998 0.0564439 0.00891633 -0.035706
FixedParameters: 0 0 0

#Transform 67
Transform: AffineTransform_float_3_3
Parameters: 0.999998 -0.000575558 -0.00159652 0.000576441 1 0.000902082 0.00159648 -0.000903921 0.999999 0.0593984 0.0599398 -0.0743584
FixedParameters: 0 0 0

#Transform 68
Transform: AffineTransform_float_3_3
Parameters: 0.999999 -0.000576077 -0.00145736 0.000576923 0.999999 0.00063316 0.00145663 -0.00063384 0.999998 0.0537567 0.0896611 -0.0836328
FixedParameters: 0 0 0

#Transform 69
Transform: AffineTransform_float_3_3
Parameters: 0.999998 -0.000735946 -0.00141655 0.000737055 1 0.000743957 0.00141645 -0.000745044 0.999998 0.0531273 -0.0513659 -0.0490712
FixedParameters: 0 0 0

#Transform 70
Transform: AffineTransform_float_3_3
Parameters: 0.999999 -0.000430567 -0.00148642 0.000432433 1 0.000964359 0.00148558 -0.000964642 0.999999 0.0475038 -0.158304 -0.033959
FixedParameters: 0 0 0

#Transform 71
Transform: AffineTransform_float_3_3
Parameters: 0.999998 -0.000575356 -0.00149863 0.000576644 0.999999 0.00109714 0.00149737 -0.00109786 0.999999 0.0555887 -0.150471 -0.0307119
FixedParameters: 0 0 0

#Transform 72
Transform: AffineTransform_float_3_3
Parameters: 0.999999 -0.000403194 -0.00148149 0.000404806 0.999999 0.0012184 0.00148151 -0.0012196 0.999998 0.0467608 -0.130507 -0.0276784
FixedParameters: 0 0 0

#Transform 73
Transform: AffineTransform_float_3_3
Parameters: 0.999999 -0.000575274 -0.0016546 0.000576727 1 0.00104305 0.0016544 -0.00104395 0.999998 0.0556594 0.0228383 -0.0644806
FixedParameters: 0 0 0

#Transform 74
Transform: AffineTransform_float_3_3
Parameters: 0.999998 -0.000575609 -0.00179145 0.000576391 0.999999 0.000775969 0.00179155 -0.000777032 0.999998 0.0668914 0.0880519 -0.0703571
FixedParameters: 0 0 0

#Transform 75
Transform: AffineTransform_float_3_3
Parameters: 0.999997 -0.000575164 -0.00206151 0.000576836 1 0.000889814 0.00206149 -0.000891189 0.999998 0.0662737 0.0597217 -0.0200699
FixedParameters: 0 0 0

#Transform 76
Transform: AffineTransform_float_3_3
Parameters: 0.999997 -0.000574354 -0.00206174 0.000576648 0.999999 0.00128381 0.00206126 -0.00128419 0.999997 0.0663149 -0.0507965 -0.00911604
FixedParameters: 0 0 0

#Transform 77
Transform: AffineTransform_float_3_3
Parameters: 0.999998 -0.000573803 -0.00147824 0.000576197 0.999998 0.00216315 0.00147676 -0.00216385 0.999996 0.0508313 -0.155875 0.0262779
FixedParameters: 0 0 0

#Transform 78
Transform: AffineTransform_float_3_3
Parameters: 0.999998 -0.000824217 -0.00170335 0.000826786 0.999999 0.0016346 0.00170265 -0.00163541 0.999997 0.0565965 -0.100074 0.0245224
FixedParameters: 0 0 0

#Transform 79
Transform: AffineTransform_float_3_3
Parameters: 0.999998 -0.000671424 -0.00155112 0.000674576 0.999999 0.00166096 0.00154988 -0.00166204 0.999997 0.0548968 0.0158265 0.0232699
FixedParameters: 0 0 0

#Transform 80
Transform: AffineTransform_float_3_3
Parameters: 0.999999 -0.000824964 -0.00115546 0.000827037 0.999998 0.00176305 0.00115454 -0.00176395 0.999998 0.0483283 -0.0481678 0.0291306
FixedParameters: 0 0 0

#Transform 81
Transform: AffineTransform_float_3_3
Parameters: 0.999999 -0.000825167 -0.00115331 0.000826835 0.999999 0.00159005 0.00115269 -0.00159095 0.999998 0.0483368 -0.0377324 0.00519991
FixedParameters: 0 0 0

#Transform 82
Transform: AffineTransform_float_3_3
Parameters: 0.999999 -0.0011016 -0.000946628 0.0011034 0.999999 0.00147696 0.00094537 -0.00147804 0.999998 0.0494989 -0.0334895 0.0129116
FixedParameters: 0 0 0

#Transform 83
Transform: AffineTransform_float_3_3
Parameters: 0.999998 -0.00110172 -0.00123315 0.00110328 0.999999 0.00104064 0.00123185 -0.00104236 0.999998 0.0529321 0.0609822 -0.060663
FixedParameters: 0 0 0

#Transform 84
Transform: AffineTransform_float_3_3
Parameters: 0.999998 -0.00110193 -0.00114004 0.00110307 0.999999 0.000941744 0.00113896 -0.000943256 0.999999 0.0517979 0.0426579 -0.0698173
FixedParameters: 0 0 0

#Transform 85
Transform: AffineTransform_float_3_3
Parameters: 0.999998 -0.000901784 -0.0013365 0.000903214 0.999998 0.00165779 0.0013345 -0.00165921 0.999997 0.0417094 -0.142194 0.0293718
FixedParameters: 0 0 0

#Transform 86
Transform: AffineTransform_float_3_3
Parameters: 0.999999 -0.00103631 -0.000900948 0.00103869 0.999997 0.00187807 0.00089905 -0.00187893 0.999998 0.0366827 -0.160586 0.0492234
FixedParameters: 0 0 0

#Transform 87
Transform: AffineTransform_float_3_3
Parameters: 0.999998 -0.00110107 -0.00120078 0.00110293 0.999998 0.00161068 0.00119922 -0.00161232 0.999998 0.0456644 -0.105711 0.0319068
FixedParameters: 0 0 0

#Transform 88
Transform: AffineTransform_float_3_3
Parameters: 0.999998 -0.00110144 -0.00128633 0.00110355 0.999998 0.00120858 0.00128567 -0.00121042 0.999999 0.0469957 -0.180388 0.0186667
FixedParameters: 0 0 0

#Transform 89
Transform: AffineTransform_float_3_3
Parameters: 0.999998 -0.00110141 -0.00126639 0.00110359 0.999998 0.0012566 0.00126561 -0.0012584 0.999999 0.0466409 -0.078411 -0.0128512
FixedParameters: 0 0 0

#Transform 90
Transform: AffineTransform_float_3_3
Parameters: 0.999999 -0.00110141 -0.0013553 0.00110359 0.999998 0.00117651 0.0013537 -0.00117749 0.999999 0.0478867 -0.0275537 -0.0284131
FixedParameters: 0 0 0

#Transform 91
Transform: AffineTransform_float_3_3
Parameters: 0.999998 -0.00103982 -0.00135491 0.00104118 0.999999 0.00087259 0.00135409 -0.000874409 0.999998 0.038157 0.133942 -0.077758
FixedParameters: 0 0 0

#Transform 92
Transform: AffineTransform_float_3_3
Parameters: 0.999998 -0.00110203 -0.00135479 0.00110297 0.999999 0.000713507 0.00135421 -0.000715493 0.999999 0.0503847 0.161578 -0.0816459
FixedParameters: 0 0 0

#Transform 93
Transform: AffineTransform_float_3_3
Parameters: 0.999998 -0.00110141 -0.00135529 0.00110359 0.999998 0.00117251 0.00135371 -0.00117349 0.999999 0.057564 0.0512482 -0.0274372
FixedParameters: 0 0 0

#Transform 94
Transform: AffineTransform_float_3_3
Parameters: 0.999999 -0.000651521 -0.00159202 0.000653479 0.999998 0.00155696 0.00159098 -0.00155804 0.999997 0.0352392 -0.102512 0.00765135
FixedParameters: 0 0 0

#Transform 95
Transform: AffineTransform_float_3_3
Parameters: 0.999998 -0.000577237 -0.001602 0.000579763 0.999999 0.00172507 0.001601 -0.00172593 0.999997 0.0437162 -0.199034 0.0198194
FixedParameters: 0 0 0

#Transform 96
Transform: AffineTransform_float_3_3
Parameters: 0.999998 -0.000532288 -0.00181709 0.000535712 0.999998 0.00204303 0.00181591 -0.00204397 0.999997 0.0454952 -0.158285 0.0114685
FixedParameters: 0 0 0

#Transform 97
Transform: AffineTransform_float_3_3
Parameters: 0.999998 -0.000727806 -0.00181688 0.000730193 0.999999 0.00120668 0.00181612 -0.00120832 0.999997 0.0459337 0.0191163 -0.0561407
FixedParameters: 0 0 0

#Transform 98
Transform: AffineTransform_float_3_3
Parameters: 0.999998 -0.000610347 -0.00181656 0.000611653 1 0.000909891 0.00181544 -0.00091111 0.999998 0.0400595 0.0871341 -0.0790585
FixedParameters: 0 0 0

#Transform 99
Transform: AffineTransform_float_3_3
Parameters: 0.999998 -0.000608016 -0.00181667 0.000609985 0.999999 0.00109189 0.00181633 -0.00109311 0.999998 0.0399017 0.032797 -0.0362097
FixedParameters: 0 0 0

#Transform 100
Transform: AffineTransform_float_3_3
Parameters: 0.999998 -0.000499238 -0.00181676 0.000502762 0.999998 0.00152009 0.00181624 -0.00152091 0.999997 0.0373213 -0.128058 -0.0057942
FixedParameters: 0 0 0

#Transform 101
Transform: AffineTransform_float_3_3
Parameters: 0.999998 -0.000609238 -0.00181693 0.000612762 0.999998 0.00151989 0.00181607 -0.00152111 0.999997 0.0399918 -0.101912 -0.00393208
FixedParameters: 0 0 0

#Transform 102
Transform: AffineTransform_float_3_3
Parameters: 0.999998 -0.000752118 -0.0018172 0.000755882 0.999999 0.00158563 0.0018158 -0.00158737 0.999997 0.043461 -0.0805051 -0.00994493
FixedParameters: 0 0 0

#Transform 103
Transform: AffineTransform_float_3_3
Parameters: 0.999998 -0.00085877 -0.00183751 0.000862232 0.999998 0.00175842 0.00183649 -0.00175958 0.999997 0.0465977 -0.0663443 0.00598071
FixedParameters: 0 0 0

#Transform 104
Transform: AffineTransform_float_3_3
Parameters: 0.999998 -0.00101241 -0.00198983 0.00101659 0.999998 0.00180198 0.00198817 -0.00180402 0.999997 0.0544084 0.00256285 0.00863064
FixedParameters: 0 0 0

#Transform 105
Transform: AffineTransform_float_3_3
Parameters: 0.999998 -0.00084053 -0.00192552 0.00084347 0.999998 0.00180238 0.00192348 -0.00180362 0.999996 0.0484202 0.0297376 0.0174955
FixedParameters: 0 0 0

#Transform 106
Transform: AffineTransform_float_3_3
Parameters: 0.999997 -0.00101316 -0.00187653 0.00101584 0.999999 0.0015111 0.00187447 -0.0015129 0.999997 0.0512603 0.0804359 -0.00113745
FixedParameters: 0 0 0

#Transform 107
Transform: AffineTransform_float_3_3
Parameters: 0.999998 -0.00101398 -0.00169921 0.00101602 0.999999 0.00118928 0.00169779 -0.00119172 0.999998 0.060152 0.132356 -0.054738
FixedParameters: 0 0 0

#Transform 108
Transform: AffineTransform_float_3_3
Parameters: 0.999997 -0.00101347 -0.00193433 0.00101653 0.999998 0.00130704 0.00193267 -0.00130896 0.999998 0.0587672 0.0352643 -0.0423377
FixedParameters: 0 0 0

#Transform 109
Transform: AffineTransform_float_3_3
Parameters: 0.999998 -0.000951899 -0.00161224 0.000954101 0.999998 0.00130246 0.00161176 -0.00130454 0.999998 0.0431568 -0.153433 -0.0211244
FixedParameters: 0 0 0

#Transform 110
Transform: AffineTransform_float_3_3
Parameters: 0.999999 -0.000869063 -0.00156863 0.000871938 0.999998 0.00187264 0.00156737 -0.00187436 0.999997 0.0466213 -0.251492 0.0122286
FixedParameters: 0 0 0

#Transform 111
Transform: AffineTransform_float_3_3
Parameters: 0.999998 -0.000841676 -0.00177458 0.000845324 0.999998 0.0018725 0.00177342 -0.0018745 0.999996 0.0447393 -0.201471 0.010247
FixedParameters: 0 0 0

#Transform 112
Transform: AffineTransform_float_3_3
Parameters: 0.999998 -0.00107966 -0.00176044 0.00108234 0.999999 0.0013281 0.00175956 -0.0013299 0.999997 0.0499225 0.0276697 -0.030626
FixedParameters: 0 0 0

#Transform 113
Transform: AffineTransform_float_3_3
Parameters: 0.999998 -0.00101464 -0.00185075 0.00101636 0.999999 0.000736121 0.00184925 -0.000737878 0.999998 0.0567411 0.15343 -0.0684991
FixedParameters: 0 0 0

#Transform 114
Transform: AffineTransform_float_3_3
Parameters: 0.999997 -0.00101476 -0.00193565 0.00101624 1 0.000641035 0.00193535 -0.000642966 0.999998 0.0580336 0.171174 -0.0428526
FixedParameters: 0 0 0

#Transform 115
Transform: AffineTransform_float_3_3
Parameters: 0.999997 -0.00101401 -0.00188807 0.00101599 0.999999 0.00105508 0.00188693 -0.00105692 0.999997 0.0645472 -0.0394692 0.00456128
FixedParameters: 0 0 0

#Transform 116
Transform: AffineTransform_float_3_3
Parameters: 0.999997 -0.000878217 -0.00202721 0.000880782 0.999998 0.00137222 0.00202579 -0.00137378 0.999997 0.0571355 -0.137606 0.0265432
FixedParameters: 0 0 0

#Transform 117
Transform: AffineTransform_float_3_3
Parameters: 0.999998 -0.0010135 -0.00167951 0.0010165 0.999999 0.0014903 0.00167849 -0.00149171 0.999998 0.0490152 -0.135058 0.0232743
FixedParameters: 0 0 0

#Transform 118
Transform: AffineTransform_float_3_3
Parameters: 0.999998 -0.000897177 -0.00175545 0.000899825 0.999999 0.00160842 0.00175456 -0.00160958 0.999997 0.0503915 -0.125599 0.0124766
FixedParameters: 0 0 0

#Transform 119
Transform: AffineTransform_float_3_3
Parameters: 0.999997 -0.00101388 -0.00186615 0.00101612 0.999999 0.00113411 0.00186485 -0.00113589 0.999997 0.0510496 0.0830339 -0.0286003
FixedParameters: 0 0 0

#Transform 120
Transform: AffineTransform_float_3_3
Parameters: 0.999998 -0.000975226 -0.00187392 0.000976773 0.999999 0.000946172 0.00187208 -0.000947828 0.999998 0.0592316 0.160756 -0.0525609
FixedParameters: 0 0 0

#Transform 121
Transform: AffineTransform_float_3_3
Parameters: 0.999998 -0.000903724 -0.0018711 0.000905276 0.999999 0.00121631 0.0018699 -0.00121769 0.999997 0.0484515 0.0612607 0.00640121
FixedParameters: 0 0 0

#Transform 122
Transform: AffineTransform_float_3_3
Parameters: 0.999999 -0.000828314 -0.00161738 0.000831687 0.999999 0.00166166 0.00161562 -0.00166234 0.999998 0.0399736 -0.0906081 0.0163187
FixedParameters: 0 0 0

#Transform 123
Transform: AffineTransform_float_3_3
Parameters: 0.999997 -0.000838156 -0.0020206 0.000841844 0.999998 0.0019023 0.0020194 -0.0019037 0.999996 0.0566681 -0.136229 0.0167625
FixedParameters: 0 0 0

#Transform 124
Transform: AffineTransform_float_3_3
Parameters: 0.999998 -0.000942436 -0.00204518 0.000944564 0.999999 0.00125307 0.00204382 -0.00125493 0.999997 0.0540818 0.0684537 -0.0377603
FixedParameters: 0 0 0

#Transform 125
Transform: AffineTransform_float_3_3
Parameters: 0.999998 -0.000942853 -0.00187708 0.000945148 0.999999 0.00114323 0.00187692 -0.00114477 0.999997 0.0678781 0.0747462 -0.043238
FixedParameters: 0 0 0

#Transform 126
Transform: AffineTransform_float_3_3
Parameters: 0.999998 -0.00105398 -0.00202358 0.00105702 0.999999 0.00149287 0.00202142 -0.00149513 0.999997 0.0784522 -0.0563166 0.0266922
FixedParameters: 0 0 0

#Transform 127
Transform: AffineTransform_float_3_3
Parameters: 0.999998 -0.000941319 -0.00212763 0.000944682 0.999998 0.00173 0.00212637 -0.00173201 0.999996 0.0724158 -0.154737 0.0458478
FixedParameters: 0 0 0

#Transform 128
Transform: AffineTransform_float_3_3
Parameters: 0.999998 -0.000827864 -0.00213961 0.000832138 0.999998 0.00193322 0.0021384 -0.00193477 0.999996 0.0698943 -0.143975 0.0343376
FixedParameters: 0 0 0

#Transform 129
Transform: AffineTransform_float_3_3
Parameters: 0.999998 -0.000941749 -0.00189762 0.00094525 0.999998 0.00171321 0.00189538 -0.00171479 0.999996 0.0661889 -0.0780014 0.0168461
FixedParameters: 0 0 0

#Transform 130
Transform: AffineTransform_float_3_3
Parameters: 0.999998 -0.000941723 -0.00204151 0.000945277 0.999999 0.00160407 0.00204048 -0.00160693 0.999996 0.0701131 -0.00958477 0.00362808
FixedParameters: 0 0 0

#Transform 131
Transform: AffineTransform_float_3_3
Parameters: 0.999997 -0.000942886 -0.00198501 0.000945113 0.999999 0.00106413 0.00198399 -0.00106587 0.999998 0.0684145 0.168186 -0.0465086
FixedParameters: 0 0 0

#Transform 132
Transform: AffineTransform_float_3_3
Parameters: 0.999997 -0.000942659 -0.00198611 0.00094534 0.999999 0.00117813 0.00198489 -0.00117987 0.999998 0.0684246 0.0849931 -0.0153436
FixedParameters: 0 0 0

#Transform 133
Transform: AffineTransform_float_3_3
Parameters: 0.999998 -0.000942255 -0.00177646 0.000944745 0.999999 0.00154533 0.00177454 -0.00154668 0.999997 0.0630317 -0.052847 0.00381714
FixedParameters: 0 0 0

#Transform 134
Transform: AffineTransform_float_3_3
Parameters: 0.999998 -0.000941933 -0.00189153 0.000945066 0.999998 0.00162022 0.00189047 -0.00162278 0.999997 0.0619212 -0.115946 0.00643961
FixedParameters: 0 0 0

#Transform 135
Transform: AffineTransform_float_3_3
Parameters: 0.999998 -0.000723038 -0.00211736 0.000726963 0.999998 0.00187147 0.00211564 -0.00187253 0.999996 0.0585145 -0.0956731 0.00453654
FixedParameters: 0 0 0

#Transform 136
Transform: AffineTransform_float_3_3
Parameters: 0.999998 -0.000877164 -0.0019113 0.000879836 0.999998 0.00148332 0.0019107 -0.00148468 0.999997 0.064792 -0.00596467 -0.0261018
FixedParameters: 0 0 0

#Transform 137
Transform: AffineTransform_float_3_3
Parameters: 0.999997 -0.000776658 -0.0020269 0.000778341 0.999999 0.00115443 0.0020261 -0.00115658 0.999998 0.0658444 0.0475085 -0.0531146
FixedParameters: 0 0 0

#Transform 138
Transform: AffineTransform_float_3_3
Parameters: 0.999998 -0.000942386 -0.0020592 0.000944612 0.999998 0.00126806 0.0020578 -0.00127094 0.999997 0.0694844 0.0150672 -0.0306461
FixedParameters: 0 0 0

#Transform 139
Transform: AffineTransform_float_3_3
Parameters: 0.999997 -0.000581439 -0.00212698 0.000584561 0.999999 0.00167376 0.00212602 -0.00167524 0.999997 0.0624493 -0.111594 -0.000390079
FixedParameters: 0 0 0

#Transform 140
Transform: AffineTransform_float_3_3
Parameters: 0.999998 -0.000619463 -0.00222799 0.000622536 0.999998 0.00158662 0.00222702 -0.00158838 0.999997 0.0661364 -0.091863 -0.00311879
FixedParameters: 0 0 0

#Transform 141
Transform: AffineTransform_float_3_3
Parameters: 0.999998 -0.000792689 -0.00208726 0.000796311 0.999998 0.00158634 0.00208574 -0.00158766 0.999996 0.0666674 -0.090588 -0.00640201
FixedParameters: 0 0 0

#Transform 142
Transform: AffineTransform_float_3_3
Parameters: 0.999997 -0.000792198 -0.00222836 0.000795803 0.999998 0.00170623 0.00222665 -0.00170777 0.999996 0.0703497 -0.0396102 -0.0103765
FixedParameters: 0 0 0

#Transform 143
Transform: AffineTransform_float_3_3
Parameters: 0.999997 -0.000792541 -0.00199937 0.000795459 0.999998 0.00172941 0.00199862 -0.00173159 0.999996 0.0641909 -0.0276045 -0.00230476
FixedParameters: 0 0 0

#Transform 144
Transform: AffineTransform_float_3_3
Parameters: 0.999997 -0.000792241 -0.00201548 0.000795761 0.999998 0.0018654 0.00201452 -0.0018666 0.999996 0.0646144 -0.0351111 0.00276366
FixedParameters: 0 0 0

#Transform 145
Transform: AffineTransform_float_3_3
Parameters: 0.999997 -0.000792465 -0.00222826 0.000795536 0.999999 0.00158623 0.00222674 -0.00158777 0.999997 0.0745533 0.0761069 -0.0223913
FixedParameters: 0 0 0

#Transform 146
Transform: AffineTransform_float_3_3
Parameters: 0.999997 -0.0007411 -0.00222797 0.000743901 0.999999 0.00130135 0.00222703 -0.00130265 0.999996 0.0690273 0.117886 -0.0670152
FixedParameters: 0 0 0

#Transform 147
Transform: AffineTransform_float_3_3
Parameters: 0.999997 -0.000973347 -0.00222816 0.000976653 0.999999 0.00118983 0.00222684 -0.00119217 0.999997 0.0746724 0.0733798 -0.0553551
FixedParameters: 0 0 0

#Transform 148
Transform: AffineTransform_float_3_3
Parameters: 0.999997 -0.000723179 -0.00207498 0.000725819 0.999999 0.0013585 0.00207401 -0.0013605 0.999997 0.0644828 -0.117029 -0.00338654
FixedParameters: 0 0 0

#Transform 149
Transform: AffineTransform_float_3_3
Parameters: 0.999997 -0.000722633 -0.00201121 0.000726368 0.999999 0.00167354 0.00201078 -0.00167546 0.999996 0.062859 -0.200823 0.0129157
FixedParameters: 0 0 0

#Transform 150
Transform: AffineTransform_float_3_3
Parameters: 0.999998 -0.000653633 -0.00222799 0.000657369 0.999998 0.00151154 0.00222701 -0.00151246 0.999997 0.0669522 -0.137099 -0.00457968
FixedParameters: 0 0 0

#Transform 151
Transform: AffineTransform_float_3_3
Parameters: 0.999997 -0.000723357 -0.00208492 0.000726643 0.999999 0.00126749 0.00208408 -0.00126851 0.999997 0.0647711 0.025053 -0.0480823
FixedParameters: 0 0 0

#Transform 152
Transform: AffineTransform_float_3_3
Parameters: 0.999998 -0.000723263 -0.00222789 0.000725736 0.999999 0.00122739 0.00222711 -0.00122961 0.999997 0.0685338 0.0432895 -0.0153119
FixedParameters: 0 0 0

#Transform 153
Transform: AffineTransform_float_3_3
Parameters: 0.999998 -0.000776856 -0.00192527 0.000779145 0.999999 0.0016335 0.00192373 -0.0016345 0.999997 0.0617892 -0.0566906 0.0297934
FixedParameters: 0 0 0

#Transform 154
Transform: AffineTransform_float_3_3
Parameters: 0.999998 -0.000722917 -0.00188818 0.000726085 0.999999 0.00163363 0.00188682 -0.00163437 0.999997 0.0594827 -0.0569202 0.0253065
FixedParameters: 0 0 0

#Transform 155
Transform: AffineTransform_float_3_3
Parameters: 0.999997 -0.000722964 -0.00201509 0.000726036 0.999998 0.00150654 0.00201391 -0.00150746 0.999997 0.0627684 0.0200041 0.0129944
FixedParameters: 0 0 0

#Transform 156
Transform: AffineTransform_float_3_3
Parameters: 0.999998 -0.000723637 -0.00222777 0.000726364 0.999999 0.00106038 0.00222723 -0.00106161 0.999997 0.0685078 0.115759 -0.0272369
FixedParameters: 0 0 0

#Transform 157
Transform: AffineTransform_float_3_3
Parameters: 0.999998 -0.00072376 -0.00222773 0.00072624 0.999999 0.00100439 0.00222727 -0.00100662 0.999997 0.0644236 0.117116 -0.0365854
FixedParameters: 0 0 0

#Transform 158
Transform: AffineTransform_float_3_3
Parameters: 0.999998 -0.000723056 -0.00222796 0.000725943 0.999999 0.00132039 0.00222704 -0.00132261 0.999996 0.0628584 -0.0430996 0.0139446
FixedParameters: 0 0 0

#Transform 159
Transform: AffineTransform_float_3_3
Parameters: 0.999998 -0.000497426 -0.0022278 0.000500574 0.999998 0.00160389 0.0022272 -0.00160511 0.999996 0.0598493 -0.159079 0.0293596
FixedParameters: 0 0 0

#Transform 160
Transform: AffineTransform_float_3_3
Parameters: 0.999998 -0.000439802 -0.00190574 0.000443199 0.999998 0.00167816 0.00190526 -0.00167884 0.999997 0.0496837 -0.168381 0.0212615
FixedParameters: 0 0 0

#Transform 161
Transform: AffineTransform_float_3_3
Parameters: 0.999998 -0.000419696 -0.00203268 0.000423304 0.999998 0.00162514 0.00203231 -0.00162586 0.999996 0.055964 -0.108937 0.0205085
FixedParameters: 0 0 0

#Transform 162
Transform: AffineTransform_float_3_3
Parameters: 0.999998 -0.000463469 -0.00203058 0.00046553 0.999999 0.00124606 0.00202942 -0.00124694 0.999997 0.0468979 0.0492492 -0.0230255
FixedParameters: 0 0 0

#Transform 163
Transform: AffineTransform_float_3_3
Parameters: 0.999998 -0.00051305 -0.00222745 0.00051495 0.999999 0.000874855 0.00222755 -0.000876145 0.999997 0.0634874 0.142062 -0.0564989
FixedParameters: 0 0 0

#Transform 164
Transform: AffineTransform_float_3_3
Parameters: 0.999998 -0.000434298 -0.00222753 0.000436704 0.999999 0.00121303 0.00222747 -0.00121397 0.999997 0.0614688 0.0777949 0.00472973
FixedParameters: 0 0 0

#Transform 165
Transform: AffineTransform_float_3_3
Parameters: 0.999998 -0.000576751 -0.00222785 0.000580249 0.999999 0.00145771 0.00222716 -0.00145929 0.999997 0.0649228 -0.0302777 0.0219759
FixedParameters: 0 0 0

#Transform 166
Transform: AffineTransform_float_3_3
Parameters: 0.999998 -0.000433235 -0.00222774 0.000436766 0.999999 0.00169003 0.00222727 -0.00169097 0.999996 0.0614747 -0.0836293 0.0306024
FixedParameters: 0 0 0

#Transform 167
Transform: AffineTransform_float_3_3
Parameters: 0.999998 -0.000683087 -0.0022282 0.000686912 0.999998 0.00175547 0.0022268 -0.00175753 0.999996 0.067559 -0.0445857 0.032133
FixedParameters: 0 0 0

#Transform 168
Transform: AffineTransform_float_3_3
Parameters: 0.999998 -0.000630971 -0.00222815 0.00063503 0.999998 0.00180859 0.00222686 -0.00180941 0.999996 0.0662875 -0.0537541 0.0333514
FixedParameters: 0 0 0

#Transform 169
Transform: AffineTransform_float_3_3
Parameters: 0.999997 -0.000433309 -0.00210176 0.000436692 0.999999 0.00175609 0.00210124 -0.00175692 0.999996 0.0580146 -0.047753 0.0315729
FixedParameters: 0 0 0

#Transform 170
Transform: AffineTransform_float_3_3
Parameters: 0.999997 -0.000683039 -0.00213027 0.000686961 0.999998 0.00185954 0.00212873 -0.00186046 0.999996 0.0648365 -0.0307401 0.0341291
FixedParameters: 0 0 0

#Transform 171
Transform: AffineTransform_float_3_3
Parameters: 0.999998 -0.000634265 -0.00223706 0.000638735 0.999998 0.00166857 0.00223694 -0.00167042 0.999996 0.0665914 0.0755314 -0.0120145
FixedParameters: 0 0 0

#Transform 172
Transform: AffineTransform_float_3_3
Parameters: 0.999997 -0.000846459 -0.00204805 0.000848541 0.999999 0.00124027 0.00204695 -0.00124174 0.999997 0.0667414 0.107324 -0.0425174
FixedParameters: 0 0 0

#Transform 173
Transform: AffineTransform_float_3_3
Parameters: 0.999997 -0.000846252 -0.00202715 0.000848748 0.999998 0.00135528 0.00202585 -0.00135672 0.999997 0.0661651 -0.041035 0.00272033
FixedParameters: 0 0 0

#Transform 174
Transform: AffineTransform_float_3_3
Parameters: 0.999998 -0.000462323 -0.00217978 0.000465679 0.999999 0.00168699 0.00217922 -0.00168801 0.999996 0.0546059 -0.160329 0.0240403
FixedParameters: 0 0 0

#Transform 175
Transform: AffineTransform_float_3_3
Parameters: 0.999998 -0.000268125 -0.0020745 0.000271875 0.999998 0.00186744 0.0020745 -0.00186856 0.999996 0.0534136 -0.151589 0.025251
FixedParameters: 0 0 0

#Transform 176
Transform: AffineTransform_float_3_3
Parameters: 0.999998 -0.000478818 -0.00228788 0.000483181 0.999998 0.0018279 0.00228612 -0.0018291 0.999995 0.0568346 -0.107308 0.0250645
FixedParameters: 0 0 0

#Transform 177
Transform: AffineTransform_float_3_3
Parameters: 0.999997 -0.00051526 -0.00230162 0.000517742 0.999999 0.00119081 0.00230138 -0.00119119 0.999996 0.0540673 0.111678 -0.0349663
FixedParameters: 0 0 0

#Transform 178
Transform: AffineTransform_float_3_3
Parameters: 0.999997 -0.000620797 -0.00207766 0.000622203 0.999999 0.00105971 0.00207734 -0.00106129 0.999998 0.0523898 0.149334 -0.0309724
FixedParameters: 0 0 0

#Transform 179
Transform: AffineTransform_float_3_3
Parameters: 0.999997 -0.000532954 -0.00236969 0.000536047 0.999999 0.00128573 0.00236831 -0.00128627 0.999997 0.0631105 0.0518683 0.0179555
FixedParameters: 0 0 0

#Transform 180
Transform: AffineTransform_float_3_3
Parameters: 0.999997 -0.000649565 -0.00227698 0.000653436 0.999998 0.00150852 0.00227602 -0.00150948 0.999997 0.0651791 -0.0397921 0.0321901
FixedParameters: 0 0 0

#Transform 181
Transform: AffineTransform_float_3_3
Parameters: 0.999998 -0.000399232 -0.00219969 0.00040377 0.999999 0.00171312 0.00219931 -0.00171388 0.999996 0.0522554 -0.127426 0.0364077
FixedParameters: 0 0 0

#Transform 182
Transform: AffineTransform_float_3_3
Parameters: 0.999997 -0.000555212 -0.00248785 0.000558787 0.999998 0.00152161 0.00248715 -0.00152338 0.999995 0.0689112 -0.00471083 0.00852289
FixedParameters: 0 0 0

#Transform 183
Transform: AffineTransform_float_3_3
Parameters: 0.999998 -0.000746584 -0.00214284 0.000748418 0.999999 0.0011274 0.00214216 -0.0011286 0.999997 0.0601882 0.0708945 -0.0244987
FixedParameters: 0 0 0

#Transform 184
Transform: AffineTransform_float_3_3
Parameters: 0.999996 -0.000609826 -0.00249778 0.000613171 0.999999 0.00126947 0.00249622 -0.00127153 0.999996 0.0723169 0.0243172 0.0224218
FixedParameters: 0 0 0

#Transform 185
Transform: AffineTransform_float_3_3
Parameters: 0.999997 -0.000615109 -0.00232803 0.00061889 0.999999 0.00167056 0.00232697 -0.00167244 0.999996 0.058399 -0.101391 0.0502595
FixedParameters: 0 0 0

#Transform 186
Transform: AffineTransform_float_3_3
Parameters: 0.999997 -0.000615156 -0.00212811 0.000618843 0.999998 0.00180569 0.00212688 -0.00180731 0.999996 0.0450175 -0.137654 0.0455345
FixedParameters: 0 0 0

#Transform 187
Transform: AffineTransform_float_3_3
Parameters: 0.999998 -0.000561731 -0.00223708 0.000566268 0.999998 0.00190774 0.00223592 -0.00190926 0.999995 0.0465469 -0.0688145 0.0525337
FixedParameters: 0 0 0

#Transform 188
Transform: AffineTransform_float_3_3
Parameters: 0.999998 -0.000615713 -0.00215894 0.000618288 0.999998 0.00152267 0.00215806 -0.00152333 0.999996 0.0458771 0.0922071 0.0103966
FixedParameters: 0 0 0

#Transform 189
Transform: AffineTransform_float_3_3
