#Insight Transform File V1.0
#Transform 0
Transform: AffineTransform_float_3_3
Parameters: 1 0.000591339 -0.000249198 -0.000590661 0.999999 0.00135715 0.000249802 -0.00135685 0.999999 -0.00342499 0.0295026 0.0634743
FixedParameters: 0 0 0

#Transform 1
Transform: AffineTransform_float_3_3
Parameters: 1 0.000951408 0.000354595 -0.000951593 0.999998 0.00167566 -0.000352407 -0.00167534 0.999999 -0.0176468 0.0323683 0.0299101
FixedParameters: 0 0 0

#Transform 2
Transform: AffineTransform_float_3_3
Parameters: 1 0.000675999 1.00116e-06 -0.000676 0.999998 0.001481 1.157e-09 -0.001481 0.999999 -0.0228066 0.0270264 -0.00151408
FixedParameters: 0 0 0

#Transform 3
Transform: AffineTransform_float_3_3
Parameters: 1 8.239e-09 -0.000107 8.239e-09 1 7.7e-05 0.000107 -7.7e-05 1 0.0173671 0.0549649 -0.07406
FixedParameters: 0 0 0

#Transform 4
Transform: AffineTransform_float_3_3
Parameters: 1 0 0 0 1 -0.000353 0 0.000353 1 0.02558 0.0531416 -0.0971996
FixedParameters: 0 0 0

#Transform 5
Transform: AffineTransform_float_3_3
Parameters: 1 1.953e-08 -0.000315 1.953e-08 1 6.2e-05 0.000315 -6.2e-05 1 0.0235893 0.040618 -0.0551437
FixedParameters: 0 0 0

#Transform 6
Transform: AffineTransform_float_3_3
Parameters: 1 1.0087e-07 -7.69999e-05 1.0087e-07 0.999999 0.00131 7.69999e-05 -0.00131 0.999999 0.016906 -0.0250165 0.0316127
FixedParameters: 0 0 0

#Transform 7
Transform: AffineTransform_float_3_3
Parameters: 1 1.47472e-07 -0.000104 1.47472e-07 0.999999 0.001418 0.000104 -0.001418 0.999999 -0.0122111 -0.0101947 0.0239359
FixedParameters: 0 0 0

#Transform 8
Transform: AffineTransform_float_3_3
Parameters: 0.999999 0.000626058 0.000639922 -0.000626941 0.999998 0.0014726 -0.000639077 -0.0014734 0.999998 -0.0240315 0.0425463 -0.0208798
FixedParameters: 0 0 0

#Transform 9
Transform: AffineTransform_float_3_3
Parameters: 1 2.3851e-07 -0.00023 2.3851e-07 1 0.001037 0.00023 -0.001037 1 0.0155348 0.0307788 -0.0351544
FixedParameters: 0 0 0

#Transform 10
Transform: AffineTransform_float_3_3
Parameters: 1 -1.512e-08 -0.000108 -1.512e-08 1 -0.00014 0.000108 0.00014 1 0.0174839 0.0865932 -0.0758756
FixedParameters: 0 0 0

#Transform 11
Transform: AffineTransform_float_3_3
Parameters: 1 -1.809e-07 -0.0003 -1.809e-07 1 -0.000603 0.0003 0.000603 1 0.0352004 0.101678 -0.0910628
FixedParameters: 0 0 0

#Transform 12
Transform: AffineTransform_float_3_3
Parameters: 1 -1.50176e-07 -0.000247 -1.50176e-07 1 -0.000608 0.000247 0.000608 1 0.0286744 0.0812356 -0.0834922
FixedParameters: 0 0 0

#Transform 13
Transform: AffineTransform_float_3_3
Parameters: 1 1.70766e-07 -0.000159 1.70766e-07 1 0.001074 0.000159 -0.001074 1 0.0233417 -0.00969758 0.0195776
FixedParameters: 0 0 0

#Transform 14
Transform: AffineTransform_float_3_3
Parameters: 1 0.000421022 -6.58598e-05 -0.000420978 1 0.000333028 6.61402e-05 -0.000332972 1 -0.0259657 0.0337308 -0.0407445
FixedParameters: 0 0 0

#Transform 15
Transform: AffineTransform_float_3_3
Parameters: 1 0.000396983 0.000141048 -0.000397017 1 0.000121944 -0.000141952 -0.000122056 1 -0.0289537 -0.0444687 -0.0591622
FixedParameters: 0 0 0

#Transform 16
Transform: AffineTransform_float_3_3
Parameters: 0.999999 0.000799961 0.000115266 -0.000800038 0.999999 0.000332908 -0.000114734 -0.000333092 1 -0.0151958 -0.0383833 -0.065906
FixedParameters: 0 0 0

#Transform 17
Transform: AffineTransform_float_3_3
Parameters: 1 -3.3033e-08 -0.000273 -3.3033e-08 1 -0.000121 0.000273 0.000121 1 0.0253225 0.0544208 -0.085799
FixedParameters: 0 0 0

#Transform 18
Transform: AffineTransform_float_3_3
Parameters: 1 -0.000346152 -0.000272806 0.000346847 1 -0.000559094 0.000273194 0.000558905 1 0.0255312 0.036622 -0.0989051
FixedParameters: 0 0 0

#Transform 19
Transform: AffineTransform_float_3_3
Parameters: 1 -4.14e-08 -7.2e-05 -4.14e-08 1 -0.000575 7.2e-05 0.000575 1 0.0110101 0.0677511 -0.105609
FixedParameters: 0 0 0

#Transform 20
Transform: AffineTransform_float_3_3
Parameters: 1 -0.000403052 -0.000272923 0.000402948 1 -0.00019011 0.000273076 0.00018989 1 0.0122623 0.0198348 -0.0511363
FixedParameters: 0 0 0

#Transform 21
Transform: AffineTransform_float_3_3
Parameters: 1 0.000163983 0.000204014 -0.000164017 1 8.39665e-05 -0.000203986 -8.40334e-05 1 -0.0307808 -0.0455347 -0.0253479
FixedParameters: 0 0 0

#Transform 22
Transform: AffineTransform_float_3_3
Parameters: 1 0.000377979 0.00013206 -0.000378021 1 0.00015795 -0.00013194 -0.00015805 1 -0.0289339 0.025459 -0.0551763
FixedParameters: 0 0 0

#Transform 23
Transform: AffineTransform_float_3_3
Parameters: 0.999999 0.000453267 0.000728081 -0.000455733 0.999997 0.00238167 -0.000726916 -0.00238233 0.999997 -0.0235124 0.0848144 -0.0278741
FixedParameters: 0 0 0

#Transform 24
Transform: AffineTransform_float_3_3
Parameters: 0.999999 -0.000435513 0.00122725 0.000415492 0.999874 0.0158545 -0.00123374 -0.0158545 0.999874 -0.0916784 0.849993 0.967486
FixedParameters: 0 0 0

#Transform 25
Transform: AffineTransform_float_3_3
Parameters: 1 -0.00045336 0.000115074 0.000450642 0.999805 0.0197391 -0.000123919 -0.019739 0.999805 -0.0979265 0.984876 1.83364
FixedParameters: 0 0 0

#Transform 26
Transform: AffineTransform_float_3_3
Parameters: 1 0.000485615 0.000400134 -0.000493382 0.999825 0.0186668 -0.000390858 -0.0186672 0.999825 -0.120044 0.796513 1.51957
FixedParameters: 0 0 0

#Transform 27
Transform: AffineTransform_float_3_3
Parameters: 0.999998 0.00141251 -0.000791951 -0.00139649 0.999813 0.0192541 0.000819039 -0.0192529 0.999815 -0.165147 0.584897 1.35689
FixedParameters: 0 0 0

#Transform 28
Transform: AffineTransform_float_3_3
Parameters: 0.999998 0.00156247 0.000667203 -0.00157354 0.999869 0.016075 -0.000642787 -0.016076 0.99987 -0.0967259 0.376541 0.884065
FixedParameters: 0 0 0

#Transform 29
Transform: AffineTransform_float_3_3
Parameters: 1 0.000769461 0.000863596 -0.000778534 0.999938 0.0111013 -0.00085441 -0.0111017 0.999938 -0.0492365 0.176266 0.647704
FixedParameters: 0 0 0

#Transform 30
Transform: AffineTransform_float_3_3
Parameters: 0.999998 0.00140931 0.000854499 -0.0014177 0.999947 0.0102558 -0.000840505 -0.0102562 0.999947 -0.0751128 0.129999 0.510636
FixedParameters: 0 0 0

#Transform 31
Transform: AffineTransform_float_3_3
Parameters: 0.999998 0.00142484 0.000789062 -0.00143216 0.999957 0.00914388 -0.000775937 -0.00914412 0.999958 -0.079972 0.0937508 0.468106
FixedParameters: 0 0 0

#Transform 32
Transform: AffineTransform_float_3_3
Parameters: 0.999998 0.0014254 0.000712362 -0.00143261 0.999955 0.00935199 -0.000699632 -0.00935301 0.999956 -0.0843622 0.119226 0.450746
FixedParameters: 0 0 0

#Transform 33
Transform: AffineTransform_float_3_3
Parameters: 0.999998 0.00142464 0.000847494 -0.00143235 0.99996 0.0087468 -0.000834504 -0.0087472 0.999962 -0.0739663 0.145398 0.463194
FixedParameters: 0 0 0

#Transform 34
Transform: AffineTransform_float_3_3
Parameters: 0.999999 0.00122925 0.000889226 -0.00123776 0.99995 0.00990991 -0.000877776 -0.00991109 0.99995 -0.0715072 0.116101 0.494303
FixedParameters: 0 0 0

#Transform 35
Transform: AffineTransform_float_3_3
Parameters: 0.999998 0.00142407 0.000843532 -0.00143192 0.999954 0.0094758 -0.000829467 -0.00947719 0.999954 -0.0731731 0.127876 0.501324
FixedParameters: 0 0 0

#Transform 36
Transform: AffineTransform_float_3_3
Parameters: 0.999998 0.0014242 0.000779417 -0.0014328 0.999948 0.0100949 -0.000765574 -0.0100961 0.999948 -0.0757503 0.166335 0.486896
FixedParameters: 0 0 0

#Transform 37
Transform: AffineTransform_float_3_3
Parameters: 0.999998 0.00142369 0.000908167 -0.00143232 0.999956 0.00922071 -0.000895831 -0.00922128 0.999957 -0.077167 0.17963 0.464254
FixedParameters: 0 0 0

#Transform 38
Transform: AffineTransform_float_3_3
Parameters: 0.999998 0.00120395 0.00117641 -0.00121504 0.999955 0.00943458 -0.00116459 -0.00943541 0.999955 -0.0718653 0.196008 0.474301
FixedParameters: 0 0 0

#Transform 39
Transform: AffineTransform_float_3_3
Parameters: 0.999999 0.00142692 0.000546441 -0.00143207 0.999955 0.00940222 -0.000532558 -0.00940277 0.999955 -0.0993969 0.195179 0.421513
FixedParameters: 0 0 0

#Transform 40
Transform: AffineTransform_float_3_3
Parameters: 0.999998 0.00142589 0.000705479 -0.00143211 0.999961 0.008733 -0.000693519 -0.008734 0.999961 -0.106044 0.192376 0.441284
FixedParameters: 0 0 0

#Transform 41
Transform: AffineTransform_float_3_3
Parameters: 0.999998 0.00162087 0.000651451 -0.00162712 0.999954 0.00951395 -0.000635547 -0.00951504 0.999954 -0.117433 0.162871 0.325019
FixedParameters: 0 0 0

#Transform 42
Transform: AffineTransform_float_3_3
Parameters: 0.999998 0.0016029 0.000548155 -0.0016071 0.999954 0.00943914 -0.000532852 -0.00944087 0.999956 -0.107789 0.106099 0.480376
FixedParameters: 0 0 0

#Transform 43
Transform: AffineTransform_float_3_3
Parameters: 0.999998 0.00156886 0.000547934 -0.00157314 0.999953 0.00950314 -0.000533074 -0.00950384 0.999954 -0.106138 0.062654 0.476541
FixedParameters: 0 0 0

#Transform 44
Transform: AffineTransform_float_3_3
Parameters: 0.999998 0.00158295 0.000547827 -0.00158805 0.999955 0.00935114 -0.000533173 -0.00935186 0.999956 -0.114656 0.0698616 0.464257
FixedParameters: 0 0 0

#Transform 45
Transform: AffineTransform_float_3_3
Parameters: 0.999998 0.00160912 0.000547563 -0.00161388 0.999958 0.00903613 -0.000532438 -0.00903687 0.999959 -0.109359 0.0738022 0.457972
FixedParameters: 0 0 0

#Transform 46
Transform: AffineTransform_float_3_3
Parameters: 0.999999 0.0017571 0.000516946 -0.0017619 0.999952 0.0096301 -0.000500055 -0.00963089 0.999953 -0.116436 0.0994344 0.377312
FixedParameters: 0 0 0

#Transform 47
Transform: AffineTransform_float_3_3
Parameters: 0.999999 0.00174963 0.000494741 -0.00175337 0.999958 0.00898514 -0.000478264 -0.00898585 0.999959 -0.106796 0.141484 0.434479
FixedParameters: 0 0 0

#Transform 48
Transform: AffineTransform_float_3_3
Parameters: 0.999999 0.00164702 0.000573519 -0.00165199 0.99996 0.00880107 -0.000559482 -0.00880193 0.999961 -0.104854 0.179524 0.377607
FixedParameters: 0 0 0

#Transform 49
Transform: AffineTransform_float_3_3
Parameters: 0.999998 0.00182935 0.000778798 -0.00183565 0.999961 0.00861958 -0.000763203 -0.00862141 0.999962 -0.107181 0.179249 0.4088
FixedParameters: 0 0 0

#Transform 50
Transform: AffineTransform_float_3_3
Parameters: 0.999998 0.00164933 0.000523934 -0.00165367 0.999958 0.00904114 -0.000509069 -0.00904185 0.999959 -0.110709 0.137321 0.46937
FixedParameters: 0 0 0

#Transform 51
Transform: AffineTransform_float_3_3
Parameters: 0.999999 0.00169956 0.000523621 -0.00170443 0.999961 0.00859112 -0.000508375 -0.00859187 0.999963 -0.115586 0.114978 0.442107
FixedParameters: 0 0 0

#Transform 52
Transform: AffineTransform_float_3_3
Parameters: 0.999999 0.00173134 0.000524634 -0.00173566 0.999958 0.0090171 -0.00050837 -0.0090179 0.999959 -0.115142 0.0959606 0.438736
FixedParameters: 0 0 0

#Transform 53
Transform: AffineTransform_float_3_3
Parameters: 0.999998 0.00179351 0.00064255 -0.00179849 0.999961 0.00865586 -0.000626455 -0.00865714 0.999963 -0.122547 0.11044 0.427372
FixedParameters: 0 0 0

#Transform 54
Transform: AffineTransform_float_3_3
Parameters: 0.999999 0.00166597 0.000720127 -0.00167203 0.999963 0.00846381 -0.000705874 -0.00846419 0.999964 -0.112326 0.119853 0.403789
FixedParameters: 0 0 0

#Transform 55
Transform: AffineTransform_float_3_3
Parameters: 0.999998 0.0018429 0.000813286 -0.0018501 0.99996 0.00881951 -0.000796712 -0.00882149 0.999961 -0.113184 0.133767 0.356025
FixedParameters: 0 0 0

#Transform 56
Transform: AffineTransform_float_3_3
Parameters: 0.999999 0.00174065 0.000673998 -0.00174536 0.999966 0.00802884 -0.000660007 -0.00803016 0.999967 -0.108372 0.130828 0.391464
FixedParameters: 0 0 0

#Transform 57
Transform: AffineTransform_float_3_3
Parameters: 0.999999 0.0017342 0.000668248 -0.0017398 0.99996 0.00877685 -0.000652754 -0.00877815 0.999962 -0.118661 0.0926791 0.433662
FixedParameters: 0 0 0

#Transform 58
Transform: AffineTransform_float_3_3
Parameters: 0.999998 0.00181635 0.000668546 -0.00182165 0.999962 0.0085448 -0.000653457 -0.0085462 0.999964 -0.120233 0.0758312 0.444133
FixedParameters: 0 0 0

#Transform 59
Transform: AffineTransform_float_3_3
Parameters: 0.999998 0.00180015 0.000668953 -0.00180585 0.999959 0.00884681 -0.000653048 -0.00884819 0.99996 -0.122972 0.114066 0.438327
FixedParameters: 0 0 0

#Transform 60
Transform: AffineTransform_float_3_3
Parameters: 0.999998 0.00177918 0.000668689 -0.00178482 0.999959 0.00880282 -0.000653313 -0.00880418 0.999961 -0.128716 0.127585 0.428435
FixedParameters: 0 0 0

#Transform 61
Transform: AffineTransform_float_3_3
Parameters: 0.999998 0.00176923 0.000744848 -0.00177477 0.999968 0.00781369 -0.000731153 -0.00781531 0.999969 -0.111921 0.13479 0.376401
FixedParameters: 0 0 0

#Transform 62
Transform: AffineTransform_float_3_3
Parameters: 0.999998 0.00186968 0.000764639 -0.00187532 0.999964 0.00834959 -0.000748368 -0.00835042 0.999965 -0.116104 0.16251 0.286662
FixedParameters: 0 0 0

#Transform 63
Transform: AffineTransform_float_3_3
Parameters: 0.999998 0.00191173 0.000668262 -0.00191727 0.999967 0.00797174 -0.000652735 -0.00797327 0.999968 -0.125805 0.141862 0.380972
FixedParameters: 0 0 0

#Transform 64
Transform: AffineTransform_float_3_3
Parameters: 0.999998 0.00191221 0.000669754 -0.00191879 0.99996 0.00874773 -0.000653238 -0.00874926 0.999961 -0.123856 0.102756 0.422433
FixedParameters: 0 0 0

#Transform 65
Transform: AffineTransform_float_3_3
Parameters: 0.999998 0.00149038 0.00126245 -0.00149962 0.999969 0.00765712 -0.00125055 -0.00765887 0.99997 -0.081857 0.0683668 0.388887
FixedParameters: 0 0 0

#Transform 66
Transform: AffineTransform_float_3_3
Parameters: 0.999998 0.0016744 0.00127867 -0.0016846 0.99997 0.00754286 -0.00126633 -0.00754514 0.99997 -0.0982255 0.0538074 0.384318
FixedParameters: 0 0 0

#Transform 67
Transform: AffineTransform_float_3_3
Parameters: 0.999998 0.00181176 0.001075 -0.00182023 0.999968 0.00771006 -0.001061 -0.00771193 0.999969 -0.121687 0.0780083 0.384754
FixedParameters: 0 0 0

#Transform 68
Transform: AffineTransform_float_3_3
Parameters: 0.999998 0.00170623 0.00107344 -0.00171377 0.999972 0.00727618 -0.00106156 -0.00727783 0.999973 -0.115882 0.108313 0.36377
FixedParameters: 0 0 0

#Transform 69
Transform: AffineTransform_float_3_3
Parameters: 0.999998 0.00189683 0.000892401 -0.00190418 0.999966 0.00810332 -0.000877597 -0.00810468 0.999967 -0.119589 0.140554 0.279171
FixedParameters: 0 0 0

#Transform 70
Transform: AffineTransform_float_3_3
Parameters: 0.999998 0.00183855 0.000635026 -0.00184345 0.999974 0.00707584 -0.00062197 -0.00707716 0.999975 -0.11971 0.124084 0.373378
FixedParameters: 0 0 0

#Transform 71
Transform: AffineTransform_float_3_3
Parameters: 0.999998 0.00179417 0.000635794 -0.00179983 0.999969 0.00767687 -0.0006222 -0.00767813 0.999971 -0.120883 0.0894757 0.408138
FixedParameters: 0 0 0

#Transform 72
Transform: AffineTransform_float_3_3
Parameters: 0.999999 0.00171504 0.000635563 -0.00171997 0.999968 0.00789592 -0.000622438 -0.00789708 0.999968 -0.123792 0.0956909 0.412687
FixedParameters: 0 0 0

#Transform 73
Transform: AffineTransform_float_3_3
Parameters: 0.999999 0.00165781 0.000635708 -0.00166319 0.999964 0.00825495 -0.000622291 -0.00825604 0.999965 -0.118295 0.106486 0.403332
FixedParameters: 0 0 0

#Transform 74
Transform: AffineTransform_float_3_3
Parameters: 0.999998 0.00188589 0.000703851 -0.00189111 0.999972 0.00733369 -0.000690148 -0.00733532 0.999973 -0.122116 0.124229 0.378023
FixedParameters: 0 0 0

#Transform 75
Transform: AffineTransform_float_3_3
Parameters: 0.999998 0.0019322 0.00078051 -0.0019388 0.99997 0.0074975 -0.000766484 -0.00749849 0.999971 -0.10849 0.124757 0.366784
FixedParameters: 0 0 0

#Transform 76
Transform: AffineTransform_float_3_3
Parameters: 0.999998 0.00187945 0.000734353 -0.00188454 0.999969 0.00762463 -0.00071965 -0.00762637 0.99997 -0.105551 0.146133 0.284223
FixedParameters: 0 0 0

#Transform 77
Transform: AffineTransform_float_3_3
Parameters: 0.999998 0.00183227 0.000635786 -0.00183673 0.99997 0.00751384 -0.000622215 -0.00751515 0.999971 -0.10454 0.08603 0.408471
FixedParameters: 0 0 0

#Transform 78
Transform: AffineTransform_float_3_3
Parameters: 0.999998 0.00184628 0.000635879 -0.00185072 0.99997 0.00750684 -0.000622123 -0.00750816 0.999971 -0.112253 0.0666296 0.393846
FixedParameters: 0 0 0

#Transform 79
Transform: AffineTransform_float_3_3
Parameters: 0.999998 0.0018877 0.000705356 -0.00189331 0.99997 0.00759368 -0.000691641 -0.00759532 0.999971 -0.115297 0.0766372 0.382612
FixedParameters: 0 0 0

#Transform 80
Transform: AffineTransform_float_3_3
Parameters: 0.999998 0.00179129 0.000742929 -0.00179671 0.999969 0.00776268 -0.000729073 -0.00776432 0.999969 -0.106677 0.102387 0.387142
FixedParameters: 0 0 0

#Transform 81
Transform: AffineTransform_float_3_3
Parameters: 0.999998 0.00194762 0.000635573 -0.00195138 0.999974 0.00696077 -0.000622432 -0.00696122 0.999975 -0.114793 0.110592 0.353428
FixedParameters: 0 0 0

#Transform 82
Transform: AffineTransform_float_3_3
Parameters: 0.999998 0.00189596 0.000711581 -0.00190004 0.999972 0.00715266 -0.000697426 -0.00715434 0.999974 -0.105085 0.126057 0.35087
FixedParameters: 0 0 0

#Transform 83
Transform: AffineTransform_float_3_3
Parameters: 0.999998 0.00207394 0.000917127 -0.00208106 0.999967 0.00776111 -0.000900875 -0.00776289 0.99997 -0.112365 0.157244 0.257752
FixedParameters: 0 0 0

#Transform 84
Transform: AffineTransform_float_3_3
Parameters: 0.999997 0.00213875 0.000598413 -0.00214325 0.999972 0.00719873 -0.000582584 -0.00720026 0.999974 -0.115487 0.100522 0.391496
FixedParameters: 0 0 0

#Transform 85
Transform: AffineTransform_float_3_3
Parameters: 0.999998 0.00205296 0.000900221 -0.00206004 0.999967 0.00788617 -0.000883781 -0.00788784 0.999969 -0.117269 0.0816309 0.393722
FixedParameters: 0 0 0

#Transform 86
Transform: AffineTransform_float_3_3
Parameters: 0.999998 0.00203631 0.000899316 -0.00204269 0.999969 0.00750818 -0.000883686 -0.00750981 0.999971 -0.1171 0.0782388 0.382938
FixedParameters: 0 0 0

#Transform 87
Transform: AffineTransform_float_3_3
Parameters: 0.999998 0.00205063 0.00089869 -0.00205738 0.999973 0.00715117 -0.000884309 -0.00715283 0.999974 -0.115958 0.0827311 0.363412
FixedParameters: 0 0 0

#Transform 88
Transform: AffineTransform_float_3_3
Parameters: 0.999999 0.00168979 0.000785322 -0.00169421 0.999976 0.00668868 -0.000773686 -0.00668932 0.999978 -0.099711 0.10737 0.330832
FixedParameters: 0 0 0

#Transform 89
Transform: AffineTransform_float_3_3
Parameters: 0.999997 0.0020209 0.000897862 -0.0020271 0.999974 0.00684819 -0.000884137 -0.0068498 0.999976 -0.0892665 0.125486 0.336826
FixedParameters: 0 0 0

#Transform 90
Transform: AffineTransform_float_3_3
Parameters: 0.999997 0.00210315 0.000691918 -0.00210785 0.999972 0.00708455 -0.000677081 -0.00708644 0.999974 -0.107226 0.125989 0.288696
FixedParameters: 0 0 0

#Transform 91
Transform: AffineTransform_float_3_3
Parameters: 0.999997 0.0020566 0.00076959 -0.0020624 0.999973 0.00708443 -0.000754407 -0.00708556 0.999974 -0.109013 0.0685157 0.37268
FixedParameters: 0 0 0

#Transform 92
Transform: AffineTransform_float_3_3
Parameters: 0.999997 0.00235293 0.000707084 -0.00235807 0.999971 0.00725235 -0.000689913 -0.00725464 0.999973 -0.11779 0.0686159 0.352043
FixedParameters: 0 0 0

#Transform 93
Transform: AffineTransform_float_3_3
Parameters: 0.999997 0.00234063 0.000787162 -0.00234637 0.999974 0.00689618 -0.000770835 -0.00689783 0.999976 -0.118459 0.0750504 0.34348
FixedParameters: 0 0 0

#Transform 94
Transform: AffineTransform_float_3_3
Parameters: 0.999997 0.00208166 0.000785305 -0.00208735 0.999975 0.00686238 -0.000771693 -0.00686363 0.999976 -0.111253 0.091744 0.334124
FixedParameters: 0 0 0

#Transform 95
Transform: AffineTransform_float_3_3
Parameters: 0.999997 0.00220986 0.0007856 -0.00221514 0.999976 0.00659828 -0.0007714 -0.00659972 0.999978 -0.121612 0.128921 0.29426
FixedParameters: 0 0 0

#Transform 96
Transform: AffineTransform_float_3_3
Parameters: 0.999998 0.00185107 0.00078277 -0.00185594 0.999978 0.00634956 -0.000771229 -0.00635144 0.999979 -0.102375 0.130422 0.302605
FixedParameters: 0 0 0

#Transform 97
Transform: AffineTransform_float_3_3
Parameters: 0.999997 0.00201247 0.000782738 -0.00201653 0.999981 0.00582543 -0.000771265 -0.00582656 0.999982 -0.107117 0.10838 0.335311
FixedParameters: 0 0 0

#Transform 98
Transform: AffineTransform_float_3_3
Parameters: 0.999998 0.00196861 0.000784653 -0.00197339 0.999974 0.00692547 -0.000771349 -0.00692753 0.999975 -0.110037 0.0419062 0.368861
FixedParameters: 0 0 0

#Transform 99
Transform: AffineTransform_float_3_3
Parameters: 0.999997 0.00228771 0.000860896 -0.00229429 0.99997 0.00737405 -0.000844103 -0.00737596 0.999973 -0.118474 0.0764606 0.307619
FixedParameters: 0 0 0

#Transform 100
Transform: AffineTransform_float_3_3
Parameters: 0.999997 0.00196223 0.000978689 -0.00196877 0.999974 0.00696309 -0.000965313 -0.00696491 0.999976 -0.112612 0.0856618 0.340367
FixedParameters: 0 0 0

#Transform 101
Transform: AffineTransform_float_3_3
Parameters: 0.999998 0.00212409 0.000809664 -0.00212991 0.99997 0.00736329 -0.000794335 -0.0073657 0.999972 -0.117495 0.106756 0.321722
FixedParameters: 0 0 0

#Transform 102
Transform: AffineTransform_float_3_3
Parameters: 0.999998 0.00209132 0.000853076 -0.00209769 0.999975 0.00672023 -0.000838921 -0.00672177 0.999977 -0.108918 0.11843 0.322954
FixedParameters: 0 0 0

#Transform 103
Transform: AffineTransform_float_3_3
Parameters: 0.999998 0.00198631 0.00041607 -0.00198969 0.999977 0.00657519 -0.000402926 -0.00657582 0.999979 -0.0988448 0.143113 0.31263
FixedParameters: 0 0 0

#Transform 104
Transform: AffineTransform_float_3_3
Parameters: 0.999998 0.00208175 0.000859834 -0.00208625 0.999979 0.00615622 -0.000846169 -0.00615877 0.99998 -0.111433 0.126901 0.307585
FixedParameters: 0 0 0

#Transform 105
Transform: AffineTransform_float_3_3
Parameters: 0.999998 0.00209116 0.000884931 -0.00209684 0.999975 0.00665116 -0.00087107 -0.00665384 0.999978 -0.112281 0.0512665 0.345374
FixedParameters: 0 0 0

#Transform 106
Transform: AffineTransform_float_3_3
Parameters: 0.999997 0.00232208 0.000585781 -0.00232593 0.999974 0.00678966 -0.000570218 -0.00679134 0.999977 -0.120428 0.0680841 0.337956
FixedParameters: 0 0 0

#Transform 107
Transform: AffineTransform_float_3_3
Parameters: 0.999997 0.00214412 0.000584405 -0.00214788 0.999975 0.00671176 -0.000570595 -0.00671324 0.999978 -0.112436 0.0619972 0.339209
FixedParameters: 0 0 0

#Transform 108
Transform: AffineTransform_float_3_3
Parameters: 0.999997 0.00228054 0.000767422 -0.00228646 0.999972 0.00719127 -0.000750573 -0.00719374 0.999974 -0.12043 0.0708175 0.281346
FixedParameters: 0 0 0

#Transform 109
Transform: AffineTransform_float_3_3
Parameters: 0.999997 0.00206711 0.000634806 -0.00207089 0.999978 0.0061887 -0.000622195 -0.0061893 0.99998 -0.107101 0.091561 0.293429
FixedParameters: 0 0 0

#Transform 110
Transform: AffineTransform_float_3_3
Parameters: 0.999998 0.00221613 0.000584887 -0.00221988 0.999975 0.00671072 -0.000570114 -0.00671228 0.999978 -0.105418 0.123568 0.282287
FixedParameters: 0 0 0

#Transform 111
Transform: AffineTransform_float_3_3
Parameters: 0.999998 0.00218405 0.000657268 -0.00218795 0.999979 0.00606858 -0.000643734 -0.00606943 0.999982 -0.105053 0.106343 0.299459
FixedParameters: 0 0 0

#Transform 112
Transform: AffineTransform_float_3_3
Parameters: 0.999998 0.00217606 0.000584855 -0.00217994 0.999975 0.00681974 -0.000570147 -0.00682026 0.999976 -0.11151 0.0638879 0.347402
FixedParameters: 0 0 0

#Transform 113
Transform: AffineTransform_float_3_3
Parameters: 0.999997 0.00229689 0.00064288 -0.00230111 0.999977 0.00647154 -0.000628119 -0.00647346 0.999979 -0.123736 0.0828752 0.322263
FixedParameters: 0 0 0

#Transform 114
Transform: AffineTransform_float_3_3
Parameters: 0.999997 0.00228604 0.000887515 -0.00229196 0.999975 0.00677699 -0.000871485 -0.00677901 0.999976 -0.11478 0.0581811 0.331675
FixedParameters: 0 0 0

#Transform 115
Transform: AffineTransform_float_3_3
Parameters: 0.999996 0.00242801 0.000814077 -0.00243399 0.99997 0.00743505 -0.000795923 -0.00743696 0.999972 -0.122511 0.10564 0.231295
FixedParameters: 0 0 0

#Transform 116
Transform: AffineTransform_float_3_3
Parameters: 0.999997 0.00242966 0.000712956 -0.00243434 0.999978 0.00614928 -0.000698042 -0.00615072 0.999981 -0.109453 0.105166 0.289363
FixedParameters: 0 0 0

#Transform 117
Transform: AffineTransform_float_3_3
Parameters: 0.999996 0.00242915 0.000786139 -0.00243385 0.999977 0.00622511 -0.000771862 -0.0062269 0.999981 -0.109554 0.106124 0.257771
FixedParameters: 0 0 0

#Transform 118
Transform: AffineTransform_float_3_3
Parameters: 0.999996 0.00242933 0.000785578 -0.00243367 0.999979 0.00599411 -0.000771424 -0.00599589 0.999981 -0.112462 0.0782667 0.306386
FixedParameters: 0 0 0

#Transform 119
Transform: AffineTransform_float_3_3
Parameters: 0.999996 0.00242905 0.000786465 -0.00243396 0.999977 0.00635911 -0.000771536 -0.0063609 0.99998 -0.117322 0.0390106 0.319268
FixedParameters: 0 0 0

#Transform 120
Transform: AffineTransform_float_3_3
Parameters: 0.999997 0.00242939 0.000719743 -0.00243361 0.999976 0.00647327 -0.00070426 -0.00647473 0.999979 -0.123127 0.0538479 0.310859
FixedParameters: 0 0 0

#Transform 121
Transform: AffineTransform_float_3_3
Parameters: 0.999996 0.0024292 0.000785983 -0.0024338 0.999978 0.00616111 -0.000771017 -0.00616289 0.99998 -0.119632 0.0354606 0.309548
FixedParameters: 0 0 0

#Transform 122
Transform: AffineTransform_float_3_3
Parameters: 0.999996 0.00242778 0.000966769 -0.00243421 0.999976 0.00648567 -0.000950229 -0.00648833 0.999979 -0.120656 0.0977111 0.256887
FixedParameters: 0 0 0

#Transform 123
Transform: AffineTransform_float_3_3
Parameters: 0.999998 0.00207161 0.000847305 -0.00207639 0.999978 0.00641326 -0.0008337 -0.00641475 0.999979 -0.103511 0.215811 0.272939
FixedParameters: 0 0 0

#Transform 124
Transform: AffineTransform_float_3_3
Parameters: 0.999997 0.00206468 0.000792663 -0.00207132 0.999966 0.00805738 -0.000776335 -0.00805863 0.999967 -0.108513 0.263819 0.26929
FixedParameters: 0 0 0

#Transform 125
Transform: AffineTransform_float_3_3
Parameters: 0.999997 0.00224075 0.000793853 -0.00224725 0.999966 0.00795524 -0.000776144 -0.00795776 0.999968 -0.118199 0.0823967 0.366068
FixedParameters: 0 0 0

#Transform 126
Transform: AffineTransform_float_3_3
Parameters: 0.999996 0.0024427 0.000795606 -0.0024493 0.999965 0.00801507 -0.000776391 -0.00801692 0.999967 -0.126982 0.0180286 0.338879
FixedParameters: 0 0 0

#Transform 127
Transform: AffineTransform_float_3_3
Parameters: 0.999997 0.00236953 0.000850237 -0.00237647 0.999967 0.007685 -0.000832759 -0.007687 0.99997 -0.126855 0.00748042 0.324626
FixedParameters: 0 0 0

#Transform 128
Transform: AffineTransform_float_3_3
Parameters: 0.999997 0.00239211 0.000856632 -0.00239789 0.999973 0.00694297 -0.000840369 -0.00694504 0.999976 -0.114873 0.0508531 0.294595
FixedParameters: 0 0 0

#Transform 129
Transform: AffineTransform_float_3_3
Parameters: 0.999997 0.00237911 0.000790861 -0.00238389 0.999977 0.00623913 -0.00077614 -0.00624087 0.99998 -0.125989 0.118334 0.284498
FixedParameters: 0 0 0

#Transform 130
Transform: AffineTransform_float_3_3
Parameters: 0.999997 0.00241474 0.000644184 -0.00241826 0.999974 0.00669546 -0.000627822 -0.00669654 0.999978 -0.126554 0.0722826 0.335576
FixedParameters: 0 0 0

#Transform 131
Transform: AffineTransform_float_3_3
Parameters: 0.999997 0.00238385 0.000791662 -0.00238915 0.999975 0.00656213 -0.000776337 -0.00656387 0.999978 -0.133832 0.116113 0.332821
FixedParameters: 0 0 0

#Transform 132
Transform: AffineTransform_float_3_3
Parameters: 0.999997 0.00236652 0.000792545 -0.00237148 0.999973 0.00698214 -0.000776459 -0.00698386 0.999976 -0.13339 0.106972 0.344241
FixedParameters: 0 0 0

#Transform 133
Transform: AffineTransform_float_3_3
Parameters: 0.999997 0.0023999 0.000570504 -0.00240409 0.99997 0.00728665 -0.000552495 -0.00728835 0.999974 -0.135376 0.147695 0.274601
FixedParameters: 0 0 0

#Transform 134
Transform: AffineTransform_float_3_3
Parameters: 0.999997 0.00233918 0.000817916 -0.00234382 0.999979 0.0059421 -0.000804085 -0.0059439 0.999982 -0.124691 0.151874 0.293471
FixedParameters: 0 0 0

#Transform 135
Transform: AffineTransform_float_3_3
Parameters: 0.999997 0.00223567 0.000774573 -0.00224134 0.999974 0.00695629 -0.000759426 -0.00695772 0.999976 -0.12751 0.130131 0.257823
FixedParameters: 0 0 0

#Transform 136
Transform: AffineTransform_float_3_3
Parameters: 0.999997 0.00237064 0.000567218 -0.00237436 0.999979 0.00599267 -0.000552779 -0.00599433 0.999982 -0.121027 0.0582989 0.33496
FixedParameters: 0 0 0

#Transform 137
Transform: AffineTransform_float_3_3
Parameters: 0.999997 0.00257966 0.000689468 -0.00258335 0.999977 0.00637725 -0.000673538 -0.00637877 0.99998 -0.137654 -0.000692189 0.34087
FixedParameters: 0 0 0

#Transform 138
Transform: AffineTransform_float_3_3
Parameters: 0.999997 0.00244056 0.000688917 -0.00244444 0.999976 0.00651533 -0.000673086 -0.00651666 0.999978 -0.143473 0.0228865 0.31976
FixedParameters: 0 0 0

#Transform 139
Transform: AffineTransform_float_3_3
Parameters: 0.999997 0.00245278 0.000688216 -0.00245622 0.999978 0.00619733 -0.000673787 -0.00619967 0.999981 -0.137988 0.0216757 0.304185
FixedParameters: 0 0 0

#Transform 140
Transform: AffineTransform_float_3_3
Parameters: 0.999997 0.00262848 0.000690455 -0.00263253 0.999974 0.0066342 -0.000673546 -0.00663679 0.999978 -0.139679 0.0955025 0.284225
FixedParameters: 0 0 0

#Transform 141
Transform: AffineTransform_float_3_3
Parameters: 0.999997 0.00256631 0.000747288 -0.00257069 0.999976 0.0063401 -0.000730714 -0.00634189 0.999979 -0.129197 0.123714 0.305031
FixedParameters: 0 0 0

#Transform 142
Transform: AffineTransform_float_3_3
Parameters: 0.999997 0.00260291 0.000692414 -0.00260809 0.999969 0.00745022 -0.000673584 -0.00745278 0.999972 -0.13414 0.109448 0.249442
FixedParameters: 0 0 0

#Transform 143
Transform: AffineTransform_float_3_3
Parameters: 0.999997 0.00255807 0.000741231 -0.00256293 0.999974 0.00672813 -0.000723768 -0.00673088 0.999977 -0.133016 0.0879623 0.349048
FixedParameters: 0 0 0

#Transform 144
Transform: AffineTransform_float_3_3
Parameters: 0.999996 0.00272501 0.000692909 -0.00272998 0.999969 0.00729814 -0.000673092 -0.00729986 0.999973 -0.143674 0.0737891 0.314561
FixedParameters: 0 0 0

#Transform 145
Transform: AffineTransform_float_3_3
Parameters: 0.999996 0.00278259 0.000691023 -0.00278641 0.999975 0.0064711 -0.00067298 -0.0064729 0.999979 -0.13973 0.0687132 0.313547
FixedParameters: 0 0 0

#Transform 146
Transform: AffineTransform_float_3_3
Parameters: 0.999996 0.00270548 0.000690947 -0.00270952 0.999975 0.00662715 -0.000673056 -0.00662885 0.999978 -0.138849 0.0827215 0.315199
FixedParameters: 0 0 0

#Transform 147
Transform: AffineTransform_float_3_3
Parameters: 0.999996 0.00276915 0.000688662 -0.00277385 0.99998 0.00565111 -0.000673333 -0.00565289 0.999984 -0.139453 0.103512 0.285721
FixedParameters: 0 0 0

#Transform 148
Transform: AffineTransform_float_3_3
Parameters: 0.999997 0.00264249 0.000690482 -0.00264751 0.999974 0.00660919 -0.000673515 -0.0066108 0.999978 -0.138084 0.0777676 0.321284
FixedParameters: 0 0 0

#Transform 149
Transform: AffineTransform_float_3_3
Parameters: 0.999996 0.00272095 0.000627809 -0.00272505 0.999975 0.00653932 -0.000610192 -0.00654069 0.999979 -0.145767 0.0453233 0.322511
FixedParameters: 0 0 0

#Transform 150
Transform: AffineTransform_float_3_3
Parameters: 0.999996 0.00284499 0.00062262 -0.00284901 0.999974 0.00653925 -0.000604381 -0.00654075 0.999979 -0.140798 0.0307996 0.339133
FixedParameters: 0 0 0

#Transform 151
Transform: AffineTransform_float_3_3
Parameters: 0.999996 0.0027261 0.000522756 -0.0027299 0.999968 0.0076076 -0.000502244 -0.0076094 0.999971 -0.147012 0.0486568 0.256415
FixedParameters: 0 0 0

#Transform 152
Transform: AffineTransform_float_3_3
Parameters: 0.999995 0.00284446 0.000673472 -0.00284854 0.999972 0.00683911 -0.000654529 -0.00684189 0.999977 -0.140522 0.0655191 0.332301
FixedParameters: 0 0 0

#Transform 153
Transform: AffineTransform_float_3_3
Parameters: 0.999996 0.00284483 0.000605932 -0.00284817 0.999972 0.00700031 -0.000586075 -0.0070017 0.999976 -0.140808 0.0748686 0.306514
FixedParameters: 0 0 0

#Transform 154
Transform: AffineTransform_float_3_3
Parameters: 0.999996 0.00284537 0.00060336 -0.00284863 0.999978 0.00609631 -0.000586643 -0.0060977 0.999981 -0.140749 0.0982987 0.295005
FixedParameters: 0 0 0

#Transform 155
Transform: AffineTransform_float_3_3
Parameters: 0.999996 0.00284526 0.00060392 -0.00284875 0.999976 0.00629331 -0.000586082 -0.0062947 0.99998 -0.140694 0.117722 0.281078
FixedParameters: 0 0 0

#Transform 156
Transform: AffineTransform_float_3_3
Parameters: 0.999996 0.00284563 0.000602167 -0.00284837 0.99998 0.00567731 -0.000585836 -0.00567869 0.999983 -0.140722 0.103775 0.301791
FixedParameters: 0 0 0

#Transform 157
Transform: AffineTransform_float_3_3
Parameters: 0.999997 0.00266025 0.000602775 -0.00266375 0.999976 0.00630042 -0.000586225 -0.00630258 0.99998 -0.14166 0.0176209 0.322604
FixedParameters: 0 0 0

#Transform 158
Transform: AffineTransform_float_3_3
Parameters: 0.999995 0.00284503 0.000683717 -0.00284897 0.999978 0.00587107 -0.000667282 -0.00587292 0.999982 -0.15724 0.0273822 0.302891
FixedParameters: 0 0 0

#Transform 159
Transform: AffineTransform_float_3_3
Parameters: 0.999996 0.0028451 0.000604657 -0.0028489 0.999974 0.0065523 -0.000586344 -0.00655369 0.999979 -0.153709 0.015906 0.312011
FixedParameters: 0 0 0

#Transform 160
Transform: AffineTransform_float_3_3
Parameters: 0.999995 0.00289581 0.000631529 -0.00290019 0.999973 0.0067382 -0.00061147 -0.0067398 0.999977 -0.158963 0.0547921 0.243371
FixedParameters: 0 0 0

#Transform 161
Transform: AffineTransform_float_3_3
Parameters: 0.999996 0.00275028 0.000679261 -0.00275372 0.999981 0.00554415 -0.000663741 -0.00554585 0.999985 -0.143939 0.0860878 0.270889
FixedParameters: 0 0 0

#Transform 162
Transform: AffineTransform_float_3_3
Parameters: 0.999995 0.00284412 0.000752699 -0.00284889 0.999975 0.00656789 -0.000734301 -0.00657012 0.999978 -0.140122 0.109825 0.228786
FixedParameters: 0 0 0

#Transform 163
Transform: AffineTransform_float_3_3
Parameters: 0.999996 0.00284565 0.000551574 -0.00284835 0.999977 0.00617145 -0.000534428 -0.00617354 0.999981 -0.14455 0.0588732 0.337243
FixedParameters: 0 0 0

#Transform 164
Transform: AffineTransform_float_3_3
Parameters: 0.999995 0.0028449 0.000666714 -0.00284809 0.999976 0.00622113 -0.000648292 -0.00622287 0.999981 -0.15356 0.0424475 0.32598
FixedParameters: 0 0 0

#Transform 165
Transform: AffineTransform_float_3_3
Parameters: 0.999995 0.0028445 0.000724889 -0.00284849 0.999976 0.00628296 -0.000706114 -0.00628504 0.99998 -0.151682 0.0435092 0.320433
FixedParameters: 0 0 0

#Transform 166
Transform: AffineTransform_float_3_3
Parameters: 0.999996 0.00268248 0.000718092 -0.00268752 0.999976 0.0063651 -0.000700906 -0.00636691 0.99998 -0.138413 0.0590703 0.316174
FixedParameters: 0 0 0

#Transform 167
Transform: AffineTransform_float_3_3
Parameters: 0.999995 0.00284503 0.000666182 -0.00284897 0.999977 0.00603412 -0.000648818 -0.00603587 0.999981 -0.154106 0.0725081 0.293684
FixedParameters: 0 0 0

#Transform 168
Transform: AffineTransform_float_3_3
Parameters: 0.999995 0.00298017 0.000794343 -0.00298483 0.999976 0.00614865 -0.000776657 -0.00615134 0.999981 -0.14132 0.0878024 0.278575
FixedParameters: 0 0 0

#Transform 169
Transform: AffineTransform_float_3_3
Parameters: 0.999995 0.00305909 0.000961011 -0.00306491 0.999976 0.00620709 -0.00094199 -0.00620992 0.999981 -0.147295 0.111746 0.215925
FixedParameters: 0 0 0

#Transform 170
Transform: AffineTransform_float_3_3
Parameters: 0.999995 0.00299553 0.000754001 -0.00299948 0.999978 0.00600377 -0.000736001 -0.00600623 0.999981 -0.141819 0.0432056 0.31278
FixedParameters: 0 0 0

#Transform 171
Transform: AffineTransform_float_3_3
Parameters: 0.999994 0.00317937 0.00074992 -0.00318463 0.999976 0.00625965 -0.000730075 -0.00626236 0.99998 -0.162063 0.00890576 0.294878
FixedParameters: 0 0 0

#Transform 172
Transform: AffineTransform_float_3_3
Parameters: 0.999995 0.00305439 0.000749059 -0.00305861 0.999976 0.00623374 -0.000729944 -0.00623626 0.999981 -0.16388 0.0209986 0.307856
FixedParameters: 0 0 0

#Transform 173
Transform: AffineTransform_float_3_3
Parameters: 0.999994 0.00315775 0.000748169 -0.00316225 0.999979 0.00574867 -0.000729828 -0.00575134 0.999983 -0.166825 0.0246106 0.275894
FixedParameters: 0 0 0

#Transform 174
Transform: AffineTransform_float_3_3
Parameters: 0.999994 0.00317886 0.000855355 -0.00318414 0.999977 0.00608231 -0.000835645 -0.00608469 0.999981 -0.166473 0.0713543 0.268771
FixedParameters: 0 0 0

#Transform 175
Transform: AffineTransform_float_3_3
Parameters: 0.999995 0.00306966 0.000748025 -0.00307334 0.999978 0.00586673 -0.00072998 -0.00586827 0.999982 -0.158814 0.0921752 0.265932
FixedParameters: 0 0 0

#Transform 176
Transform: AffineTransform_float_3_3
Parameters: 0.999995 0.00313346 0.000669761 -0.00313754 0.999981 0.00534493 -0.000653236 -0.00534708 0.999986 -0.160047 0.0920484 0.256901
FixedParameters: 0 0 0

#Transform 177
Transform: AffineTransform_float_3_3
Parameters: 0.999995 0.00303409 0.000811583 -0.00303891 0.999976 0.00611856 -0.000792416 -0.00612143 0.999981 -0.155433 0.0433009 0.32558
FixedParameters: 0 0 0

#Transform 178
Transform: AffineTransform_float_3_3
Parameters: 0.999995 0.0032127 0.000801562 -0.0032183 0.999973 0.00670446 -0.000779438 -0.00670654 0.999977 -0.165984 0.0376616 0.268158
FixedParameters: 0 0 0

#Transform 179
Transform: AffineTransform_float_3_3
Parameters: 0.999994 0.00321307 0.000813707 -0.00321792 0.999976 0.00612741 -0.000793294 -0.00612958 0.999981 -0.17411 0.0415256 0.309267
FixedParameters: 0 0 0

#Transform 180
Transform: AffineTransform_float_3_3
Parameters: 0.999995 0.00321238 0.000929637 -0.00321862 0.999976 0.00610604 -0.00091036 -0.00610896 0.999981 -0.172776 0.0379104 0.276093
FixedParameters: 0 0 0

#Transform 181
Transform: AffineTransform_float_3_3
Parameters: 0.999995 0.00321269 0.000928577 -0.00321832 0.999978 0.00577604 -0.000910422 -0.00577896 0.999983 -0.161165 0.0452704 0.267093
FixedParameters: 0 0 0

#Transform 182
Transform: AffineTransform_float_3_3
Parameters: 0.999995 0.00321272 0.000928465 -0.00321828 0.999979 0.00574105 -0.000909535 -0.00574396 0.999983 -0.15678 0.0819443 0.272294
FixedParameters: 0 0 0

#Transform 183
Transform: AffineTransform_float_3_3
Parameters: 0.999995 0.00321308 0.000927231 -0.00321792 0.999981 0.00535705 -0.00090977 -0.00535996 0.999985 -0.164507 0.0558672 0.283123
FixedParameters: 0 0 0

#Transform 184
Transform: AffineTransform_float_3_3
Parameters: 0.999996 0.00288196 0.000749695 -0.00288504 0.999981 0.00544086 -0.000734311 -0.00544314 0.999985 -0.16227 -0.0173744 0.291687
FixedParameters: 0 0 0

#Transform 185
Transform: AffineTransform_float_3_3
Parameters: 0.999994 0.00321482 0.000562485 -0.00321818 0.999979 0.00574622 -0.000544514 -0.00574778 0.999984 -0.169899 0.0415587 0.272827
FixedParameters: 0 0 0

#Transform 186
Transform: AffineTransform_float_3_3
Parameters: 0.999995 0.00286446 0.000674214 -0.00286754 0.999982 0.00530709 -0.000658788 -0.00530891 0.999985 -0.159018 0.0197177 0.257731
FixedParameters: 0 0 0

#Transform 187
Transform: AffineTransform_float_3_3
Parameters: 0.999995 0.00299662 0.000763411 -0.00300138 0.999978 0.00580473 -0.000746586 -0.00580726 0.999983 -0.159525 0.0751118 0.158904
FixedParameters: 0 0 0

#Transform 188
Transform: AffineTransform_float_3_3
Parameters: 0.999994 0.0032153 0.000594794 -0.0032177 0.999985 0.00459811 -0.000580208 -0.00459989 0.99999 -0.151944 0.0665959 0.208194
FixedParameters: 0 0 0

#Transform 189
Transform: AffineTransform_float_3_3
Parameters: 0.999994 0.00321473 0.000618256 -0.00321827 0.999981 0.00536404 -0.000600743 -0.00536596 0.999986 -0.151372 0.05862 0.221541
FixedParameters: 0 0 0

