#Insight Transform File V1.0
#Transform 0
Transform: AffineTransform_float_3_3
Parameters: 0.999999 0.000971956 5.08329e-05 -0.000972043 0.999999 0.000856951 -5.01669e-05 -0.000857049 0.999999 -0.0110216 0.0333484 0.0853541
FixedParameters: 0 0 0

#Transform 1
Transform: AffineTransform_float_3_3
Parameters: 0.999999 0.000827679 0.000237122 -0.00082832 0.999998 0.0013558 -0.000235877 -0.0013562 0.999999 -0.0157441 0.0300134 0.0562754
FixedParameters: 0 0 0

#Transform 2
Transform: AffineTransform_float_3_3
Parameters: 0.999999 0.000828069 -6.51281e-05 -0.000827931 0.999999 0.00105305 6.58718e-05 -0.00105295 1 -0.0162062 0.029588 0.0245086
FixedParameters: 0 0 0

#Transform 3
Transform: AffineTransform_float_3_3
Parameters: 1 0.000635002 -3.89568e-05 -0.000634997 1 6.80247e-05 3.90432e-05 -6.79752e-05 1 -0.0143525 0.0510742 -0.0562198
FixedParameters: 0 0 0

#Transform 4
Transform: AffineTransform_float_3_3
Parameters: 1 0.000248904 -0.000558043 -0.000249096 1 -0.000171861 0.000557957 0.000172139 1 -0.018954 0.061528 -0.0624981
FixedParameters: 0 0 0

#Transform 5
Transform: AffineTransform_float_3_3
Parameters: 1 -0.000214219 -0.0005583 0.000215781 0.999999 0.00139988 0.000557698 -0.00140012 0.999999 -0.00591897 0.0482956 0.0219715
FixedParameters: 0 0 0

#Transform 6
Transform: AffineTransform_float_3_3
Parameters: 1 0.000424519 0.000439466 -0.000424481 1 0.00109581 -0.000438535 -0.00109619 1 -0.0045161 -0.0270452 0.0688747
FixedParameters: 0 0 0

#Transform 7
Transform: AffineTransform_float_3_3
Parameters: 0.999999 0.00067473 0.000233781 -0.00067427 0.999999 0.00115784 -0.000233219 -0.00115816 1 -0.00757455 0.000772951 0.0492374
FixedParameters: 0 0 0

#Transform 8
Transform: AffineTransform_float_3_3
Parameters: 1 0.000674712 0.000191018 -0.000674287 0.999998 0.00150887 -0.000189983 -0.00150913 0.999999 -0.04031 0.0441337 0.0230864
FixedParameters: 0 0 0

#Transform 9
Transform: AffineTransform_float_3_3
Parameters: 1 0.000312463 -0.000388628 -0.000312538 0.999999 0.00119112 0.000388373 -0.00119088 0.999999 -0.0354526 0.0444226 0.00845111
FixedParameters: 0 0 0

#Transform 10
Transform: AffineTransform_float_3_3
Parameters: 1 0.00023094 -0.000539026 -0.00023106 1 -0.000111875 0.000538974 0.000112124 1 -0.0295074 0.0848311 -0.0464347
FixedParameters: 0 0 0

#Transform 11
Transform: AffineTransform_float_3_3
Parameters: 1 -0.000238234 -0.000538897 0.000238766 1 -0.000433129 0.000539103 0.000433871 1 0.00643292 0.108844 -0.0668542
FixedParameters: 0 0 0

#Transform 12
Transform: AffineTransform_float_3_3
Parameters: 1 0.000568904 -9.45786e-05 -0.000568095 1 -0.00101695 9.34223e-05 0.00101705 1 -0.00243569 0.0516774 -0.07434
FixedParameters: 0 0 0

#Transform 13
Transform: AffineTransform_float_3_3
Parameters: 1 0.000458474 -0.000473541 -0.000457526 1 0.00100122 0.000473458 -0.00100078 1 -0.018167 0.00231853 0.0416904
FixedParameters: 0 0 0

#Transform 14
Transform: AffineTransform_float_3_3
Parameters: 0.999999 0.000437759 -0.000620465 -0.000436241 0.999999 0.00122327 0.000620534 -0.00122273 0.999999 -0.0318379 0.0297232 0.0145092
FixedParameters: 0 0 0

#Transform 15
Transform: AffineTransform_float_3_3
Parameters: 1 0.000496972 -8.7158e-05 -0.000497027 1 -0.000317957 8.68419e-05 0.000318043 1 -0.0385964 -0.0345879 -0.0416188
FixedParameters: 0 0 0

#Transform 16
Transform: AffineTransform_float_3_3
Parameters: 1 0.000564996 5.30452e-05 -0.000565004 1 7.997e-05 -5.29553e-05 -7.90299e-05 1 -0.0310014 -0.0206139 -0.0405508
FixedParameters: 0 0 0

#Transform 17
Transform: AffineTransform_float_3_3
Parameters: 1 0.000542968 -0.0001711 -0.000543031 1 -0.000184907 0.000170899 0.000185093 1 -0.0112409 0.0560188 -0.067879
FixedParameters: 0 0 0

#Transform 18
Transform: AffineTransform_float_3_3
Parameters: 1 -0.00022004 -0.000527983 0.00021996 1 -7.61161e-05 0.000528017 7.58838e-05 1 -0.00947671 0.0543959 -0.0801164
FixedParameters: 0 0 0

#Transform 19
Transform: AffineTransform_float_3_3
Parameters: 0.999999 0.000651311 0.000320368 -0.000650688 1 -0.000970209 -0.000321631 0.000969792 1 -0.0103547 0.0653276 -0.0898482
FixedParameters: 0 0 0

#Transform 20
Transform: AffineTransform_float_3_3
Parameters: 1 -0.00054868 -0.000376466 0.00054932 1 0.000849793 0.000376533 -0.000850207 0.999999 -0.00829366 0.0372692 0.00717773
FixedParameters: 0 0 0

#Transform 21
Transform: AffineTransform_float_3_3
Parameters: 0.999999 -0.000497558 0.000570514 0.000496442 1 0.000978284 -0.000570486 -0.000977717 1 -0.0195741 0.000224543 0.0206739
FixedParameters: 0 0 0

#Transform 22
Transform: AffineTransform_float_3_3
Parameters: 1 -0.000437368 0.000368564 0.000437632 1 0.000998162 -0.000369437 -0.000997839 1 -0.0274778 0.0526982 0.00992948
FixedParameters: 0 0 0

#Transform 23
Transform: AffineTransform_float_3_3
Parameters: 1 0.000341991 0.000451766 -0.000343008 0.999998 0.00223585 -0.000450234 -0.00223616 0.999998 -0.0142874 0.0965405 -0.00883689
FixedParameters: 0 0 0

#Transform 24
Transform: AffineTransform_float_3_3
Parameters: 1 -0.000596275 0.000135338 0.000594714 0.999868 0.0162331 -0.000145673 -0.0162329 0.999868 -0.117519 0.914748 1.08987
FixedParameters: 0 0 0

#Transform 25
Transform: AffineTransform_float_3_3
Parameters: 1 -0.000981661 0.000222342 0.000977347 0.999798 0.0200712 -0.000241665 -0.0200708 0.999798 -0.111616 1.03 1.82638
FixedParameters: 0 0 0

#Transform 26
Transform: AffineTransform_float_3_3
Parameters: 1 0.000287465 -0.000239745 -0.000282549 0.999831 0.0184211 0.000244246 -0.0184209 0.999831 -0.138865 0.804763 1.59615
FixedParameters: 0 0 0

#Transform 27
Transform: AffineTransform_float_3_3
Parameters: 0.999999 0.00124454 -0.000898184 -0.00122646 0.999813 0.0192711 0.000921805 -0.0192699 0.999814 -0.181222 0.584706 1.44549
FixedParameters: 0 0 0

#Transform 28
Transform: AffineTransform_float_3_3
Parameters: 0.999999 0.00125277 8.54867e-05 -0.00125324 0.999865 0.0163439 -6.55258e-05 -0.0163441 0.999867 -0.110651 0.385697 0.980266
FixedParameters: 0 0 0

#Transform 29
Transform: AffineTransform_float_3_3
Parameters: 1 0.000511136 0.000430838 -0.000515866 0.999936 0.0113668 -0.000425164 -0.0113672 0.999936 -0.0561252 0.193385 0.736679
FixedParameters: 0 0 0

#Transform 30
Transform: AffineTransform_float_3_3
Parameters: 1 0.000963938 0.000494005 -0.000969062 0.999946 0.0103515 -0.000483994 -0.0103525 0.999947 -0.0866684 0.132465 0.599803
FixedParameters: 0 0 0

#Transform 31
Transform: AffineTransform_float_3_3
Parameters: 1 0.0009638 0.000538418 -0.000969207 0.999952 0.00974449 -0.000529581 -0.00974452 0.999953 -0.0866996 0.119175 0.554886
FixedParameters: 0 0 0

#Transform 32
Transform: AffineTransform_float_3_3
Parameters: 0.999999 0.0009667 0.000233724 -0.000969302 0.999949 0.0100468 -0.000224272 -0.0100472 0.999949 -0.0930182 0.128192 0.590189
FixedParameters: 0 0 0

#Transform 33
Transform: AffineTransform_float_3_3
Parameters: 1 0.000964129 0.000534876 -0.000968873 0.999958 0.00918249 -0.000526125 -0.00918351 0.999957 -0.0854861 0.156486 0.551655
FixedParameters: 0 0 0

#Transform 34
Transform: AffineTransform_float_3_3
Parameters: 1 0.000966102 0.000297578 -0.000968903 0.99995 0.00989871 -0.000288423 -0.00989928 0.999951 -0.0912795 0.12696 0.614365
FixedParameters: 0 0 0

#Transform 35
Transform: AffineTransform_float_3_3
Parameters: 0.999999 0.000887338 0.000378697 -0.000890664 0.999952 0.00978067 -0.000370307 -0.00978033 0.999952 -0.0855548 0.150864 0.592913
FixedParameters: 0 0 0

#Transform 36
Transform: AffineTransform_float_3_3
Parameters: 1 0.00107238 0.000260035 -0.00107562 0.999946 0.0102767 -0.000248959 -0.0102773 0.999947 -0.0976997 0.185162 0.599062
FixedParameters: 0 0 0

#Transform 37
Transform: AffineTransform_float_3_3
Parameters: 1 0.000963928 0.00054802 -0.000969073 0.999956 0.00933248 -0.00053898 -0.00933253 0.999957 -0.0873866 0.195258 0.539413
FixedParameters: 0 0 0

#Transform 38
Transform: AffineTransform_float_3_3
Parameters: 1 0.000963684 0.000570085 -0.000969317 0.999956 0.00940045 -0.000560912 -0.00940155 0.999955 -0.0850394 0.218467 0.560432
FixedParameters: 0 0 0

#Transform 39
Transform: AffineTransform_float_3_3
Parameters: 1 0.000964677 0.000465077 -0.000969324 0.999956 0.00938756 -0.00045592 -0.00938845 0.999956 -0.103492 0.218427 0.555973
FixedParameters: 0 0 0

#Transform 40
Transform: AffineTransform_float_3_3
Parameters: 1 0.000964618 0.000494641 -0.000969386 0.999959 0.00893752 -0.000486356 -0.00893747 0.99996 -0.118577 0.217812 0.508537
FixedParameters: 0 0 0

#Transform 41
Transform: AffineTransform_float_3_3
Parameters: 0.999999 0.00127982 0.000480279 -0.00128417 0.999961 0.0087984 -0.00046872 -0.00879861 0.999961 -0.136971 0.187187 0.490713
FixedParameters: 0 0 0

#Transform 42
Transform: AffineTransform_float_3_3
Parameters: 0.999999 0.00134737 0.000368526 -0.00135062 0.999949 0.0100245 -0.000354479 -0.0100245 0.999949 -0.124671 0.129079 0.568768
FixedParameters: 0 0 0

#Transform 43
Transform: AffineTransform_float_3_3
Parameters: 0.999999 0.00117651 0.000360596 -0.0011805 0.999951 0.00984059 -0.000349401 -0.00984042 0.999952 -0.120058 0.0881649 0.57228
FixedParameters: 0 0 0

#Transform 44
Transform: AffineTransform_float_3_3
Parameters: 0.999999 0.0014118 0.000427125 -0.0014162 0.999949 0.00998941 -0.000412874 -0.00998959 0.99995 -0.129942 0.0985058 0.560002
FixedParameters: 0 0 0

#Transform 45
Transform: AffineTransform_float_3_3
Parameters: 0.999999 0.00121961 0.000362595 -0.00122338 0.999954 0.00949356 -0.000350401 -0.00949444 0.999955 -0.120566 0.109753 0.537098
FixedParameters: 0 0 0

#Transform 46
Transform: AffineTransform_float_3_3
Parameters: 0.999999 0.00141379 0.000240389 -0.00141622 0.999954 0.00946267 -0.00022761 -0.00946234 0.999955 -0.132336 0.125991 0.525312
FixedParameters: 0 0 0

#Transform 47
Transform: AffineTransform_float_3_3
Parameters: 0.999999 0.00145415 0.000201826 -0.00145585 0.999954 0.00950171 -0.000188175 -0.00950228 0.999955 -0.126732 0.166115 0.512081
FixedParameters: 0 0 0

#Transform 48
Transform: AffineTransform_float_3_3
Parameters: 0.999999 0.00139487 0.000360358 -0.00139814 0.99996 0.0088495 -0.00034864 -0.00885049 0.999961 -0.121959 0.192478 0.477613
FixedParameters: 0 0 0

#Transform 49
Transform: AffineTransform_float_3_3
Parameters: 0.999999 0.00137978 0.000370225 -0.00138222 0.99996 0.00884949 -0.000357781 -0.0088505 0.999961 -0.1217 0.203748 0.49486
FixedParameters: 0 0 0

#Transform 50
Transform: AffineTransform_float_3_3
Parameters: 0.999999 0.00137596 0.00031653 -0.00137904 0.999951 0.00982157 -0.000302469 -0.00982242 0.999951 -0.127519 0.161654 0.563994
FixedParameters: 0 0 0

#Transform 51
Transform: AffineTransform_float_3_3
Parameters: 0.999999 0.00144109 0.000327082 -0.00144391 0.999958 0.00906853 -0.000314919 -0.00906846 0.999959 -0.130539 0.145931 0.518981
FixedParameters: 0 0 0

#Transform 52
Transform: AffineTransform_float_3_3
Parameters: 0.999999 0.00142339 0.000500306 -0.00142761 0.999956 0.0093323 -0.000487698 -0.00933271 0.999957 -0.130453 0.12775 0.514065
FixedParameters: 0 0 0

#Transform 53
Transform: AffineTransform_float_3_3
Parameters: 0.999999 0.00147505 0.000327596 -0.00147796 0.999956 0.00920752 -0.000314404 -0.00920847 0.999957 -0.138549 0.134559 0.515299
FixedParameters: 0 0 0

#Transform 54
Transform: AffineTransform_float_3_3
Parameters: 0.999999 0.00137248 0.000299796 -0.00137453 0.999962 0.0085866 -0.000288207 -0.00858741 0.999963 -0.126983 0.138534 0.480592
FixedParameters: 0 0 0

#Transform 55
Transform: AffineTransform_float_3_3
Parameters: 0.999999 0.00141897 0.00045187 -0.00142304 0.999958 0.00905637 -0.000439129 -0.00905763 0.999959 -0.129644 0.172634 0.490275
FixedParameters: 0 0 0

#Transform 56
Transform: AffineTransform_float_3_3
Parameters: 0.999999 0.00147008 0.000495785 -0.00147392 0.999967 0.00800528 -0.000484216 -0.00800572 0.999968 -0.127265 0.154763 0.459557
FixedParameters: 0 0 0

#Transform 57
Transform: AffineTransform_float_3_3
Parameters: 0.999999 0.00128053 0.000644968 -0.00128547 0.999962 0.00854618 -0.000634037 -0.00854682 0.999964 -0.125016 0.111057 0.520321
FixedParameters: 0 0 0

#Transform 58
Transform: AffineTransform_float_3_3
Parameters: 0.999999 0.00136533 0.000646127 -0.00137067 0.99996 0.00886312 -0.000633874 -0.00886487 0.99996 -0.135851 0.111106 0.518916
FixedParameters: 0 0 0

#Transform 59
Transform: AffineTransform_float_3_3
Parameters: 0.999998 0.00152963 0.000476259 -0.00153336 0.999956 0.00930828 -0.000461745 -0.00930972 0.999956 -0.135462 0.129444 0.528971
FixedParameters: 0 0 0

#Transform 60
Transform: AffineTransform_float_3_3
Parameters: 0.999998 0.00159347 0.000495806 -0.00159753 0.999955 0.00927822 -0.000481198 -0.00927878 0.999957 -0.141467 0.148436 0.514961
FixedParameters: 0 0 0

#Transform 61
Transform: AffineTransform_float_3_3
Parameters: 0.999999 0.00145705 0.000506513 -0.00146095 0.999968 0.00789027 -0.000494488 -0.00789073 0.999968 -0.127048 0.169742 0.43488
FixedParameters: 0 0 0

#Transform 62
Transform: AffineTransform_float_3_3
Parameters: 0.999999 0.00162832 0.000740612 -0.00163467 0.999969 0.0077308 -0.000727385 -0.00773119 0.99997 -0.128724 0.182043 0.429537
FixedParameters: 0 0 0

#Transform 63
Transform: AffineTransform_float_3_3
Parameters: 0.999998 0.00163741 0.000353211 -0.00163959 0.999971 0.00745143 -0.000341792 -0.00745157 0.999972 -0.140956 0.150646 0.433325
FixedParameters: 0 0 0

#Transform 64
Transform: AffineTransform_float_3_3
Parameters: 0.999999 0.0014664 0.000379202 -0.0014696 0.999952 0.00967246 -0.000364801 -0.00967355 0.999953 -0.136087 0.126488 0.539433
FixedParameters: 0 0 0

#Transform 65
Transform: AffineTransform_float_3_3
Parameters: 0.999999 0.00122508 0.000859937 -0.00123192 0.999966 0.00808795 -0.000850063 -0.00808905 0.999967 -0.103473 0.092169 0.470646
FixedParameters: 0 0 0

#Transform 66
Transform: AffineTransform_float_3_3
Parameters: 0.999999 0.0013867 0.00116 -0.0013953 0.999973 0.0071874 -0.00115 -0.00718861 0.999974 -0.116279 0.0708401 0.426331
FixedParameters: 0 0 0

#Transform 67
Transform: AffineTransform_float_3_3
Parameters: 0.999998 0.0013883 0.000869785 -0.0013957 0.999969 0.00774979 -0.000859208 -0.0077512 0.999969 -0.133499 0.0925281 0.455514
FixedParameters: 0 0 0

#Transform 68
Transform: AffineTransform_float_3_3
Parameters: 0.999998 0.00138907 0.000868564 -0.00139494 0.999976 0.0068698 -0.000859436 -0.00687121 0.999976 -0.126471 0.125593 0.4026
FixedParameters: 0 0 0

#Transform 69
Transform: AffineTransform_float_3_3
Parameters: 0.999999 0.0016727 0.00072534 -0.0016783 0.999972 0.0073648 -0.000712658 -0.0073662 0.999972 -0.139909 0.146614 0.406988
FixedParameters: 0 0 0

#Transform 70
Transform: AffineTransform_float_3_3
Parameters: 0.999999 0.00139188 0.000446832 -0.00139511 0.999974 0.00705539 -0.000436166 -0.00705662 0.999975 -0.135793 0.135227 0.435795
FixedParameters: 0 0 0

#Transform 71
Transform: AffineTransform_float_3_3
Parameters: 0.999999 0.00139147 0.000448107 -0.00139553 0.999968 0.00797139 -0.000436888 -0.00797262 0.999968 -0.135173 0.112252 0.498162
FixedParameters: 0 0 0

#Transform 72
Transform: AffineTransform_float_3_3
Parameters: 0.999999 0.00138972 0.000638609 -0.00139527 0.999965 0.00833712 -0.000626389 -0.00833788 0.999965 -0.133818 0.115442 0.486488
FixedParameters: 0 0 0

#Transform 73
Transform: AffineTransform_float_3_3
Parameters: 0.999999 0.00139132 0.00044857 -0.00139567 0.999964 0.00830438 -0.000436425 -0.00830462 0.999966 -0.13512 0.119666 0.477527
FixedParameters: 0 0 0

#Transform 74
Transform: AffineTransform_float_3_3
Parameters: 0.999998 0.00162206 0.000546824 -0.00162593 0.999972 0.00728013 -0.000534177 -0.00728088 0.999974 -0.136662 0.136881 0.431543
FixedParameters: 0 0 0

#Transform 75
Transform: AffineTransform_float_3_3
Parameters: 0.999999 0.00158373 0.000807428 -0.00159027 0.999968 0.00783073 -0.00079457 -0.00783227 0.999969 -0.120029 0.151944 0.430358
FixedParameters: 0 0 0

#Transform 76
Transform: AffineTransform_float_3_3
Parameters: 0.999998 0.00158506 0.000447554 -0.00158794 0.999976 0.00665229 -0.000436446 -0.0066527 0.999978 -0.121553 0.159283 0.395677
FixedParameters: 0 0 0

#Transform 77
Transform: AffineTransform_float_3_3
Parameters: 0.999999 0.00139131 0.000448615 -0.00139569 0.999965 0.00833639 -0.00043638 -0.00833662 0.999965 -0.122135 0.108177 0.491676
FixedParameters: 0 0 0

#Transform 78
Transform: AffineTransform_float_3_3
Parameters: 0.999999 0.00139165 0.000447547 -0.00139534 0.999971 0.00756939 -0.000436449 -0.00757062 0.999971 -0.129252 0.0961471 0.468498
FixedParameters: 0 0 0

#Transform 79
Transform: AffineTransform_float_3_3
Parameters: 0.999998 0.00153283 0.000448006 -0.00153617 0.999973 0.00717232 -0.000436993 -0.00717268 0.999974 -0.128209 0.089439 0.43686
FixedParameters: 0 0 0

#Transform 80
Transform: AffineTransform_float_3_3
Parameters: 0.999999 0.00139138 0.000448388 -0.00139561 0.999965 0.00817338 -0.000436607 -0.00817462 0.999967 -0.124484 0.126429 0.465393
FixedParameters: 0 0 0

#Transform 81
Transform: AffineTransform_float_3_3
Parameters: 0.999998 0.00159092 0.000616616 -0.00159507 0.999976 0.00666402 -0.000605383 -0.00666497 0.999977 -0.125123 0.131958 0.407286
FixedParameters: 0 0 0

#Transform 82
Transform: AffineTransform_float_3_3
Parameters: 0.999998 0.00154721 0.000551741 -0.00155079 0.999975 0.00693315 -0.00054126 -0.00693384 0.999976 -0.116528 0.143597 0.401385
FixedParameters: 0 0 0

#Transform 83
Transform: AffineTransform_float_3_3
Parameters: 0.999998 0.00177075 0.000650672 -0.00177424 0.999977 0.00658286 -0.000638333 -0.00658414 0.999978 -0.126107 0.157212 0.380391
FixedParameters: 0 0 0

#Transform 84
Transform: AffineTransform_float_3_3
Parameters: 0.999999 0.00168292 0.00059173 -0.00168708 0.999975 0.00696101 -0.000580269 -0.00696199 0.999975 -0.122323 0.11343 0.441895
FixedParameters: 0 0 0

#Transform 85
Transform: AffineTransform_float_3_3
Parameters: 0.999999 0.00174324 0.000451779 -0.00174676 0.999962 0.00846822 -0.000436224 -0.00846877 0.999964 -0.135373 0.102259 0.49192
FixedParameters: 0 0 0

#Transform 86
Transform: AffineTransform_float_3_3
Parameters: 0.999999 0.0017176 0.000630119 -0.0017224 0.999973 0.00704592 -0.000617879 -0.00704707 0.999975 -0.135559 0.101348 0.424976
FixedParameters: 0 0 0

#Transform 87
Transform: AffineTransform_float_3_3
Parameters: 0.999999 0.00168183 0.000621408 -0.00168618 0.999975 0.00677396 -0.000610593 -0.00677403 0.999977 -0.129877 0.110944 0.421641
FixedParameters: 0 0 0

#Transform 88
Transform: AffineTransform_float_3_3
Parameters: 0.999998 0.00152667 0.000532649 -0.00153033 0.999979 0.00631319 -0.000523347 -0.00631481 0.99998 -0.111601 0.130329 0.379985
FixedParameters: 0 0 0

#Transform 89
Transform: AffineTransform_float_3_3
Parameters: 0.999998 0.00161153 0.00055418 -0.00161546 0.999979 0.00631011 -0.000543816 -0.00631088 0.99998 -0.107993 0.139658 0.374629
FixedParameters: 0 0 0

#Transform 90
Transform: AffineTransform_float_3_3
Parameters: 0.999998 0.00180005 0.000596052 -0.00180395 0.999976 0.00668694 -0.000583949 -0.00668807 0.999978 -0.129204 0.143464 0.393143
FixedParameters: 0 0 0

#Transform 91
Transform: AffineTransform_float_3_3
Parameters: 0.999999 0.00175115 0.000448293 -0.00175385 0.999977 0.00644322 -0.000436709 -0.00644377 0.999979 -0.121038 0.0851486 0.414368
FixedParameters: 0 0 0

#Transform 92
Transform: AffineTransform_float_3_3
Parameters: 0.999998 0.00181395 0.000587642 -0.00181804 0.999974 0.00696094 -0.000574357 -0.00696205 0.999975 -0.133453 0.0842342 0.420025
FixedParameters: 0 0 0

#Transform 93
Transform: AffineTransform_float_3_3
Parameters: 0.999999 0.00167362 0.000520993 -0.00167638 0.999977 0.00656114 -0.000510012 -0.00656187 0.999979 -0.130099 0.0952613 0.389396
FixedParameters: 0 0 0

#Transform 94
Transform: AffineTransform_float_3_3
Parameters: 0.999998 0.0017903 0.00060211 -0.0017937 0.999979 0.00619893 -0.000590891 -0.00620007 0.99998 -0.130079 0.106746 0.378045
FixedParameters: 0 0 0

#Transform 95
Transform: AffineTransform_float_3_3
Parameters: 0.999998 0.00178143 0.000585966 -0.00178457 0.99998 0.00614897 -0.000575037 -0.00615004 0.999981 -0.124612 0.138837 0.347565
FixedParameters: 0 0 0

#Transform 96
Transform: AffineTransform_float_3_3
Parameters: 0.999998 0.00154587 0.000551841 -0.00154913 0.999982 0.00571315 -0.000543156 -0.00571484 0.999983 -0.115714 0.138326 0.342773
FixedParameters: 0 0 0

#Transform 97
Transform: AffineTransform_float_3_3
Parameters: 0.999998 0.00165199 0.000529492 -0.00165401 0.999982 0.00574014 -0.000520514 -0.00574087 0.999984 -0.122004 0.117393 0.393172
FixedParameters: 0 0 0

#Transform 98
Transform: AffineTransform_float_3_3
Parameters: 0.999998 0.00150493 0.000617017 -0.00150907 0.999977 0.00664707 -0.000606982 -0.00664792 0.999977 -0.121878 0.0586844 0.409468
FixedParameters: 0 0 0

#Transform 99
Transform: AffineTransform_float_3_3
Parameters: 0.999999 0.00176717 0.000586675 -0.00177083 0.999976 0.00659897 -0.000574326 -0.00660002 0.999978 -0.132719 0.0799113 0.401838
FixedParameters: 0 0 0

#Transform 100
Transform: AffineTransform_float_3_3
Parameters: 0.999999 0.0017243 0.000581097 -0.0017287 0.999978 0.00642801 -0.000569899 -0.00642899 0.999979 -0.132356 0.0949902 0.386888
FixedParameters: 0 0 0

#Transform 101
Transform: AffineTransform_float_3_3
Parameters: 0.999997 0.00197688 0.000811576 -0.00198112 0.999978 0.00635241 -0.000799429 -0.0063546 0.99998 -0.135741 0.107615 0.379875
FixedParameters: 0 0 0

#Transform 102
Transform: AffineTransform_float_3_3
Parameters: 0.999998 0.00197858 0.000544566 -0.00198141 0.999978 0.00634493 -0.000531437 -0.00634606 0.999979 -0.124868 0.131765 0.376431
FixedParameters: 0 0 0

#Transform 103
Transform: AffineTransform_float_3_3
Parameters: 0.999999 0.00150727 0.000446339 -0.00150973 0.999979 0.00619033 -0.000436662 -0.00619066 0.99998 -0.119533 0.157816 0.360368
FixedParameters: 0 0 0

#Transform 104
Transform: AffineTransform_float_3_3
Parameters: 0.999999 0.00177011 0.000499356 -0.00177289 0.999982 0.00584513 -0.000488645 -0.00584588 0.999983 -0.13692 0.139105 0.356548
FixedParameters: 0 0 0

#Transform 105
Transform: AffineTransform_float_3_3
Parameters: 0.999999 0.00169256 0.000568362 -0.00169545 0.99998 0.00611505 -0.000558642 -0.00611596 0.999981 -0.128683 0.0650813 0.388076
FixedParameters: 0 0 0

#Transform 106
Transform: AffineTransform_float_3_3
Parameters: 0.999998 0.00194318 0.000449365 -0.00194582 0.999978 0.00635814 -0.000436636 -0.00635886 0.999979 -0.132939 0.0790692 0.397438
FixedParameters: 0 0 0

#Transform 107
Transform: AffineTransform_float_3_3
Parameters: 0.999999 0.00176877 0.000517192 -0.00177223 0.999978 0.00632109 -0.000505807 -0.0063219 0.99998 -0.126461 0.0797125 0.380365
FixedParameters: 0 0 0

#Transform 108
Transform: AffineTransform_float_3_3
Parameters: 0.999998 0.00196303 0.000698258 -0.00196697 0.999981 0.00572864 -0.000686741 -0.00573036 0.999984 -0.133912 0.0835629 0.366028
FixedParameters: 0 0 0

#Transform 109
Transform: AffineTransform_float_3_3
Parameters: 0.999999 0.00179936 0.000447737 -0.00180263 0.99998 0.0059622 -0.000436258 -0.00596379 0.999982 -0.123333 0.120286 0.348326
FixedParameters: 0 0 0

#Transform 110
Transform: AffineTransform_float_3_3
Parameters: 0.999998 0.00192302 0.000505467 -0.00192598 0.99998 0.00595804 -0.000494533 -0.00595896 0.999982 -0.118491 0.139232 0.347982
FixedParameters: 0 0 0

#Transform 111
Transform: AffineTransform_float_3_3
Parameters: 0.999999 0.00179 0.000521399 -0.001793 0.999981 0.00580407 -0.000511601 -0.00580492 0.999983 -0.116815 0.129506 0.346229
FixedParameters: 0 0 0

#Transform 112
Transform: AffineTransform_float_3_3
Parameters: 0.999998 0.00185615 0.000448949 -0.00185885 0.999977 0.00643218 -0.00043705 -0.00643382 0.999979 -0.128574 0.0691695 0.406223
FixedParameters: 0 0 0

#Transform 113
Transform: AffineTransform_float_3_3
Parameters: 0.999998 0.00189734 0.000448412 -0.00189966 0.99998 0.00601016 -0.00043659 -0.00601084 0.999982 -0.138393 0.10488 0.379589
FixedParameters: 0 0 0

#Transform 114
Transform: AffineTransform_float_3_3
Parameters: 0.999998 0.00195987 0.000676082 -0.00196413 0.999979 0.00615768 -0.000663918 -0.00615831 0.999981 -0.130236 0.076927 0.3693
FixedParameters: 0 0 0

#Transform 115
Transform: AffineTransform_float_3_3
Parameters: 0.999998 0.00195229 0.000448973 -0.00195472 0.99998 0.00612814 -0.000437029 -0.00612887 0.999981 -0.139834 0.112181 0.352644
FixedParameters: 0 0 0

#Transform 116
Transform: AffineTransform_float_3_3
Parameters: 0.999998 0.00182852 0.000447255 -0.00183148 0.999982 0.00560419 -0.000436743 -0.00560481 0.999984 -0.125191 0.13561 0.332337
FixedParameters: 0 0 0

#Transform 117
Transform: AffineTransform_float_3_3
Parameters: 0.999998 0.00190019 0.000523325 -0.00190381 0.999983 0.00542901 -0.000512671 -0.00542998 0.999985 -0.119108 0.125334 0.321809
FixedParameters: 0 0 0

#Transform 118
Transform: AffineTransform_float_3_3
Parameters: 0.999998 0.00188457 0.000447373 -0.00188643 0.999983 0.00550017 -0.00043663 -0.00550083 0.999985 -0.126999 0.10563 0.343302
FixedParameters: 0 0 0

#Transform 119
Transform: AffineTransform_float_3_3
Parameters: 0.999998 0.00192473 0.000572118 -0.00192727 0.999982 0.00577091 -0.000560888 -0.0057711 0.999983 -0.129541 0.0601626 0.367391
FixedParameters: 0 0 0

#Transform 120
Transform: AffineTransform_float_3_3
Parameters: 0.999998 0.00201433 0.000449137 -0.00201667 0.99998 0.0060211 -0.000436864 -0.00602189 0.999982 -0.136616 0.0751941 0.355733
FixedParameters: 0 0 0

#Transform 121
Transform: AffineTransform_float_3_3
Parameters: 0.999998 0.00194833 0.00044874 -0.00195166 0.99998 0.00602113 -0.000436256 -0.00602186 0.999982 -0.135592 0.0649278 0.361011
FixedParameters: 0 0 0

#Transform 122
Transform: AffineTransform_float_3_3
Parameters: 0.999998 0.00220915 0.000690436 -0.00221285 0.999981 0.00562349 -0.000677564 -0.00562551 0.999984 -0.139993 0.117526 0.338831
FixedParameters: 0 0 0

#Transform 123
Transform: AffineTransform_float_3_3
Parameters: 0.999998 0.00184671 0.000747678 -0.00185028 0.999981 0.00577463 -0.000736326 -0.00577637 0.999983 -0.1203 0.237696 0.305972
FixedParameters: 0 0 0

#Transform 124
Transform: AffineTransform_float_3_3
Parameters: 0.999998 0.00179759 0.000924577 -0.00180341 0.999974 0.00698335 -0.000911426 -0.00698565 0.999975 -0.130804 0.291686 0.342888
FixedParameters: 0 0 0

#Transform 125
Transform: AffineTransform_float_3_3
Parameters: 0.999998 0.00190267 0.000712405 -0.00190833 0.999969 0.00755965 -0.000697592 -0.00756134 0.999971 -0.136249 0.104663 0.402434
FixedParameters: 0 0 0

#Transform 126
Transform: AffineTransform_float_3_3
Parameters: 0.999997 0.00220647 0.000859945 -0.00221253 0.999968 0.00766712 -0.00084306 -0.00766888 0.99997 -0.148359 0.0237671 0.393045
FixedParameters: 0 0 0

#Transform 127
Transform: AffineTransform_float_3_3
Parameters: 0.999998 0.00220804 0.000692023 -0.00221296 0.999972 0.00724749 -0.000675977 -0.00724952 0.999974 -0.143054 0.0320353 0.373218
FixedParameters: 0 0 0

#Transform 128
Transform: AffineTransform_float_3_3
Parameters: 0.999998 0.00220864 0.000707752 -0.00221236 0.999978 0.00621945 -0.000693251 -0.00622155 0.999981 -0.133311 0.0703135 0.328303
FixedParameters: 0 0 0

#Transform 129
Transform: AffineTransform_float_3_3
Parameters: 0.999998 0.00220862 0.000749047 -0.00221239 0.99998 0.00590036 -0.000736956 -0.00590265 0.999983 -0.143954 0.139048 0.331279
FixedParameters: 0 0 0

#Transform 130
Transform: AffineTransform_float_3_3
Parameters: 0.999998 0.00195031 0.000607979 -0.00195369 0.99998 0.00613583 -0.000596022 -0.00613718 0.999981 -0.141101 0.0953233 0.379594
FixedParameters: 0 0 0

#Transform 131
Transform: AffineTransform_float_3_3
Parameters: 0.999998 0.00221023 0.000450804 -0.00221277 0.999978 0.00624102 -0.000436198 -0.00624198 0.999981 -0.156136 0.129813 0.37409
FixedParameters: 0 0 0

#Transform 132
Transform: AffineTransform_float_3_3
Parameters: 0.999997 0.00206826 0.000700176 -0.00207274 0.999975 0.00684557 -0.000685827 -0.00684644 0.999977 -0.147022 0.126389 0.387225
FixedParameters: 0 0 0

#Transform 133
Transform: AffineTransform_float_3_3
Parameters: 0.999998 0.00221015 0.000451187 -0.00221285 0.999977 0.00641402 -0.000436815 -0.00641498 0.99998 -0.160066 0.155506 0.375898
FixedParameters: 0 0 0

#Transform 134
Transform: AffineTransform_float_3_3
Parameters: 0.999998 0.00182455 0.000447124 -0.00182745 0.999983 0.0055442 -0.000436875 -0.00554481 0.999985 -0.138986 0.179732 0.330155
FixedParameters: 0 0 0

#Transform 135
Transform: AffineTransform_float_3_3
Parameters: 0.999998 0.00197638 0.000448693 -0.00197961 0.99998 0.00591212 -0.000436303 -0.00591287 0.999983 -0.140756 0.139995 0.340569
FixedParameters: 0 0 0

#Transform 136
Transform: AffineTransform_float_3_3
Parameters: 0.999998 0.00204548 0.000448663 -0.00204752 0.999981 0.00569809 -0.000436339 -0.0056989 0.999983 -0.14176 0.0807105 0.371052
FixedParameters: 0 0 0

#Transform 137
Transform: AffineTransform_float_3_3
Parameters: 0.999997 0.0021319 0.000518893 -0.00213409 0.999979 0.0060429 -0.000505111 -0.00604409 0.999981 -0.153005 0.0129879 0.389697
FixedParameters: 0 0 0

#Transform 138
Transform: AffineTransform_float_3_3
Parameters: 0.999998 0.00215417 0.000598968 -0.00215784 0.999976 0.00647772 -0.000585033 -0.00647927 0.999979 -0.159161 0.0366147 0.367319
FixedParameters: 0 0 0

#Transform 139
Transform: AffineTransform_float_3_3
Parameters: 0.999997 0.00212958 0.000448637 -0.00213141 0.999983 0.00546106 -0.000436366 -0.00546194 0.999985 -0.154145 0.0173607 0.345488
FixedParameters: 0 0 0

#Transform 140
Transform: AffineTransform_float_3_3
Parameters: 0.999997 0.0023802 0.00062271 -0.0023838 0.999978 0.00617453 -0.00060829 -0.00617647 0.99998 -0.152442 0.0981698 0.347804
FixedParameters: 0 0 0

#Transform 141
Transform: AffineTransform_float_3_3
Parameters: 0.999998 0.00221037 0.000450112 -0.00221263 0.99998 0.00592802 -0.00043689 -0.00592898 0.999983 -0.143451 0.138508 0.342925
FixedParameters: 0 0 0

#Transform 142
Transform: AffineTransform_float_3_3
Parameters: 0.999997 0.00221018 0.000451067 -0.00221282 0.999978 0.00636002 -0.000436934 -0.00636098 0.999979 -0.147114 0.11327 0.379011
FixedParameters: 0 0 0

#Transform 143
Transform: AffineTransform_float_3_3
Parameters: 0.999998 0.0022097 0.000524132 -0.00221231 0.999977 0.00638986 -0.000510873 -0.00639115 0.99998 -0.149658 0.10492 0.398703
FixedParameters: 0 0 0

#Transform 144
Transform: AffineTransform_float_3_3
Parameters: 0.999997 0.002402 0.000453182 -0.002405 0.999975 0.00673193 -0.000436818 -0.00673307 0.999977 -0.161665 0.0772729 0.391307
FixedParameters: 0 0 0

#Transform 145
Transform: AffineTransform_float_3_3
Parameters: 0.999997 0.00242934 0.000637138 -0.00243267 0.99998 0.00581447 -0.000623865 -0.00581553 0.999983 -0.16424 0.0758299 0.352239
FixedParameters: 0 0 0

#Transform 146
Transform: AffineTransform_float_3_3
Parameters: 0.999997 0.00236296 0.000651829 -0.00236704 0.999977 0.00626947 -0.000637169 -0.00627152 0.99998 -0.157863 0.100972 0.3604
FixedParameters: 0 0 0

#Transform 147
Transform: AffineTransform_float_3_3
Parameters: 0.999997 0.00242672 0.000613129 -0.00243028 0.999983 0.00540553 -0.000599869 -0.00540748 0.999985 -0.158167 0.129857 0.323725
FixedParameters: 0 0 0

#Transform 148
Transform: AffineTransform_float_3_3
Parameters: 0.999998 0.00219914 0.000451182 -0.00220186 0.999977 0.00644402 -0.000436819 -0.00644498 0.999979 -0.157537 0.094617 0.376747
FixedParameters: 0 0 0

#Transform 149
Transform: AffineTransform_float_3_3
Parameters: 0.999997 0.00236698 0.000504366 -0.00237001 0.999979 0.00606482 -0.000489634 -0.00606618 0.999982 -0.164162 0.0561915 0.403271
FixedParameters: 0 0 0

#Transform 150
Transform: AffineTransform_float_3_3
Parameters: 0.999998 0.00219908 0.000501978 -0.00220192 0.99998 0.00589691 -0.000489023 -0.00589809 0.999983 -0.159895 0.0347877 0.374688
FixedParameters: 0 0 0

#Transform 151
Transform: AffineTransform_float_3_3
Parameters: 0.999997 0.00238587 0.000472128 -0.00238914 0.999975 0.00675489 -0.000455871 -0.00675611 0.999977 -0.165904 0.0450693 0.395646
FixedParameters: 0 0 0

#Transform 152
Transform: AffineTransform_float_3_3
Parameters: 0.999996 0.00250024 0.00057753 -0.00250476 0.999975 0.00660558 -0.000561464 -0.00660743 0.999978 -0.163377 0.078082 0.381625
FixedParameters: 0 0 0

#Transform 153
Transform: AffineTransform_float_3_3
Parameters: 0.999997 0.0023699 0.000761074 -0.0023741 0.999974 0.00677421 -0.00074493 -0.00677679 0.999977 -0.15974 0.0904982 0.383684
FixedParameters: 0 0 0

#Transform 154
Transform: AffineTransform_float_3_3
Parameters: 0.999997 0.00242265 0.000759021 -0.00242635 0.999981 0.00578118 -0.000744983 -0.00578283 0.999983 -0.14567 0.115219 0.343524
FixedParameters: 0 0 0

#Transform 155
Transform: AffineTransform_float_3_3
Parameters: 0.999996 0.00247747 0.000644713 -0.00248153 0.999981 0.00553041 -0.000631282 -0.00553258 0.999984 -0.152084 0.140981 0.328808
FixedParameters: 0 0 0

#Transform 156
Transform: AffineTransform_float_3_3
Parameters: 0.999997 0.00238504 0.000542201 -0.00238797 0.999982 0.00553072 -0.000529798 -0.00553228 0.999984 -0.148892 0.121502 0.336919
FixedParameters: 0 0 0

#Transform 157
Transform: AffineTransform_float_3_3
Parameters: 0.999997 0.00228994 0.00052551 -0.00229206 0.99998 0.00589481 -0.000512496 -0.00589619 0.999983 -0.160465 0.0367943 0.382402
FixedParameters: 0 0 0

#Transform 158
Transform: AffineTransform_float_3_3
Parameters: 0.999997 0.00248186 0.000570844 -0.00248514 0.999982 0.0055736 -0.000557155 -0.0055754 0.999985 -0.168374 0.0358898 0.340334
FixedParameters: 0 0 0

#Transform 159
Transform: AffineTransform_float_3_3
Parameters: 0.999996 0.00253489 0.000527169 -0.00253811 0.999979 0.00597968 -0.000511829 -0.00598132 0.999982 -0.171534 0.0361412 0.345085
FixedParameters: 0 0 0

#Transform 160
Transform: AffineTransform_float_3_3
Parameters: 0.999996 0.00253501 0.000507169 -0.00253799 0.999979 0.00597973 -0.00049183 -0.00598127 0.999982 -0.167472 0.0529824 0.344435
FixedParameters: 0 0 0

#Transform 161
Transform: AffineTransform_float_3_3
Parameters: 0.999997 0.00241453 0.000681416 -0.00241847 0.999984 0.00513737 -0.000669583 -0.00513864 0.999987 -0.161949 0.0979201 0.294982
FixedParameters: 0 0 0

#Transform 162
Transform: AffineTransform_float_3_3
Parameters: 0.999996 0.00253412 0.000682585 -0.00253789 0.99998 0.00575029 -0.000668413 -0.00575272 0.999983 -0.164578 0.107183 0.316473
FixedParameters: 0 0 0

#Transform 163
Transform: AffineTransform_float_3_3
Parameters: 0.999997 0.00242903 0.000506441 -0.00243196 0.99998 0.00594079 -0.000491559 -0.00594222 0.999982 -0.163048 0.0681201 0.382851
FixedParameters: 0 0 0

#Transform 164
Transform: AffineTransform_float_3_3
Parameters: 0.999997 0.00244465 0.000593948 -0.00244835 0.999981 0.00570057 -0.00058005 -0.00570244 0.999984 -0.168123 0.0522192 0.380081
FixedParameters: 0 0 0

#Transform 165
Transform: AffineTransform_float_3_3
Parameters: 0.999996 0.00253454 0.000590076 -0.00253746 0.999979 0.00594352 -0.000574925 -0.00594548 0.999982 -0.166724 0.0541868 0.361363
FixedParameters: 0 0 0

#Transform 166
Transform: AffineTransform_float_3_3
Parameters: 0.999997 0.00236253 0.000614479 -0.00236546 0.999981 0.00570056 -0.000600522 -0.00570243 0.999983 -0.155973 0.0616207 0.360086
FixedParameters: 0 0 0

#Transform 167
Transform: AffineTransform_float_3_3
Parameters: 0.999996 0.00253445 0.000629459 -0.00253754 0.99998 0.00570042 -0.000614541 -0.00570257 0.999983 -0.167377 0.0788657 0.337633
FixedParameters: 0 0 0

#Transform 168
Transform: AffineTransform_float_3_3
Parameters: 0.999997 0.00253299 0.000875635 -0.00253801 0.99998 0.0057708 -0.000860365 -0.0057732 0.999983 -0.153672 0.0946692 0.324409
FixedParameters: 0 0 0

#Transform 169
Transform: AffineTransform_float_3_3
Parameters: 0.999996 0.00269869 0.000640107 -0.00270231 0.999982 0.00522329 -0.00062689 -0.00522571 0.999986 -0.164676 0.09218 0.318663
FixedParameters: 0 0 0

#Transform 170
Transform: AffineTransform_float_3_3
Parameters: 0.999996 0.00253526 0.000487462 -0.00253774 0.999981 0.00570078 -0.000473538 -0.00570222 0.999983 -0.165127 0.0517823 0.35647
FixedParameters: 0 0 0

#Transform 171
Transform: AffineTransform_float_3_3
Parameters: 0.999996 0.00282717 0.000679129 -0.00283082 0.999979 0.0057001 -0.000662873 -0.0057019 0.999984 -0.180933 0.0209037 0.374371
FixedParameters: 0 0 0

#Transform 172
Transform: AffineTransform_float_3_3
Parameters: 0.999996 0.00271879 0.000746512 -0.00272321 0.99998 0.00569999 -0.000731486 -0.00570201 0.999983 -0.180028 0.020893 0.347065
FixedParameters: 0 0 0

#Transform 173
Transform: AffineTransform_float_3_3
Parameters: 0.999996 0.00275222 0.000761787 -0.00275678 0.999983 0.00500492 -0.000748209 -0.00500708 0.999987 -0.18233 0.0264141 0.318013
FixedParameters: 0 0 0

#Transform 174
Transform: AffineTransform_float_3_3
Parameters: 0.999995 0.00287988 0.000735337 -0.00288412 0.99998 0.0056679 -0.000718664 -0.00566909 0.999983 -0.182898 0.0822524 0.311458
FixedParameters: 0 0 0

#Transform 175
Transform: AffineTransform_float_3_3
Parameters: 0.999996 0.00274574 0.000587449 -0.00274926 0.999981 0.00562241 -0.000571551 -0.00562359 0.999984 -0.173666 0.101914 0.312307
FixedParameters: 0 0 0

#Transform 176
Transform: AffineTransform_float_3_3
Parameters: 0.999995 0.00284261 0.000732285 -0.00284539 0.999985 0.00466994 -0.000718717 -0.00467206 0.999989 -0.173179 0.0922557 0.305475
FixedParameters: 0 0 0

#Transform 177
Transform: AffineTransform_float_3_3
Parameters: 0.999996 0.00271316 0.000506488 -0.00271584 0.99998 0.00570464 -0.000490515 -0.00570535 0.999983 -0.175286 0.049104 0.368683
FixedParameters: 0 0 0

#Transform 178
Transform: AffineTransform_float_3_3
Parameters: 0.999996 0.00277345 0.000621077 -0.00277655 0.99998 0.0057923 -0.000604926 -0.0057937 0.999983 -0.18565 0.0427399 0.36385
FixedParameters: 0 0 0

#Transform 179
Transform: AffineTransform_float_3_3
Parameters: 0.999996 0.00272947 0.000760442 -0.00273353 0.999978 0.00601794 -0.00074356 -0.00602005 0.999981 -0.182159 0.0456344 0.351241
FixedParameters: 0 0 0

#Transform 180
Transform: AffineTransform_float_3_3
Parameters: 0.999996 0.00272452 0.000672253 -0.00272848 0.999982 0.00522718 -0.000657745 -0.00522881 0.999986 -0.178171 0.0379951 0.317907
FixedParameters: 0 0 0

#Transform 181
Transform: AffineTransform_float_3_3
Parameters: 0.999996 0.0027363 0.000540873 -0.0027387 0.999984 0.00506654 -0.000526131 -0.00506746 0.999987 -0.177204 0.0622664 0.309363
FixedParameters: 0 0 0

#Transform 182
Transform: AffineTransform_float_3_3
Parameters: 0.999996 0.0027155 0.000639057 -0.0027195 0.999981 0.00554029 -0.000623942 -0.00554172 0.999985 -0.174232 0.0895241 0.322783
FixedParameters: 0 0 0

#Transform 183
Transform: AffineTransform_float_3_3
Parameters: 0.999996 0.00276212 0.000619003 -0.00276488 0.999985 0.00470431 -0.000605998 -0.00470569 0.999988 -0.183177 0.0534182 0.314396
FixedParameters: 0 0 0

#Transform 184
Transform: AffineTransform_float_3_3
Parameters: 0.999996 0.00253496 0.000585332 -0.00253804 0.999983 0.00525553 -0.000571666 -0.00525747 0.999986 -0.177737 -0.00313692 0.335258
FixedParameters: 0 0 0

#Transform 185
Transform: AffineTransform_float_3_3
Parameters: 0.999996 0.0026939 0.00057767 -0.00269711 0.999981 0.00544146 -0.000563329 -0.00544354 0.999985 -0.183012 0.0328505 0.326524
FixedParameters: 0 0 0

#Transform 186
Transform: AffineTransform_float_3_3
Parameters: 0.999996 0.00253537 0.000546337 -0.00253762 0.999985 0.00486263 -0.000533664 -0.00486437 0.999988 -0.17527 0.0356714 0.294801
FixedParameters: 0 0 0

#Transform 187
Transform: AffineTransform_float_3_3
Parameters: 0.999996 0.00268448 0.000690835 -0.00268752 0.999983 0.00514917 -0.000677169 -0.00515084 0.999987 -0.175312 0.0767897 0.274934
FixedParameters: 0 0 0

#Transform 188
Transform: AffineTransform_float_3_3
Parameters: 0.999996 0.0027117 0.000587689 -0.00271429 0.999988 0.00393942 -0.000577308 -0.00394158 0.999992 -0.170684 0.0758808 0.237899
FixedParameters: 0 0 0

#Transform 189
