# transform file /out/sourcedata/freesurfer/sub-v2s11x28725_ses-1/mri/transforms/cc_up.lta
# created by oesteban on Wed Mar 11 00:01:27 2026

type      = 0 # LINEAR_VOX_TO_VOX
nxforms   = 1
mean      = 159.0000 161.0000 159.0000
sigma     = 10000.0000
1 4 4
9.985477328300476e-01 -3.829835727810860e-02 -3.789316490292549e-02 -2.014097595214844e+01 
3.827080875635147e-02 9.992665052413940e-01 -1.452311174944043e-03 -1.577904605865479e+01 
3.792098537087440e-02 0.000000000000000e+00 9.992808699607849e-01 -1.892801856994629e+01 
0.000000000000000e+00 0.000000000000000e+00 0.000000000000000e+00 1.000000000000000e+00 
src volume info
valid = 1  # volume info valid
filename = /out/sourcedata/freesurfer/sub-v2s11x28725_ses-1/mri/norm.mgz
volume = 320 320 320
voxelsize = 7.999999523162842e-01 7.999999523162842e-01 7.999999523162842e-01
xras   = -9.999999403953552e-01 0.000000000000000e+00 0.000000000000000e+00
yras   = 0.000000000000000e+00 0.000000000000000e+00 -9.999999403953552e-01
zras   = 0.000000000000000e+00 9.999999403953552e-01 0.000000000000000e+00
cras   = 2.711547851562500e+00 -4.840621948242188e+00 2.675927734375000e+01
dst volume info
valid = 1  # volume info valid
filename = /out/sourcedata/freesurfer/sub-v2s11x28725_ses-1/mri/norm.mgz
volume = 320 320 320
voxelsize = 7.999999523162842e-01 7.999999523162842e-01 7.999999523162842e-01
xras   = -9.999999403953552e-01 0.000000000000000e+00 0.000000000000000e+00
yras   = 0.000000000000000e+00 0.000000000000000e+00 -9.999999403953552e-01
zras   = 0.000000000000000e+00 9.999999403953552e-01 0.000000000000000e+00
cras   = 2.711547851562500e+00 -4.840621948242188e+00 2.675927734375000e+01
