# transform file transforms/talairach.lta
# created by oesteban on Tue Mar 10 21:53:37 2026

type      = 0 # LINEAR_VOX_TO_VOX
nxforms   = 1
mean      = 159.0000 162.0000 159.0000
sigma     = 10000.0000
1 4 4
8.174301981925964e-01 -3.773488849401474e-02 -1.404310297220945e-02 2.712674617767334e+00 
4.653455689549446e-02 9.342845082283020e-01 2.279600687325001e-02 -4.115188598632812e+01 
1.083621941506863e-02 -3.076718561351299e-02 7.535884976387024e-01 -5.266939640045166e+00 
0.000000000000000e+00 0.000000000000000e+00 0.000000000000000e+00 1.000000000000000e+00 
src volume info
valid = 1  # volume info valid
filename = nu.mgz
volume = 320 320 320
voxelsize = 7.999999523162842e-01 7.999999523162842e-01 7.999999523162842e-01
xras   = -9.999999403953552e-01 0.000000000000000e+00 0.000000000000000e+00
yras   = 0.000000000000000e+00 0.000000000000000e+00 -9.999999403953552e-01
zras   = 0.000000000000000e+00 9.999999403953552e-01 0.000000000000000e+00
cras   = 2.711547851562500e+00 -4.840621948242188e+00 2.675927734375000e+01
dst volume info
valid = 1  # volume info valid
filename = /opt/freesurfer/average/RB_all_2020-01-02.gca
volume = 256 256 256
voxelsize = 1.000000000000000e+00 1.000000000000000e+00 1.000000000000000e+00
xras   = -1.000000000000000e+00 0.000000000000000e+00 0.000000000000000e+00
yras   = 0.000000000000000e+00 0.000000000000000e+00 -1.000000000000000e+00
zras   = 0.000000000000000e+00 1.000000000000000e+00 0.000000000000000e+00
cras   = 0.000000000000000e+00 0.000000000000000e+00 0.000000000000000e+00
