# transform file /out/sourcedata/freesurfer/sub-v2s11x28680_ses-1/mri/transforms/cc_up.lta
# created by oesteban on Tue Mar 10 16:21:32 2026

type      = 0 # LINEAR_VOX_TO_VOX
nxforms   = 1
mean      = 162.0000 162.0000 157.0000
sigma     = 10000.0000
1 4 4
9.972446560859680e-01 6.105890870094299e-02 4.213251173496246e-02 -5.047321319580078e+01 
-6.100448593497276e-02 9.981343150138855e-01 -2.577373757958412e-03 -8.418224334716797e+00 
-4.221126809716225e-02 0.000000000000000e+00 9.991087913513184e-01 2.013502597808838e+00 
0.000000000000000e+00 0.000000000000000e+00 0.000000000000000e+00 1.000000000000000e+00 
src volume info
valid = 1  # volume info valid
filename = /out/sourcedata/freesurfer/sub-v2s11x28680_ses-1/mri/norm.mgz
volume = 320 320 320
voxelsize = 7.999998927116394e-01 7.999998927116394e-01 7.999998927116394e-01
xras   = -9.999999403953552e-01 0.000000000000000e+00 0.000000000000000e+00
yras   = 0.000000000000000e+00 0.000000000000000e+00 -9.999999403953552e-01
zras   = 0.000000000000000e+00 9.999999403953552e-01 0.000000000000000e+00
cras   = -1.609855651855469e+00 2.256134033203125e+01 -2.740094757080078e+01
dst volume info
valid = 1  # volume info valid
filename = /out/sourcedata/freesurfer/sub-v2s11x28680_ses-1/mri/norm.mgz
volume = 320 320 320
voxelsize = 7.999998927116394e-01 7.999998927116394e-01 7.999998927116394e-01
xras   = -9.999999403953552e-01 0.000000000000000e+00 0.000000000000000e+00
yras   = 0.000000000000000e+00 0.000000000000000e+00 -9.999999403953552e-01
zras   = 0.000000000000000e+00 9.999999403953552e-01 0.000000000000000e+00
cras   = -1.609855651855469e+00 2.256134033203125e+01 -2.740094757080078e+01
