#Insight Transform File V1.0
#Transform 0
Transform: AffineTransform_float_3_3
Parameters: 0.999985 0.00389984 0.0038292 -0.00397716 0.999785 0.0203541 -0.00374879 -0.0203689 0.999785 0.206611 0.195306 -0.214057
FixedParameters: 0 0 0

#Transform 1
Transform: AffineTransform_float_3_3
Parameters: 0.999985 0.00389786 0.00368514 -0.00397214 0.999779 0.0206077 -0.00360388 -0.0206223 0.999781 0.200149 0.151589 -0.199348
FixedParameters: 0 0 0

#Transform 2
Transform: AffineTransform_float_3_3
Parameters: 0.999984 0.00402537 0.00399213 -0.00410863 0.999767 0.0211669 -0.00390588 -0.0211821 0.999768 0.199542 0.153882 -0.228217
FixedParameters: 0 0 0

#Transform 3
Transform: AffineTransform_float_3_3
Parameters: 0.999984 0.00392483 0.00401417 -0.00401417 0.99974 0.0224532 -0.00392483 -0.0224688 0.99974 0.194308 0.203329 -0.274919
FixedParameters: 0 0 0

#Transform 4
Transform: AffineTransform_float_3_3
Parameters: 0.999985 0.0039917 0.00369604 -0.00407429 0.999731 0.0228103 -0.00360397 -0.0228247 0.999733 0.201735 0.210108 -0.29779
FixedParameters: 0 0 0

#Transform 5
Transform: AffineTransform_float_3_3
Parameters: 0.99998 0.00454972 0.00442354 -0.00464927 0.999727 0.0229299 -0.00431748 -0.0229501 0.999728 0.219943 0.243092 -0.325316
FixedParameters: 0 0 0

#Transform 6
Transform: AffineTransform_float_3_3
Parameters: 0.999975 0.00482007 0.00505611 -0.00494392 0.999681 0.0247906 -0.00493489 -0.0248154 0.99968 0.243809 -0.142704 -0.031464
FixedParameters: 0 0 0

#Transform 7
Transform: AffineTransform_float_3_3
Parameters: 0.999995 -0.00268046 -0.00171629 0.00268055 0.999997 -0.000267602 0.00171671 0.0002634 0.999999 0.166432 -0.617889 -0.145779
FixedParameters: 0 0 0

#Transform 8
Transform: AffineTransform_float_3_3
Parameters: 0.999998 -9.17246e-05 0.00159207 9.22766e-05 0.999999 -0.000801854 -0.00159193 0.000801147 0.999999 0.34321 0.345493 -0.131606
FixedParameters: 0 0 0

#Transform 9
Transform: AffineTransform_float_3_3
Parameters: 0.999999 0.00138318 0.000715592 -0.00138382 0.999999 0.00115001 -0.000713408 -0.00115099 0.999999 0.18681 0.143108 -0.0268839
FixedParameters: 0 0 0

#Transform 10
Transform: AffineTransform_float_3_3
Parameters: 0.999998 0.00160285 0.000115132 -0.00160215 0.999998 0.00132982 -0.000113869 -0.00133018 0.999999 0.150843 0.0578126 -0.0485018
FixedParameters: 0 0 0

#Transform 11
Transform: AffineTransform_float_3_3
Parameters: 0.999999 0.00111652 0.000581919 -0.00111748 0.999999 0.000822351 -0.000581081 -0.00082365 1 0.131782 -0.147604 0.000759764
FixedParameters: 0 0 0

#Transform 12
Transform: AffineTransform_float_3_3
Parameters: 1 0.000362665 0.000279436 -0.000363336 0.999999 0.0012009 -0.000279564 -0.0012011 0.999999 0.090847 -0.265232 0.125742
FixedParameters: 0 0 0

#Transform 13
Transform: AffineTransform_float_3_3
Parameters: 1 0.000195279 0.000514274 -0.000196721 0.999999 0.0014029 -0.000513724 -0.0014031 0.999999 0.0804003 -0.307529 0.12894
FixedParameters: 0 0 0

#Transform 14
Transform: AffineTransform_float_3_3
Parameters: 1 0.00020856 0.000441208 -0.00020844 0.999999 0.000997908 -0.000440792 -0.000998092 1 0.0627871 -0.265698 0.0517828
FixedParameters: 0 0 0

#Transform 15
Transform: AffineTransform_float_3_3
Parameters: 1 7.14298e-05 0.000630065 -7.15701e-05 0.999999 0.000904955 -0.000629936 -0.000905045 1 0.0670228 -0.173523 -0.0327603
FixedParameters: 0 0 0

#Transform 16
Transform: AffineTransform_float_3_3
Parameters: 1 6.76124e-05 0.000514051 -6.7388e-05 0.999999 0.000754965 -0.000513949 -0.000754034 0.999999 0.0605416 -0.0568317 -0.0295495
FixedParameters: 0 0 0

#Transform 17
Transform: AffineTransform_float_3_3
Parameters: 1 -0.000194 -1.0258e-06 0.000194 1 0.000133 9.74198e-07 -0.000133 1 0.0466527 0.076319 -0.0267177
FixedParameters: 0 0 0

#Transform 18
Transform: AffineTransform_float_3_3
Parameters: 1 -0.000193978 8.70495e-05 0.000194022 1 -0.000254983 -8.69505e-05 0.000255017 1 0.0313557 0.0939967 -0.00665217
FixedParameters: 0 0 0

#Transform 19
Transform: AffineTransform_float_3_3
Parameters: 1 -0.000194 -9.5053e-07 0.000194 1 -0.000255 1.04947e-06 0.000255 1 0.0203287 0.0916418 0.00397598
FixedParameters: 0 0 0

#Transform 20
Transform: AffineTransform_float_3_3
Parameters: 1 -0.000194 -9.5053e-07 0.000194 1 -0.000255 1.04947e-06 0.000255 1 -0.00259915 0.00307842 0.00780037
FixedParameters: 0 0 0

#Transform 21
Transform: AffineTransform_float_3_3
Parameters: 1 -0.000194 -1.07682e-06 0.000194 1 0.000396 9.23176e-07 -0.000396 1 -0.0060499 -0.0651413 -0.000995172
FixedParameters: 0 0 0

#Transform 22
Transform: AffineTransform_float_3_3
Parameters: 1 2.26813e-05 0.000378019 -2.23186e-05 0.999999 0.000842991 -0.000377981 -0.000843008 0.999999 -0.00742367 -0.0956925 -0.032583
FixedParameters: 0 0 0

#Transform 23
Transform: AffineTransform_float_3_3
Parameters: 1 2.27294e-05 0.000337018 -2.22706e-05 0.999999 0.000802992 -0.000336982 -0.000803007 0.999999 -0.0087002 -0.110134 -0.0440561
FixedParameters: 0 0 0

#Transform 24
Transform: AffineTransform_float_3_3
Parameters: 1 -1.61356e-05 0.000166987 1.58644e-05 0.999999 0.000812002 -0.000167013 -0.000811997 0.999999 -0.0195852 -0.0772869 -0.0594479
FixedParameters: 0 0 0

#Transform 25
Transform: AffineTransform_float_3_3
Parameters: 1 3.819e-06 0.000181004 -4.181e-06 0.999999 0.000999998 -0.000180996 -0.001 0.999999 -0.0133653 -0.0793153 -0.0706017
FixedParameters: 0 0 0

#Transform 26
Transform: AffineTransform_float_3_3
Parameters: 1 -0.000193986 -1.5179e-05 0.000194014 0.999999 0.000922996 1.48209e-05 -0.000923002 0.999999 -0.0191131 -0.0396557 -0.072735
FixedParameters: 0 0 0

#Transform 27
Transform: AffineTransform_float_3_3
Parameters: 1 -0.000193998 -1.50314e-05 0.000194002 1 0.000161997 1.49686e-05 -0.000162003 1 -0.0265463 0.0345497 -0.0856949
FixedParameters: 0 0 0

#Transform 28
Transform: AffineTransform_float_3_3
Parameters: 1 8.08611e-05 -0.000398028 -8.11393e-05 1 -0.000349968 0.000397972 0.000349032 1 -0.0346391 0.0495875 -0.0543736
FixedParameters: 0 0 0

#Transform 29
Transform: AffineTransform_float_3_3
Parameters: 1 -0.000194142 -0.000223877 0.000193858 1 -0.000635043 0.000224123 0.000634956 1 -0.0235441 0.0117073 -0.0455909
FixedParameters: 0 0 0

#Transform 30
Transform: AffineTransform_float_3_3
Parameters: 1 -0.000194101 -0.000507961 0.000193899 1 -0.000198098 0.000508038 0.000197901 1 -0.00548168 -0.0693838 -0.022058
FixedParameters: 0 0 0

#Transform 31
Transform: AffineTransform_float_3_3
Parameters: 1 -0.000193888 -0.000508043 0.000194112 1 0.000220901 0.000508957 -0.000221099 1 -0.00548013 -0.0888758 -0.0334114
FixedParameters: 0 0 0

#Transform 32
Transform: AffineTransform_float_3_3
Parameters: 1 3.11561e-05 -0.000304984 -3.08438e-05 1 0.000512009 0.000305016 -0.00051199 1 -0.013652 -0.0840941 -0.0422055
FixedParameters: 0 0 0

#Transform 33
Transform: AffineTransform_float_3_3
Parameters: 1 -1.5e-05 -6.615e-09 1.5e-05 1 0.000441 -6.615e-09 -0.000441 1 -0.0208572 -0.0537974 -0.0721532
FixedParameters: 0 0 0

#Transform 34
Transform: AffineTransform_float_3_3
Parameters: 1 -0.000193817 -0.000174204 0.000194183 1 0.00105097 0.000173796 -0.00105103 1 -0.0220202 -0.0251129 -0.070086
FixedParameters: 0 0 0

#Transform 35
Transform: AffineTransform_float_3_3
Parameters: 1 8.77805e-05 0.000248078 -8.82204e-05 1 0.000884978 -0.000248922 -0.000885022 0.999999 -0.0230046 -0.0205229 -0.0942587
FixedParameters: 0 0 0

#Transform 36
Transform: AffineTransform_float_3_3
Parameters: 1 0.000280061 -7.67757e-05 -0.000279938 0.999999 0.000801021 7.72242e-05 -0.000800978 0.999999 -0.0275878 -0.0130461 -0.095504
FixedParameters: 0 0 0

#Transform 37
Transform: AffineTransform_float_3_3
Parameters: 0.999998 0.00172719 -0.000851615 -0.00172781 0.999999 0.000223472 0.000851386 -0.00022253 0.999999 -0.0540795 0.0177243 -0.150698
FixedParameters: 0 0 0

#Transform 38
Transform: AffineTransform_float_3_3
Parameters: 0.999999 0.00138536 -0.000264109 -0.00138564 0.999998 0.00136537 0.000265893 -0.00136563 0.999999 -0.071815 0.0325406 -0.147686
FixedParameters: 0 0 0

#Transform 39
Transform: AffineTransform_float_3_3
Parameters: 0.999999 0.000155259 0.00145829 -0.000157742 0.999998 0.00188077 -0.00145771 -0.00188023 0.999997 -0.0208037 -0.02873 -0.125807
FixedParameters: 0 0 0

#Transform 40
Transform: AffineTransform_float_3_3
Parameters: 1 7.40345e-05 0.00104114 -7.59653e-05 0.999998 0.00188792 -0.00104086 -0.00188808 0.999997 -0.0365734 0.0107856 -0.110095
FixedParameters: 0 0 0

#Transform 41
Transform: AffineTransform_float_3_3
Parameters: 1 7.49635e-05 0.000630124 -7.60362e-05 0.999998 0.00164495 -0.000629876 -0.00164505 0.999999 -0.0585227 0.00621546 -0.105408
FixedParameters: 0 0 0

#Transform 42
Transform: AffineTransform_float_3_3
Parameters: 1 -0.000202943 0.000628696 0.000202056 0.999999 0.00150013 -0.000629303 -0.00149987 0.999998 -0.0132002 -0.0559427 -0.080968
FixedParameters: 0 0 0

#Transform 43
Transform: AffineTransform_float_3_3
Parameters: 0.999999 -0.000159448 0.00079371 0.000158551 0.999999 0.00182413 -0.00079429 -0.00182387 0.999998 -0.0121609 -0.0779121 -0.0819909
FixedParameters: 0 0 0

#Transform 44
Transform: AffineTransform_float_3_3
Parameters: 1 -0.000329355 0.000608268 0.000328644 0.999998 0.0022262 -0.000609733 -0.0022268 0.999998 -0.0135201 -0.0600424 -0.0997076
FixedParameters: 0 0 0

#Transform 45
Transform: AffineTransform_float_3_3
Parameters: 0.999999 -8.0342e-06 0.000793982 5.96574e-06 0.999996 0.00256201 -0.000794018 -0.00256199 0.999997 -0.0119193 -0.0131038 -0.101009
FixedParameters: 0 0 0

#Transform 46
Transform: AffineTransform_float_3_3
Parameters: 1 1.03787e-05 0.000668027 -1.16212e-05 0.999997 0.00242699 -0.000667974 -0.00242701 0.999997 -0.000981063 0.0103715 -0.129442
FixedParameters: 0 0 0

#Transform 47
Transform: AffineTransform_float_3_3
Parameters: 0.999999 -3.72731e-05 0.000817899 3.47266e-05 0.999996 0.00277903 -0.000818099 -0.00277897 0.999996 0.00970411 0.0279348 -0.120237
FixedParameters: 0 0 0

#Transform 48
Transform: AffineTransform_float_3_3
Parameters: 0.999999 2.56198e-05 0.000929069 -2.838e-05 0.999996 0.00256197 -0.00092893 -0.00256202 0.999997 -0.00538739 0.0476356 -0.130672
FixedParameters: 0 0 0

#Transform 49
Transform: AffineTransform_float_3_3
Parameters: 1 2.4076e-05 0.000424054 -2.49238e-05 0.999997 0.00217899 -0.000423947 -0.00217901 0.999998 -0.0191278 0.107724 -0.128389
FixedParameters: 0 0 0

#Transform 50
Transform: AffineTransform_float_3_3
Parameters: 1 1.72483e-05 0.000416032 -1.77517e-05 0.999999 0.00180699 -0.000415969 -0.00180701 0.999999 -0.0281812 0.0971628 -0.127674
FixedParameters: 0 0 0

#Transform 51
Transform: AffineTransform_float_3_3
Parameters: 1 3.07175e-06 0.000566006 -3.92823e-06 0.999998 0.00164 -0.000565995 -0.00164 0.999999 -0.0404392 0.0451028 -0.115593
FixedParameters: 0 0 0

#Transform 52
Transform: AffineTransform_float_3_3
Parameters: 1 2.57792e-05 0.000150038 -2.52208e-05 0.999999 0.001472 -0.000149963 -0.001472 0.999999 -0.0477233 -0.0315817 -0.0954718
FixedParameters: 0 0 0

#Transform 53
Transform: AffineTransform_float_3_3
Parameters: 1 -5.66417e-06 0.000410991 5.33581e-06 0.999998 0.001616 -0.000411009 -0.001616 0.999998 -0.0458791 -0.0933231 -0.096535
FixedParameters: 0 0 0

#Transform 54
Transform: AffineTransform_float_3_3
Parameters: 1 -8.26808e-05 0.000339835 8.23188e-05 0.999998 0.00200303 -0.000340166 -0.00200297 0.999998 -0.0424033 -0.090819 -0.112983
FixedParameters: 0 0 0

#Transform 55
Transform: AffineTransform_float_3_3
Parameters: 1 0.000113777 0.000566247 -0.000115223 0.999997 0.00216094 -0.000565753 -0.00216107 0.999998 -0.0463736 -0.038932 -0.130122
FixedParameters: 0 0 0

#Transform 56
Transform: AffineTransform_float_3_3
Parameters: 1 5.89623e-05 0.000418148 -6.00377e-05 0.999997 0.00248297 -0.000417852 -0.00248202 0.999997 -0.0461395 0.0122074 -0.15405
FixedParameters: 0 0 0

#Transform 57
Transform: AffineTransform_float_3_3
Parameters: 1 -7.23446e-05 0.00056583 7.06555e-05 0.999997 0.00237504 -0.000566169 -0.00237596 0.999997 -0.0413966 0.0280522 -0.16753
FixedParameters: 0 0 0

#Transform 58
Transform: AffineTransform_float_3_3
Parameters: 1 7.5719e-05 0.000516189 -7.62835e-05 0.999997 0.00248296 -0.000516812 -0.00248204 0.999997 -0.0507788 0.0694708 -0.159213
FixedParameters: 0 0 0

#Transform 59
Transform: AffineTransform_float_3_3
Parameters: 1 0.000180466 0.000551504 -0.000181532 0.999996 0.0027819 -0.000550497 -0.0027821 0.999996 -0.0470776 0.0706925 -0.16001
FixedParameters: 0 0 0

#Transform 60
Transform: AffineTransform_float_3_3
Parameters: 1 0.000193341 0.000616523 -0.000194658 0.999997 0.00269188 -0.000615478 -0.00269212 0.999996 -0.0492494 0.0732795 -0.170194
FixedParameters: 0 0 0

#Transform 61
Transform: AffineTransform_float_3_3
Parameters: 1 0.00019398 0.000423468 -0.000195018 0.999997 0.00240892 -0.000422531 -0.00240908 0.999997 -0.0594004 0.0743965 -0.165927
FixedParameters: 0 0 0

#Transform 62
Transform: AffineTransform_float_3_3
Parameters: 1 0.000194515 0.000253373 -0.000194484 0.999998 0.00191495 -0.000252628 -0.00191505 0.999998 -0.0613465 0.046287 -0.163428
FixedParameters: 0 0 0

#Transform 63
Transform: AffineTransform_float_3_3
Parameters: 1 0.000194244 0.000500294 -0.000194756 0.999999 0.0015119 -0.000499706 -0.0015111 0.999998 -0.0702044 0.0202547 -0.153347
FixedParameters: 0 0 0

#Transform 64
Transform: AffineTransform_float_3_3
Parameters: 1 0.000194549 0.000284309 -0.00019445 0.999998 0.00158694 -0.000283692 -0.00158705 0.999998 -0.0738209 -0.0248303 -0.123308
FixedParameters: 0 0 0

#Transform 65
Transform: AffineTransform_float_3_3
Parameters: 1 8.43624e-05 0.000500108 -8.46374e-05 0.999999 0.00127496 -0.000499892 -0.00127504 0.999999 -0.0717185 -0.0565438 -0.128444
FixedParameters: 0 0 0

#Transform 66
Transform: AffineTransform_float_3_3
Parameters: 1 0.000194329 0.000500261 -0.00019467 0.999999 0.0013409 -0.000499739 -0.0013411 0.999999 -0.0679342 -0.0565726 -0.122871
FixedParameters: 0 0 0

#Transform 67
Transform: AffineTransform_float_3_3
Parameters: 1 0.000194123 0.000500341 -0.000194876 0.999999 0.0017529 -0.000499659 -0.0017531 0.999999 -0.0684699 -0.0562803 -0.126471
FixedParameters: 0 0 0

#Transform 68
Transform: AffineTransform_float_3_3
Parameters: 1 0.000193728 0.000596414 -0.000194271 0.999997 0.00213288 -0.000595587 -0.00213311 0.999997 -0.0704485 -0.00346465 -0.147425
FixedParameters: 0 0 0

#Transform 69
Transform: AffineTransform_float_3_3
Parameters: 1 0.000193939 0.000411502 -0.000195062 0.999996 0.00257992 -0.000411498 -0.00258008 0.999996 -0.0744715 0.0467287 -0.156681
FixedParameters: 0 0 0

#Transform 70
Transform: AffineTransform_float_3_3
Parameters: 0.999999 0.000192924 0.000820491 -0.000195075 0.999997 0.00253084 -0.000819509 -0.00253116 0.999997 -0.075699 0.0973585 -0.174399
FixedParameters: 0 0 0

#Transform 71
Transform: AffineTransform_float_3_3
Parameters: 1 0.000193757 0.000529456 -0.000195244 0.999997 0.0023479 -0.000529543 -0.0023481 0.999997 -0.0754784 0.091347 -0.17147
FixedParameters: 0 0 0

#Transform 72
Transform: AffineTransform_float_3_3
Parameters: 1 0.000194126 0.000552307 -0.000194873 0.999998 0.00158189 -0.000551692 -0.00158211 0.999998 -0.0851694 0.121037 -0.161189
FixedParameters: 0 0 0

#Transform 73
Transform: AffineTransform_float_3_3
Parameters: 1 0.000330584 0.000283486 -0.000331415 0.999999 0.00146891 -0.000282513 -0.00146909 0.999999 -0.0988238 0.132268 -0.164244
FixedParameters: 0 0 0

#Transform 74
Transform: AffineTransform_float_3_3
Parameters: 1 0.000358601 0.000278514 -0.000359398 0.999999 0.0014339 -0.000277485 -0.0014331 0.999999 -0.0988293 0.0529841 -0.167938
FixedParameters: 0 0 0

#Transform 75
Transform: AffineTransform_float_3_3
Parameters: 1 0.000390667 0.000248524 -0.000390332 0.999999 0.0013409 -0.000247477 -0.0013411 0.999999 -0.10385 -0.0232692 -0.140741
FixedParameters: 0 0 0

#Transform 76
Transform: AffineTransform_float_3_3
Parameters: 1 0.000617784 0.000149893 -0.000617216 0.999999 0.00144591 -0.000149108 -0.00144609 0.999999 -0.109965 -0.0634597 -0.126131
FixedParameters: 0 0 0

#Transform 77
Transform: AffineTransform_float_3_3
Parameters: 0.999999 0.000820578 0.000271279 -0.000820422 0.999999 0.00155878 -0.000269722 -0.00155822 0.999998 -0.0982236 -0.065119 -0.108619
FixedParameters: 0 0 0

#Transform 78
Transform: AffineTransform_float_3_3
Parameters: 1 0.000517484 0.000403662 -0.000518516 0.999999 0.00127879 -0.000403337 -0.00127921 0.999999 -0.0979125 -0.0519376 -0.114212
FixedParameters: 0 0 0

#Transform 79
Transform: AffineTransform_float_3_3
Parameters: 0.999999 0.000773704 0.000212081 -0.000774296 0.999998 0.00139684 -0.000211919 -0.00139616 0.999999 -0.101149 -0.0423494 -0.125436
FixedParameters: 0 0 0

#Transform 80
Transform: AffineTransform_float_3_3
Parameters: 0.999999 0.000693922 0.000553354 -0.000695077 0.999998 0.00194962 -0.000551645 -0.00195038 0.999998 -0.0967139 0.0322956 -0.145892
FixedParameters: 0 0 0

#Transform 81
Transform: AffineTransform_float_3_3
Parameters: 1 0.000929943 0.000553779 -0.000931058 0.999997 0.00191149 -0.000552222 -0.00191151 0.999998 -0.101212 0.0312055 -0.156526
FixedParameters: 0 0 0

#Transform 82
Transform: AffineTransform_float_3_3
Parameters: 0.999998 0.00146166 0.000698799 -0.00146334 0.999997 0.00191398 -0.000696199 -0.00191502 0.999998 -0.12299 -0.0117884 -0.181597
FixedParameters: 0 0 0

#Transform 83
Transform: AffineTransform_float_3_3
Parameters: 0.999999 0.00100397 0.000734415 -0.00100503 0.999998 0.00140826 -0.000732585 -0.00140874 0.999998 -0.0950793 0.11724 -0.163813
FixedParameters: 0 0 0

#Transform 84
Transform: AffineTransform_float_3_3
Parameters: 0.999999 0.000647358 0.000552753 -0.000647642 0.999999 0.00116264 -0.000552248 -0.00116236 0.999999 -0.0821148 0.11705 -0.148028
FixedParameters: 0 0 0

#Transform 85
Transform: AffineTransform_float_3_3
Parameters: 1 0.000930315 0.000553154 -0.000930685 0.999999 0.00123949 -0.000551847 -0.00123951 0.999999 -0.0865763 0.116505 -0.172199
FixedParameters: 0 0 0

#Transform 86
Transform: AffineTransform_float_3_3
Parameters: 0.999999 0.00101485 0.00088817 -0.00101515 1 0.000167099 -0.000887829 -0.000168901 0.999999 -0.0696684 0.0891157 -0.173921
FixedParameters: 0 0 0

#Transform 87
Transform: AffineTransform_float_3_3
Parameters: 1 0.000930554 0.000669621 -0.000930448 1 0.000667377 -0.000669379 -0.000667623 0.999999 -0.0911384 -0.10176 -0.118373
FixedParameters: 0 0 0

#Transform 88
Transform: AffineTransform_float_3_3
Parameters: 0.999999 0.000683387 0.000472886 -0.000683613 0.999999 0.00129668 -0.000472114 -0.00129732 0.999999 -0.0812046 -0.137351 -0.135257
FixedParameters: 0 0 0

#Transform 89
Transform: AffineTransform_float_3_3
Parameters: 0.999999 0.000570693 0.000753991 -0.000572307 0.999999 0.00173457 -0.000753008 -0.00173443 0.999998 -0.0826412 -0.134515 -0.145205
FixedParameters: 0 0 0

#Transform 90
Transform: AffineTransform_float_3_3
Parameters: 0.999999 0.000437807 0.000895583 -0.000439193 0.999999 0.00133161 -0.000895415 -0.00133239 0.999998 -0.0873201 -0.101674 -0.166047
FixedParameters: 0 0 0

#Transform 91
Transform: AffineTransform_float_3_3
Parameters: 0.999999 0.000504583 0.000827865 -0.000505415 0.999999 0.00171158 -0.000826136 -0.00171242 0.999998 -0.0790885 -0.0359141 -0.176085
FixedParameters: 0 0 0

#Transform 92
Transform: AffineTransform_float_3_3
Parameters: 1 0.000354149 0.00102364 -0.000355852 0.999999 0.00180864 -0.00102336 -0.00180936 0.999998 -0.0835566 0.0486179 -0.204815
FixedParameters: 0 0 0

#Transform 93
Transform: AffineTransform_float_3_3
Parameters: 1 0.000313124 0.00105256 -0.000314878 0.999999 0.00178367 -0.00105244 -0.00178333 0.999998 -0.0785043 0.103032 -0.222479
FixedParameters: 0 0 0

#Transform 94
Transform: AffineTransform_float_3_3
Parameters: 1 0.000368095 0.00103768 -0.000369903 0.999998 0.00183562 -0.00103632 -0.00183638 0.999998 -0.07835 0.103182 -0.204973
FixedParameters: 0 0 0

#Transform 95
Transform: AffineTransform_float_3_3
Parameters: 0.999999 8.59693e-05 0.00103717 -8.80302e-05 0.999998 0.00195791 -0.00103683 -0.00195809 0.999997 -0.0857293 0.109936 -0.214776
FixedParameters: 0 0 0

#Transform 96
Transform: AffineTransform_float_3_3
Parameters: 0.999999 8.62295e-05 0.000845183 -8.777e-05 0.999998 0.00209493 -0.000844818 -0.00209507 0.999998 -0.085669 0.0781411 -0.212084
FixedParameters: 0 0 0

#Transform 97
Transform: AffineTransform_float_3_3
Parameters: 1 0.000249069 0.00103747 -0.00025093 0.999998 0.00186174 -0.00103653 -0.00186226 0.999997 -0.0997911 0.0536156 -0.232113
FixedParameters: 0 0 0

#Transform 98
Transform: AffineTransform_float_3_3
Parameters: 1 8.69686e-05 0.000619146 -8.80327e-05 0.999998 0.00166595 -0.000619854 -0.00166605 0.999999 -0.0968397 0.0344089 -0.229666
FixedParameters: 0 0 0

#Transform 99
Transform: AffineTransform_float_3_3
Parameters: 0.999999 0.000396126 0.000612566 -0.000396873 0.999999 0.00142676 -0.000611434 -0.00142724 0.999999 -0.111082 0.0106384 -0.214321
FixedParameters: 0 0 0

#Transform 100
Transform: AffineTransform_float_3_3
Parameters: 1 0.000253514 0.000401308 -0.000254486 0.999999 0.0012119 -0.000400692 -0.0012121 0.999999 -0.116316 -0.0270123 -0.205588
FixedParameters: 0 0 0

#Transform 101
Transform: AffineTransform_float_3_3
Parameters: 1 0.000378554 0.00034549 -0.000378446 0.999999 0.00129287 -0.000344511 -0.00129313 0.999999 -0.115299 -0.0557039 -0.178362
FixedParameters: 0 0 0

#Transform 102
Transform: AffineTransform_float_3_3
Parameters: 1 0.000484492 0.000472522 -0.000484508 1 0.00107577 -0.000471479 -0.00107623 1 -0.111741 -0.0507482 -0.201363
FixedParameters: 0 0 0

#Transform 103
Transform: AffineTransform_float_3_3
Parameters: 0.999999 0.00038031 0.000612429 -0.000380689 1 0.00112677 -0.000611571 -0.00112723 0.999999 -0.10448 -0.0302967 -0.195194
FixedParameters: 0 0 0

#Transform 104
Transform: AffineTransform_float_3_3
Parameters: 0.999999 0.000442233 0.000612554 -0.000442766 0.999999 0.00125173 -0.000611446 -0.00125227 0.999999 -0.10528 -0.00170791 -0.201276
FixedParameters: 0 0 0

#Transform 105
Transform: AffineTransform_float_3_3
Parameters: 0.999999 0.000420101 0.000612617 -0.000420898 0.999999 0.00146874 -0.000611382 -0.00146826 0.999998 -0.0995391 0.0648695 -0.215609
FixedParameters: 0 0 0

#Transform 106
Transform: AffineTransform_float_3_3
Parameters: 0.999999 0.000457019 0.000612733 -0.000457982 0.999998 0.00160272 -0.000612267 -0.00160228 0.999998 -0.0961639 0.113116 -0.209698
FixedParameters: 0 0 0

#Transform 107
Transform: AffineTransform_float_3_3
Parameters: 0.999999 0.000466928 0.000612818 -0.000468072 0.999999 0.00174971 -0.000612182 -0.00175029 0.999999 -0.101982 0.130474 -0.23033
FixedParameters: 0 0 0

#Transform 108
Transform: AffineTransform_float_3_3
Parameters: 0.999999 0.000445943 0.000551856 -0.000447057 0.999998 0.00191675 -0.000551144 -0.00191725 0.999998 -0.101395 0.098511 -0.227103
FixedParameters: 0 0 0

#Transform 109
Transform: AffineTransform_float_3_3
Parameters: 0.999999 0.000561791 0.000613109 -0.000563208 0.999998 0.00197265 -0.00061189 -0.00197334 0.999998 -0.102178 0.0473544 -0.220739
FixedParameters: 0 0 0

#Transform 110
Transform: AffineTransform_float_3_3
Parameters: 0.999999 0.000541787 0.000613074 -0.000543212 0.999998 0.00197967 -0.000611925 -0.00198033 0.999998 -0.103854 0.0207311 -0.228673
FixedParameters: 0 0 0

#Transform 111
Transform: AffineTransform_float_3_3
Parameters: 0.999999 0.000649104 0.000435338 -0.000649894 0.999997 0.00205972 -0.000433662 -0.00206028 0.999998 -0.103329 -0.0321281 -0.229632
FixedParameters: 0 0 0

#Transform 112
Transform: AffineTransform_float_3_3
Parameters: 0.999999 0.000411715 0.000612865 -0.000412285 0.999997 0.00209875 -0.000612136 -0.00209825 0.999997 -0.106082 -0.0531005 -0.24378
FixedParameters: 0 0 0

#Transform 113
Transform: AffineTransform_float_3_3
Parameters: 1 0.000412023 0.000467862 -0.000412977 0.999997 0.00208981 -0.000467138 -0.00209019 0.999997 -0.104999 -0.0532932 -0.247843
FixedParameters: 0 0 0

#Transform 114
Transform: AffineTransform_float_3_3
Parameters: 0.999999 0.000411616 0.000612931 -0.000412384 0.999998 0.00225875 -0.00061207 -0.00225925 0.999998 -0.111507 -0.0293869 -0.252678
FixedParameters: 0 0 0

#Transform 115
Transform: AffineTransform_float_3_3
Parameters: 0.999999 0.000610674 0.000613323 -0.000612326 0.999998 0.00216463 -0.000611676 -0.00216438 0.999998 -0.105149 0.00502045 -0.258751
FixedParameters: 0 0 0

#Transform 116
Transform: AffineTransform_float_3_3
Parameters: 0.999999 0.000624903 0.000500373 -0.000626095 0.999997 0.00219469 -0.000498627 -0.00219531 0.999998 -0.10417 0.0187158 -0.258656
FixedParameters: 0 0 0

#Transform 117
Transform: AffineTransform_float_3_3
Parameters: 0.999999 0.000411602 0.000612941 -0.000412398 0.999998 0.00228275 -0.00061206 -0.00228325 0.999997 -0.113821 0.0635683 -0.257898
FixedParameters: 0 0 0

#Transform 118
Transform: AffineTransform_float_3_3
Parameters: 0.999999 0.000411826 0.00061279 -0.000412174 0.999998 0.00191675 -0.000612211 -0.00191725 0.999998 -0.110649 0.107689 -0.246186
FixedParameters: 0 0 0

#Transform 119
Transform: AffineTransform_float_3_3
Parameters: 1 0.000412208 0.000519629 -0.000412791 0.999999 0.00152479 -0.000518371 -0.00152521 0.999998 -0.126696 0.142968 -0.260567
FixedParameters: 0 0 0

#Transform 120
Transform: AffineTransform_float_3_3
Parameters: 1 0.000412658 0.000242583 -0.000412343 0.999999 0.0014119 -0.000242418 -0.0014111 0.999999 -0.134638 0.121064 -0.241342
FixedParameters: 0 0 0

#Transform 121
Transform: AffineTransform_float_3_3
Parameters: 1 0.000412767 0.000166579 -0.000412234 0.999999 0.00140193 -0.000166422 -0.00140207 0.999999 -0.133399 0.0735366 -0.223415
FixedParameters: 0 0 0

#Transform 122
Transform: AffineTransform_float_3_3
Parameters: 1 0.000412694 0.000218579 -0.000412305 0.999999 0.00140191 -0.000217422 -0.00140209 0.999999 -0.137412 0.0104637 -0.212382
FixedParameters: 0 0 0

#Transform 123
Transform: AffineTransform_float_3_3
Parameters: 1 0.000580785 0.000195641 -0.000581216 0.999999 0.00110289 -0.000195359 -0.00110311 1 -0.128241 -0.0243474 -0.200934
FixedParameters: 0 0 0

#Transform 124
Transform: AffineTransform_float_3_3
Parameters: 0.999999 0.000762663 0.000271947 -0.000763337 0.999999 0.00124079 -0.000271053 -0.00124121 0.999999 -0.127552 -0.0241319 -0.196421
FixedParameters: 0 0 0

#Transform 125
Transform: AffineTransform_float_3_3
Parameters: 1 0.000532404 0.000425747 -0.000532595 0.999999 0.00140177 -0.000424254 -0.00140123 0.999999 -0.124387 -0.0223891 -0.209055
FixedParameters: 0 0 0

#Transform 126
Transform: AffineTransform_float_3_3
Parameters: 1 0.000412626 0.000221697 -0.000412374 0.999998 0.00168891 -0.000221304 -0.00168909 0.999998 -0.113076 0.0140217 -0.22347
FixedParameters: 0 0 0

#Transform 127
Transform: AffineTransform_float_3_3
Parameters: 0.999999 -0.000146358 0.000783748 0.000145642 0.999998 0.00173211 -0.000784253 -0.00173289 0.999998 -0.0328107 0.0488278 -0.225484
FixedParameters: 0 0 0

#Transform 128
Transform: AffineTransform_float_3_3
Parameters: 1 -0.000146101 0.000662758 0.000144898 0.999998 0.0016611 -0.000663242 -0.0016609 0.999999 -0.0320513 0.104731 -0.225049
FixedParameters: 0 0 0

#Transform 129
Transform: AffineTransform_float_3_3
Parameters: 1 0.000192243 0.000414352 -0.000192756 0.999999 0.00182692 -0.000413649 -0.00182708 0.999998 -0.0659824 0.158583 -0.224465
FixedParameters: 0 0 0

#Transform 130
Transform: AffineTransform_float_3_3
Parameters: 1 0.000163191 0.000608217 -0.000163808 0.999999 0.0013299 -0.000607783 -0.0013301 0.999999 -0.0755744 0.173041 -0.208435
FixedParameters: 0 0 0

#Transform 131
Transform: AffineTransform_float_3_3
Parameters: 1 0.000293558 0.000392331 -0.000294441 1 0.00112589 -0.000391669 -0.00112612 1 -0.0859293 0.127122 -0.20161
FixedParameters: 0 0 0

#Transform 132
Transform: AffineTransform_float_3_3
Parameters: 1 0.000293455 0.00045735 -0.000294546 0.999999 0.00119187 -0.000457649 -0.00119213 0.999999 -0.0805434 0.0115511 -0.181062
FixedParameters: 0 0 0

#Transform 133
Transform: AffineTransform_float_3_3
Parameters: 0.999999 0.000317016 0.000641487 -0.000317984 0.999999 0.0015338 -0.000641513 -0.0015342 0.999998 -0.0758235 -0.0554944 -0.196424
FixedParameters: 0 0 0

#Transform 134
Transform: AffineTransform_float_3_3
Parameters: 1 0.000371149 0.000533593 -0.000371852 0.999998 0.0015958 -0.000533407 -0.0015962 0.999998 -0.071747 -0.0848096 -0.203847
FixedParameters: 0 0 0

#Transform 135
Transform: AffineTransform_float_3_3
Parameters: 0.999999 0.000387609 0.000802673 -0.000388391 0.999999 0.00173469 -0.000801327 -0.00173431 0.999998 -0.0797745 -0.0414051 -0.223574
FixedParameters: 0 0 0

#Transform 136
Transform: AffineTransform_float_3_3
Parameters: 0.999999 0.000303769 0.000802467 -0.00030523 0.999999 0.00153376 -0.000801533 -0.00153424 0.999999 -0.0710396 -0.0128629 -0.231012
FixedParameters: 0 0 0

#Transform 137
Transform: AffineTransform_float_3_3
Parameters: 1 0.000335029 0.00057257 -0.000335971 0.999999 0.00169781 -0.000571431 -0.00169719 0.999999 -0.0737032 0.047738 -0.230286
FixedParameters: 0 0 0

#Transform 138
Transform: AffineTransform_float_3_3
Parameters: 0.999999 0.00037924 0.000706409 -0.000379761 1 0.00107673 -0.000706592 -0.00107627 0.999999 -0.0840285 0.134309 -0.236946
FixedParameters: 0 0 0

#Transform 139
Transform: AffineTransform_float_3_3
Parameters: 1 0.00023346 0.000583217 -0.00023454 0.999999 0.000925863 -0.000582783 -0.000926136 1 -0.0881097 0.133946 -0.228911
FixedParameters: 0 0 0

#Transform 140
Transform: AffineTransform_float_3_3
Parameters: 1 0.000409399 0.000566435 -0.000409601 1 0.00106077 -0.000566566 -0.00106123 1 -0.0685477 0.0654883 -0.193638
FixedParameters: 0 0 0

#Transform 141
Transform: AffineTransform_float_3_3
Parameters: 0.999999 0.000326926 0.000802438 -0.000328073 0.999999 0.00133774 -0.000801561 -0.00133826 0.999999 -0.0635623 0.00982203 -0.196916
FixedParameters: 0 0 0

#Transform 142
Transform: AffineTransform_float_3_3
Parameters: 1 0.000233198 0.000550341 -0.000233802 0.999999 0.00145887 -0.000549659 -0.00145813 0.999999 -0.0651501 0.0109953 -0.207434
FixedParameters: 0 0 0

#Transform 143
Transform: AffineTransform_float_3_3
Parameters: 0.999999 0.000495679 0.000802817 -0.000497319 0.999998 0.0016456 -0.000801183 -0.0016454 0.999999 -0.0786923 0.0110955 -0.211102
FixedParameters: 0 0 0

#Transform 144
Transform: AffineTransform_float_3_3
Parameters: 0.999999 0.000499662 0.000802834 -0.000500336 0.999998 0.0016666 -0.000801167 -0.0016674 0.999999 -0.0817646 0.0214467 -0.223529
FixedParameters: 0 0 0

#Transform 145
Transform: AffineTransform_float_3_3
Parameters: 0.999999 0.000470885 0.000593886 -0.000472115 0.999998 0.00187872 -0.000593114 -0.00187828 0.999998 -0.0789424 0.0181852 -0.223298
FixedParameters: 0 0 0

#Transform 146
Transform: AffineTransform_float_3_3
Parameters: 0.999999 0.000464493 0.000802874 -0.000466506 0.999998 0.00187863 -0.000801125 -0.00187837 0.999998 -0.0847848 0.0219382 -0.243113
FixedParameters: 0 0 0

#Transform 147
Transform: AffineTransform_float_3_3
Parameters: 1 0.000494187 0.000802502 -0.000494814 1 0.0010146 -0.000801499 -0.0010144 0.999999 -0.0872228 0.0868771 -0.23819
FixedParameters: 0 0 0

#Transform 148
Transform: AffineTransform_float_3_3
Parameters: 1 0.00041367 0.000501272 -0.000413329 0.999999 0.000656793 -0.000501728 -0.000657207 0.999999 -0.094465 0.112373 -0.230141
FixedParameters: 0 0 0

#Transform 149
Transform: AffineTransform_float_3_3
Parameters: 0.999999 0.00054968 0.000477368 -0.00054932 0.999999 0.000669737 -0.000477632 -0.000670262 0.999999 -0.0944135 0.0902719 -0.214766
FixedParameters: 0 0 0

#Transform 150
Transform: AffineTransform_float_3_3
Parameters: 0.999999 0.000639625 0.000491487 -0.000640374 0.999999 0.000761685 -0.000491512 -0.000762314 0.999999 -0.0690018 -0.0050082 -0.181434
FixedParameters: 0 0 0

#Transform 151
Transform: AffineTransform_float_3_3
Parameters: 1 0.000346336 0.000601383 -0.000347665 1 0.00110479 -0.000601616 -0.00110521 0.999999 -0.00961035 0.00306321 -0.180779
FixedParameters: 0 0 0

#Transform 152
Transform: AffineTransform_float_3_3
Parameters: 0.999996 0.00281992 0.000568318 -0.00282709 0.999914 0.0128615 -0.000532683 -0.0128626 0.999917 0.00767032 0.1736 -0.0532035
FixedParameters: 0 0 0

#Transform 153
Transform: AffineTransform_float_3_3
Parameters: 0.999996 0.00266704 0.00107984 -0.00267296 0.999981 0.00555514 -0.00106516 -0.00555786 0.999984 -0.00206901 -0.0393752 -0.0911473
FixedParameters: 0 0 0

#Transform 154
Transform: AffineTransform_float_3_3
Parameters: 0.999995 -0.00280364 0.00182206 0.00284337 0.999755 -0.0219749 -0.00175994 0.0219801 0.999757 0.0873359 -0.413302 -0.119113
FixedParameters: 0 0 0

#Transform 155
Transform: AffineTransform_float_3_3
Parameters: 0.999994 -0.00178959 -0.00300309 0.00161342 0.998345 -0.0574862 0.00310087 0.0574808 0.998342 -0.0423279 -0.786402 0.25939
FixedParameters: 0 0 0

#Transform 156
Transform: AffineTransform_float_3_3
Parameters: 0.999512 0.0215288 -0.0226281 -0.0222702 0.999206 -0.0330312 0.0218989 0.0335188 0.999198 -0.890887 -0.00287301 0.387978
FixedParameters: 0 0 0

#Transform 157
Transform: AffineTransform_float_3_3
Parameters: 0.999937 -0.0106239 -0.0035579 0.0104811 0.999222 -0.0380147 0.0039591 0.0379753 0.999271 0.0117064 -0.108615 0.600842
FixedParameters: 0 0 0

#Transform 158
Transform: AffineTransform_float_3_3
Parameters: 0.999988 -0.00449676 0.00159328 0.00453323 0.999697 -0.0241941 -0.00148374 0.0242009 0.999706 0.0565886 0.0993317 0.415019
FixedParameters: 0 0 0

#Transform 159
Transform: AffineTransform_float_3_3
Parameters: 0.999992 -0.00396131 0.000466342 0.00397168 0.999727 -0.0230263 -0.00037464 0.0230287 0.999734 0.0420237 0.0812279 0.400984
FixedParameters: 0 0 0

#Transform 160
Transform: AffineTransform_float_3_3
Parameters: 0.999991 -0.00416095 -0.00044338 0.00414703 0.999604 -0.0278291 0.000559621 0.0278269 0.999612 0.00149571 -0.0955476 0.398104
FixedParameters: 0 0 0

#Transform 161
Transform: AffineTransform_float_3_3
Parameters: 0.999992 -0.00409683 -0.00078856 0.00407615 0.999683 -0.0248214 0.000890442 0.0248175 0.999691 -0.0213069 -0.0483149 0.385862
FixedParameters: 0 0 0

#Transform 162
Transform: AffineTransform_float_3_3
Parameters: 0.999992 -0.00403021 -0.00041093 0.00401981 0.999695 -0.0243649 0.00050809 0.0243632 0.999703 -0.0205294 -0.0447548 0.33883
FixedParameters: 0 0 0

#Transform 163
Transform: AffineTransform_float_3_3
Parameters: 0.999993 -0.00388971 -0.000419419 0.0038793 0.999726 -0.0230598 0.000508589 0.0230582 0.999734 -0.0225843 -0.082642 0.327743
FixedParameters: 0 0 0

#Transform 164
Transform: AffineTransform_float_3_3
Parameters: 0.999993 -0.0036866 -0.000425531 0.00367642 0.999736 -0.0226717 0.000508476 0.0226693 0.999743 -0.020888 -0.141817 0.359152
FixedParameters: 0 0 0

#Transform 165
Transform: AffineTransform_float_3_3
Parameters: 0.999992 -0.00394729 -0.000368205 0.00393771 0.999738 -0.0225196 0.000456787 0.0225174 0.999747 -0.0166645 -0.118355 0.36755
FixedParameters: 0 0 0

#Transform 166
Transform: AffineTransform_float_3_3
Parameters: 0.99999 -0.00450063 -0.000392933 0.00449036 0.999707 -0.023815 0.000500076 0.023813 0.999717 -0.00187557 -0.107615 0.35271
FixedParameters: 0 0 0

#Transform 167
Transform: AffineTransform_float_3_3
Parameters: 0.99999 -0.0045699 -0.000699519 0.0045501 0.999647 -0.0261995 0.000819487 0.0261966 0.999657 -0.000918269 -0.0274994 0.340503
FixedParameters: 0 0 0

#Transform 168
Transform: AffineTransform_float_3_3
Parameters: 0.999991 -0.00433639 -0.00064803 0.00431861 0.99965 -0.026104 0.000760986 0.0261009 0.999659 -0.000697113 0.0487776 0.311703
FixedParameters: 0 0 0

#Transform 169
Transform: AffineTransform_float_3_3
Parameters: 0.999989 -0.00452021 -0.000662874 0.00450181 0.99967 -0.0252962 0.000776119 0.0252927 0.99968 0.00353248 0.0286404 0.304952
FixedParameters: 0 0 0

#Transform 170
Transform: AffineTransform_float_3_3
Parameters: 0.999989 -0.00466542 -0.000806612 0.00464357 0.999654 -0.025864 0.000927403 0.02586 0.999665 -0.00225724 0.0504136 0.319111
FixedParameters: 0 0 0

#Transform 171
Transform: AffineTransform_float_3_3
Parameters: 0.99999 -0.00448437 -0.000578887 0.00446763 0.99966 -0.0257139 0.000694104 0.0257112 0.999669 -0.000643165 0.0685135 0.296116
FixedParameters: 0 0 0

#Transform 172
Transform: AffineTransform_float_3_3
Parameters: 0.99999 -0.00448895 -0.000893732 0.00446405 0.999647 -0.0261943 0.00101127 0.0261907 0.999657 -0.0231879 0.0484083 0.283934
FixedParameters: 0 0 0

#Transform 173
Transform: AffineTransform_float_3_3
Parameters: 0.999991 -0.00430828 -0.000906219 0.00428371 0.999646 -0.0262521 0.0010198 0.0262479 0.999655 -0.0439541 0.00860302 0.265024
FixedParameters: 0 0 0

#Transform 174
Transform: AffineTransform_float_3_3
Parameters: 0.999991 -0.00414441 -0.000950302 0.0041186 0.999671 -0.0253382 0.00105469 0.0253339 0.999679 -0.0436969 -0.0483385 0.265923
FixedParameters: 0 0 0

#Transform 175
Transform: AffineTransform_float_3_3
Parameters: 0.999991 -0.00432271 -0.000623612 0.00430531 0.999652 -0.02605 0.000735398 0.0260471 0.999661 -0.0552927 -0.0695264 0.265342
FixedParameters: 0 0 0

#Transform 176
Transform: AffineTransform_float_3_3
Parameters: 0.999991 -0.00434235 -0.000732121 0.00432165 0.999657 -0.0258224 0.000843869 0.0258186 0.999667 -0.0677704 -0.0854894 0.265049
FixedParameters: 0 0 0

#Transform 177
Transform: AffineTransform_float_3_3
Parameters: 0.99999 -0.00427341 -0.000733663 0.0042536 0.999656 -0.0258784 0.000843354 0.0258756 0.999665 -0.0710278 -0.0340729 0.247503
FixedParameters: 0 0 0

#Transform 178
Transform: AffineTransform_float_3_3
Parameters: 0.99999 -0.00426775 -0.000697374 0.00424826 0.999648 -0.0262132 0.000808631 0.0262098 0.999656 -0.073149 0.00273838 0.242839
FixedParameters: 0 0 0

#Transform 179
Transform: AffineTransform_float_3_3
Parameters: 0.999991 -0.00421482 -0.00056433 0.00419919 0.999663 -0.0255906 0.000671677 0.0255884 0.999673 -0.072245 -0.0164648 0.233476
FixedParameters: 0 0 0

#Transform 180
Transform: AffineTransform_float_3_3
Parameters: 0.999991 -0.00434644 -0.000563578 0.00433058 0.999679 -0.0249867 0.000671412 0.0249843 0.999687 -0.0723403 -0.0127951 0.244702
FixedParameters: 0 0 0

#Transform 181
Transform: AffineTransform_float_3_3
Parameters: 0.99999 -0.00433393 -0.000351868 0.00432407 0.99969 -0.0245138 0.000458135 0.0245123 0.9997 -0.0520517 0.00635104 0.207084
FixedParameters: 0 0 0

#Transform 182
Transform: AffineTransform_float_3_3
Parameters: 0.99999 -0.00433986 -0.00019323 0.00433414 0.999705 -0.0239241 0.000296773 0.0239229 0.999714 -0.0568784 0.0330546 0.171794
FixedParameters: 0 0 0

#Transform 183
Transform: AffineTransform_float_3_3
Parameters: 0.999991 -0.0042488 -0.000191302 0.00424321 0.999704 -0.023949 0.000292703 0.023948 0.999713 -0.070122 0.0329937 0.153676
FixedParameters: 0 0 0

#Transform 184
Transform: AffineTransform_float_3_3
Parameters: 0.99999 -0.00434388 -0.000304379 0.00433512 0.999683 -0.0247976 0.000411626 0.0247965 0.999693 -0.0711063 0.0420933 0.142229
FixedParameters: 0 0 0

#Transform 185
Transform: AffineTransform_float_3_3
Parameters: 0.999989 -0.00468163 -0.000123615 0.00467637 0.999669 -0.0252959 0.00024237 0.0252951 0.99968 -0.070289 0.0121923 0.141828
FixedParameters: 0 0 0

#Transform 186
Transform: AffineTransform_float_3_3
Parameters: 0.999988 -0.00476062 -0.000240444 0.00475336 0.999667 -0.0253404 0.000361568 0.0253396 0.999679 -0.0796336 -0.0376314 0.133277
FixedParameters: 0 0 0

#Transform 187
Transform: AffineTransform_float_3_3
Parameters: 0.999989 -0.00467521 -0.00014864 0.00466981 0.999673 -0.025113 0.000265355 0.025112 0.999684 -0.0789935 -0.139348 0.142108
FixedParameters: 0 0 0

#Transform 188
Transform: AffineTransform_float_3_3
Parameters: 0.999989 -0.0048041 -0.000271358 0.00479592 0.999688 -0.0245056 0.000388642 0.0245044 0.999699 -0.0850154 -0.173295 0.163302
FixedParameters: 0 0 0

#Transform 189
Transform: AffineTransform_float_3_3
