# transform file /out/sourcedata/freesurfer/sub-v2s11x28726_ses-1/mri/transforms/cc_up.lta
# created by oesteban on Wed Mar 11 00:13:51 2026

type      = 0 # LINEAR_VOX_TO_VOX
nxforms   = 1
mean      = 162.0000 158.0000 153.0000
sigma     = 10000.0000
1 4 4
9.995057582855225e-01 -3.085984103381634e-02 6.007376126945019e-03 -2.858220481872559e+01 
3.085928410291672e-02 9.995238184928894e-01 1.854750007623807e-04 -1.389968872070312e+01 
-6.010238546878099e-03 0.000000000000000e+00 9.999819993972778e-01 -1.903568840026855e+01 
0.000000000000000e+00 0.000000000000000e+00 0.000000000000000e+00 1.000000000000000e+00 
src volume info
valid = 1  # volume info valid
filename = /out/sourcedata/freesurfer/sub-v2s11x28726_ses-1/mri/norm.mgz
volume = 320 320 320
voxelsize = 7.999999523162842e-01 7.999999523162842e-01 7.999999523162842e-01
xras   = -9.999999403953552e-01 0.000000000000000e+00 0.000000000000000e+00
yras   = 0.000000000000000e+00 0.000000000000000e+00 -9.999999403953552e-01
zras   = 0.000000000000000e+00 9.999999403953552e-01 0.000000000000000e+00
cras   = 2.711547851562500e+00 -9.077903747558594e+00 3.462852859497070e+01
dst volume info
valid = 1  # volume info valid
filename = /out/sourcedata/freesurfer/sub-v2s11x28726_ses-1/mri/norm.mgz
volume = 320 320 320
voxelsize = 7.999999523162842e-01 7.999999523162842e-01 7.999999523162842e-01
xras   = -9.999999403953552e-01 0.000000000000000e+00 0.000000000000000e+00
yras   = 0.000000000000000e+00 0.000000000000000e+00 -9.999999403953552e-01
zras   = 0.000000000000000e+00 9.999999403953552e-01 0.000000000000000e+00
cras   = 2.711547851562500e+00 -9.077903747558594e+00 3.462852859497070e+01
