# transform file /out/sourcedata/freesurfer/sub-v2s11x28716_ses-1/mri/transforms/cc_up.lta
# created by oesteban on Tue Mar 10 23:37:56 2026

type      = 0 # LINEAR_VOX_TO_VOX
nxforms   = 1
mean      = 158.0000 176.0000 150.0000
sigma     = 10000.0000
1 4 4
9.995524883270264e-01 -2.935121953487396e-02 -5.777666810899973e-03 -2.360219001770020e+01 
2.935072965919971e-02 9.995691776275635e-01 -1.696546678431332e-04 -4.052231979370117e+01 
5.780157633125782e-03 1.455191522836685e-11 9.999833106994629e-01 -1.790693855285645e+01 
0.000000000000000e+00 0.000000000000000e+00 0.000000000000000e+00 1.000000000000000e+00 
src volume info
valid = 1  # volume info valid
filename = /out/sourcedata/freesurfer/sub-v2s11x28716_ses-1/mri/norm.mgz
volume = 320 320 320
voxelsize = 7.999999523162842e-01 7.999999523162842e-01 7.999999523162842e-01
xras   = -9.999999403953552e-01 0.000000000000000e+00 0.000000000000000e+00
yras   = 0.000000000000000e+00 0.000000000000000e+00 -9.999999403953552e-01
zras   = 0.000000000000000e+00 9.999999403953552e-01 0.000000000000000e+00
cras   = 5.132835388183594e+00 -8.472587585449219e+00 1.707405090332031e+01
dst volume info
valid = 1  # volume info valid
filename = /out/sourcedata/freesurfer/sub-v2s11x28716_ses-1/mri/norm.mgz
volume = 320 320 320
voxelsize = 7.999999523162842e-01 7.999999523162842e-01 7.999999523162842e-01
xras   = -9.999999403953552e-01 0.000000000000000e+00 0.000000000000000e+00
yras   = 0.000000000000000e+00 0.000000000000000e+00 -9.999999403953552e-01
zras   = 0.000000000000000e+00 9.999999403953552e-01 0.000000000000000e+00
cras   = 5.132835388183594e+00 -8.472587585449219e+00 1.707405090332031e+01
