# transform file /out/sourcedata/freesurfer/sub-v2s11x28733_ses-1/mri/transforms/cc_up.lta
# created by oesteban on Wed Mar 11 00:33:25 2026

type      = 0 # LINEAR_VOX_TO_VOX
nxforms   = 1
mean      = 160.0000 153.0000 154.0000
sigma     = 10000.0000
1 4 4
9.974697232246399e-01 6.673298031091690e-02 -2.451457642018795e-02 -3.832596588134766e+01 
-6.671283394098282e-02 9.977709054946899e-01 1.639585476368666e-03 4.757963657379150e+00 
2.456934377551079e-02 0.000000000000000e+00 9.996981620788574e-01 -6.891556262969971e+00 
0.000000000000000e+00 0.000000000000000e+00 0.000000000000000e+00 1.000000000000000e+00 
src volume info
valid = 1  # volume info valid
filename = /out/sourcedata/freesurfer/sub-v2s11x28733_ses-1/mri/norm.mgz
volume = 320 320 320
voxelsize = 7.999999523162842e-01 7.999999523162842e-01 7.999999523162842e-01
xras   = -9.999999403953552e-01 0.000000000000000e+00 0.000000000000000e+00
yras   = 0.000000000000000e+00 0.000000000000000e+00 -9.999999403953552e-01
zras   = 0.000000000000000e+00 9.999999403953552e-01 0.000000000000000e+00
cras   = 2.902450561523438e-01 -7.261924743652344e+00 2.796990966796875e+01
dst volume info
valid = 1  # volume info valid
filename = /out/sourcedata/freesurfer/sub-v2s11x28733_ses-1/mri/norm.mgz
volume = 320 320 320
voxelsize = 7.999999523162842e-01 7.999999523162842e-01 7.999999523162842e-01
xras   = -9.999999403953552e-01 0.000000000000000e+00 0.000000000000000e+00
yras   = 0.000000000000000e+00 0.000000000000000e+00 -9.999999403953552e-01
zras   = 0.000000000000000e+00 9.999999403953552e-01 0.000000000000000e+00
cras   = 2.902450561523438e-01 -7.261924743652344e+00 2.796990966796875e+01
