# transform file /out/sourcedata/freesurfer/sub-v2s11x28683_ses-1/mri/transforms/cc_up.lta
# created by oesteban on Tue Mar 10 16:39:32 2026

type      = 0 # LINEAR_VOX_TO_VOX
nxforms   = 1
mean      = 164.0000 165.0000 160.0000
sigma     = 10000.0000
1 4 4
9.973705410957336e-01 -7.070817053318024e-02 1.589146256446838e-02 -2.248682022094727e+01 
7.069919258356094e-02 9.974972009658813e-01 1.126475515775383e-03 -3.017797851562500e+01 
-1.593133620917797e-02 1.164153357047226e-10 9.998731017112732e-01 -1.441665554046631e+01 
0.000000000000000e+00 0.000000000000000e+00 0.000000000000000e+00 1.000000000000000e+00 
src volume info
valid = 1  # volume info valid
filename = /out/sourcedata/freesurfer/sub-v2s11x28683_ses-1/mri/norm.mgz
volume = 320 320 320
voxelsize = 7.999999523162842e-01 7.999999523162842e-01 7.999999523162842e-01
xras   = -9.999999403953552e-01 0.000000000000000e+00 0.000000000000000e+00
yras   = 0.000000000000000e+00 0.000000000000000e+00 -9.999999403953552e-01
zras   = 0.000000000000000e+00 9.999999403953552e-01 0.000000000000000e+00
cras   = 5.738182067871094e+00 -2.118443298339844e+01 1.041545104980469e+01
dst volume info
valid = 1  # volume info valid
filename = /out/sourcedata/freesurfer/sub-v2s11x28683_ses-1/mri/norm.mgz
volume = 320 320 320
voxelsize = 7.999999523162842e-01 7.999999523162842e-01 7.999999523162842e-01
xras   = -9.999999403953552e-01 0.000000000000000e+00 0.000000000000000e+00
yras   = 0.000000000000000e+00 0.000000000000000e+00 -9.999999403953552e-01
zras   = 0.000000000000000e+00 9.999999403953552e-01 0.000000000000000e+00
cras   = 5.738182067871094e+00 -2.118443298339844e+01 1.041545104980469e+01
