#Insight Transform File V1.0
#Transform 0
Transform: AffineTransform_float_3_3
Parameters: 0.999999 0.00126739 -0.000182339 -0.00126661 0.999997 0.00210023 0.00018566 -0.00209977 0.999998 -0.000625094 -0.160109 0.0706712
FixedParameters: 0 0 0

#Transform 1
Transform: AffineTransform_float_3_3
Parameters: 0.999999 0.000880998 1.94965e-06 -0.000881002 0.999997 0.002213 -5.0341e-08 -0.002213 0.999997 -0.00996491 -0.173823 0.0762241
FixedParameters: 0 0 0

#Transform 2
Transform: AffineTransform_float_3_3
Parameters: 1 0.001021 2.67604e-06 -0.001021 0.999996 0.002621 -3.23947e-07 -0.002621 0.999996 -0.0203675 -0.190398 0.0697199
FixedParameters: 0 0 0

#Transform 3
Transform: AffineTransform_float_3_3
Parameters: 0.999999 0.000988287 -0.000113528 -0.000987714 0.999997 0.00250211 0.000115471 -0.00250189 0.999997 0.00295346 -0.125474 0.0476511
FixedParameters: 0 0 0

#Transform 4
Transform: AffineTransform_float_3_3
Parameters: 1 0.000415098 -0.000485063 -0.000413902 0.999998 0.0022612 0.000485937 -0.0022608 0.999998 0.0261514 -0.0916388 0.0316321
FixedParameters: 0 0 0

#Transform 5
Transform: AffineTransform_float_3_3
Parameters: 0.999999 0.000791261 -0.000129413 -0.000791739 0.999997 0.0020061 0.000130588 -0.0020059 0.999998 0.00119116 -0.111546 0.0304158
FixedParameters: 0 0 0

#Transform 6
Transform: AffineTransform_float_3_3
Parameters: 0.999999 0.000873811 0.000161027 -0.000874188 0.999999 0.00117486 -0.000159974 -0.00117414 1 -0.0130232 -0.0271495 -0.0145119
FixedParameters: 0 0 0

#Transform 7
Transform: AffineTransform_float_3_3
Parameters: 0.999999 0.000826999 8.15421e-07 -0.000827 0.999999 0.000985999 -1.84577e-07 -0.000986 0.999999 -0.00650289 -0.107558 0.00852026
FixedParameters: 0 0 0

#Transform 8
Transform: AffineTransform_float_3_3
Parameters: 0.999999 0.000826834 0.000101364 -0.000827165 0.999999 0.00164992 -9.96352e-05 -0.00165008 0.999998 -0.00096362 -0.160209 0.0668632
FixedParameters: 0 0 0

#Transform 9
Transform: AffineTransform_float_3_3
Parameters: 0.999999 0.000826998 1.73918e-06 -0.000827002 0.999998 0.002103 -2.60813e-07 -0.002103 0.999998 0.012749 -0.17181 0.0744757
FixedParameters: 0 0 0

#Transform 10
Transform: AffineTransform_float_3_3
Parameters: 1 5.31831e-05 -8.78894e-05 -5.28167e-05 0.999998 0.002082 8.81101e-05 -0.00208199 0.999998 0.0271675 -0.170655 0.0487097
FixedParameters: 0 0 0

#Transform 11
Transform: AffineTransform_float_3_3
Parameters: 0.999999 0.000872182 -0.000105508 -0.000871817 0.999998 0.00171109 0.000107492 -0.00171091 0.999998 -0.0082814 -0.102922 0.00993085
FixedParameters: 0 0 0

#Transform 12
Transform: AffineTransform_float_3_3
Parameters: 0.999999 0.000846042 -4.01201e-05 -0.000845958 0.999999 0.00104003 4.08798e-05 -0.00103997 1 -0.0247965 -0.0950166 0.0124209
FixedParameters: 0 0 0

#Transform 13
Transform: AffineTransform_float_3_3
Parameters: 1 0.000932015 2.75237e-05 -0.000931987 1 -0.000511026 -2.84762e-05 0.000510974 1 -0.0258865 -0.0140129 -0.0488375
FixedParameters: 0 0 0

#Transform 14
Transform: AffineTransform_float_3_3
Parameters: 0.999999 0.000710843 0.000209534 -0.000711158 1 0.000751851 -0.000209465 -0.000752149 0.999999 -0.0288386 -0.120168 0.0194014
FixedParameters: 0 0 0

#Transform 15
Transform: AffineTransform_float_3_3
Parameters: 1 0.000375965 2.8464e-05 -0.000376034 0.999999 0.00123399 -2.7536e-05 -0.00123401 0.999999 -0.0287638 -0.130968 0.0537876
FixedParameters: 0 0 0

#Transform 16
Transform: AffineTransform_float_3_3
Parameters: 1 0.000376485 -0.000326441 -0.000375515 0.999999 0.00148512 0.000326558 -0.00148488 0.999999 -0.0122769 -0.106369 0.033684
FixedParameters: 0 0 0

#Transform 17
Transform: AffineTransform_float_3_3
Parameters: 1 0.000375958 2.85557e-05 -0.000376042 0.999999 0.00147799 -2.84442e-05 -0.00147801 0.999999 -0.00951109 -0.119513 0.0333533
FixedParameters: 0 0 0

#Transform 18
Transform: AffineTransform_float_3_3
Parameters: 1 -0.000262877 -8.04033e-05 0.000263122 0.999999 0.00153398 7.95964e-05 -0.00153402 0.999999 0.0326318 -0.0575834 0.00931456
FixedParameters: 0 0 0

#Transform 19
Transform: AffineTransform_float_3_3
Parameters: 1 -8.70336e-05 2.78956e-05 8.69664e-05 1 0.0012 -2.81044e-05 -0.0012 1 0.0213856 -0.0939455 0.0278341
FixedParameters: 0 0 0

#Transform 20
Transform: AffineTransform_float_3_3
Parameters: 1 -7.10164e-05 2.79582e-05 7.19835e-05 1 0.000588002 -2.80423e-05 -0.000587998 1 0.00866533 -0.0529623 0.0297272
FixedParameters: 0 0 0

#Transform 21
Transform: AffineTransform_float_3_3
Parameters: 1 0.000618981 2.84073e-05 -0.000619018 0.999999 0.000657982 -2.75927e-05 -0.000658017 1 -0.0174203 -0.0695755 0.0206513
FixedParameters: 0 0 0

#Transform 22
Transform: AffineTransform_float_3_3
Parameters: 1 0.000353969 2.83869e-05 -0.00035403 1 0.00109299 -2.76131e-05 -0.00109301 1 -0.0163429 -0.151957 0.0707256
FixedParameters: 0 0 0

#Transform 23
Transform: AffineTransform_float_3_3
Parameters: 1 -0.000139044 2.7782e-05 0.000138956 0.999999 0.001568 -2.82179e-05 -0.001568 0.999999 0.0214689 -0.114841 0.0657504
FixedParameters: 0 0 0

#Transform 24
Transform: AffineTransform_float_3_3
Parameters: 0.999999 -0.000654608 -0.000398644 0.000654392 1 0.00098374 0.000398356 -0.000984262 1 0.0685215 -0.118921 0.0379079
FixedParameters: 0 0 0

#Transform 25
Transform: AffineTransform_float_3_3
Parameters: 0.999999 -0.0011826 -0.000879187 0.0011824 0.999999 -0.000688041 0.000879813 0.000686961 1 0.114868 -0.0153765 -0.0587606
FixedParameters: 0 0 0

#Transform 26
Transform: AffineTransform_float_3_3
Parameters: 0.999998 -0.00136495 -0.000954645 0.00136405 0.999998 -0.000993303 0.000956354 0.000991696 0.999999 0.126142 -0.0255797 -0.0508253
FixedParameters: 0 0 0

#Transform 27
Transform: AffineTransform_float_3_3
Parameters: 0.999998 -0.0017514 -0.000953436 0.0017496 0.999998 -0.00146567 0.000955563 0.00146333 0.999999 0.116873 0.0665505 -0.0904865
FixedParameters: 0 0 0

#Transform 28
Transform: AffineTransform_float_3_3
Parameters: 0.999998 -0.00175161 -0.000766323 0.00174939 0.999997 -0.00210135 0.000769677 0.00209966 0.999998 0.0790599 0.0752813 -0.127271
FixedParameters: 0 0 0

#Transform 29
Transform: AffineTransform_float_3_3
Parameters: 0.999999 -0.00175153 -0.000476421 0.00174948 0.999994 -0.00318684 0.000481577 0.00318616 0.999995 0.0573959 0.151053 -0.195792
FixedParameters: 0 0 0

#Transform 30
Transform: AffineTransform_float_3_3
Parameters: 0.999999 -0.00175095 -0.000340153 0.00175005 0.999994 -0.0027696 0.000345849 0.0027694 0.999996 0.0407991 0.0621125 -0.15709
FixedParameters: 0 0 0

#Transform 31
Transform: AffineTransform_float_3_3
Parameters: 0.999998 -0.00219288 -0.000690054 0.00219012 0.999994 -0.00271352 0.000696945 0.00271248 0.999996 0.0426685 0.0767043 -0.166314
FixedParameters: 0 0 0

#Transform 32
Transform: AffineTransform_float_3_3
Parameters: 0.999998 -0.00219278 -0.000674239 0.00219022 0.999994 -0.00262948 0.000679759 0.00262752 0.999997 0.0509177 0.039175 -0.153716
FixedParameters: 0 0 0

#Transform 33
Transform: AffineTransform_float_3_3
Parameters: 0.999997 -0.00224401 -0.000963014 0.00224099 0.999992 -0.00311617 0.000969985 0.00311383 0.999994 0.0857107 0.108085 -0.185006
FixedParameters: 0 0 0

#Transform 34
Transform: AffineTransform_float_3_3
Parameters: 0.999995 -0.00291135 -0.0013003 0.00290665 0.99999 -0.0033358 0.0013097 0.0033322 0.999993 0.130493 0.076161 -0.166706
FixedParameters: 0 0 0

#Transform 35
Transform: AffineTransform_float_3_3
Parameters: 0.999994 -0.00333007 -0.00118485 0.00332493 0.999986 -0.00425297 0.00119915 0.00424904 0.999991 0.147774 0.152431 -0.175587
FixedParameters: 0 0 0

#Transform 36
Transform: AffineTransform_float_3_3
Parameters: 0.999992 -0.00375396 -0.00128676 0.00374805 0.999983 -0.00459786 0.00130424 0.00459314 0.999988 0.149044 0.126962 -0.177002
FixedParameters: 0 0 0

#Transform 37
Transform: AffineTransform_float_3_3
Parameters: 0.999992 -0.00410119 -0.000768795 0.0040968 0.999969 -0.0066392 0.00079621 0.00663579 0.999977 0.140305 0.244142 -0.349795
FixedParameters: 0 0 0

#Transform 38
Transform: AffineTransform_float_3_3
Parameters: 0.99999 -0.00428335 -0.000649412 0.00427665 0.999946 -0.00948386 0.000689584 0.00948113 0.999955 0.10353 0.267918 -0.488176
FixedParameters: 0 0 0

#Transform 39
Transform: AffineTransform_float_3_3
Parameters: 0.999993 -0.00375116 -0.00048728 0.00374884 0.999973 -0.00632687 0.000510722 0.00632413 0.99998 0.0971995 0.225299 -0.377309
FixedParameters: 0 0 0

#Transform 40
Transform: AffineTransform_float_3_3
Parameters: 0.999992 -0.00391458 -0.000564378 0.00391242 0.999982 -0.00450424 0.000582623 0.00450175 0.999989 0.0881121 0.0942592 -0.266786
FixedParameters: 0 0 0

#Transform 41
Transform: AffineTransform_float_3_3
Parameters: 0.999993 -0.00374883 -0.000204387 0.00374818 0.999986 -0.0038988 0.000218614 0.00389821 0.999993 0.0598095 0.068516 -0.233458
FixedParameters: 0 0 0

#Transform 42
Transform: AffineTransform_float_3_3
Parameters: 0.999993 -0.00374881 -0.000207859 0.00374819 0.999986 -0.0037728 0.000222142 0.00377219 0.999993 0.0666234 0.0748096 -0.195234
FixedParameters: 0 0 0

#Transform 43
Transform: AffineTransform_float_3_3
Parameters: 0.999994 -0.00339851 -0.000678535 0.00339549 0.999988 -0.00367033 0.000690466 0.00366868 0.999993 0.106384 0.0890391 -0.184984
FixedParameters: 0 0 0

#Transform 44
Transform: AffineTransform_float_3_3
Parameters: 0.999993 -0.00375188 -0.0010391 0.00374812 0.999986 -0.00370892 0.0010529 0.00370508 0.999992 0.143282 0.130372 -0.162348
FixedParameters: 0 0 0

#Transform 45
Transform: AffineTransform_float_3_3
Parameters: 0.999992 -0.00375129 -0.000703705 0.00374871 0.999983 -0.00461367 0.000721299 0.00461133 0.999989 0.130597 0.181922 -0.243189
FixedParameters: 0 0 0

#Transform 46
Transform: AffineTransform_float_3_3
Parameters: 0.999991 -0.00429367 -0.000801192 0.00428833 0.999966 -0.0069485 0.000831808 0.00694449 0.999975 0.127613 0.286575 -0.377334
FixedParameters: 0 0 0

#Transform 47
Transform: AffineTransform_float_3_3
Parameters: 0.99999 -0.00461085 -0.000451261 0.00460714 0.999956 -0.00818917 0.00048974 0.00818683 0.999967 0.132947 0.228069 -0.411436
FixedParameters: 0 0 0

#Transform 48
Transform: AffineTransform_float_3_3
Parameters: 0.999988 -0.00477032 -0.000406818 0.00476668 0.999958 -0.00779803 0.000444179 0.00779598 0.99997 0.108587 0.235366 -0.398946
FixedParameters: 0 0 0

#Transform 49
Transform: AffineTransform_float_3_3
Parameters: 0.999989 -0.00470032 -0.000454873 0.00469768 0.999964 -0.00705122 0.00048813 0.00704879 0.999975 0.117601 0.190349 -0.343501
FixedParameters: 0 0 0

#Transform 50
Transform: AffineTransform_float_3_3
Parameters: 0.999988 -0.00477104 -0.000471806 0.00476696 0.999955 -0.00821934 0.000511191 0.00821666 0.999966 0.117371 0.258252 -0.395185
FixedParameters: 0 0 0

#Transform 51
Transform: AffineTransform_float_3_3
Parameters: 0.99999 -0.00438461 -0.00059813 0.00438039 0.999963 -0.00750169 0.000630874 0.00749931 0.999971 0.109137 0.222114 -0.380043
FixedParameters: 0 0 0

#Transform 52
Transform: AffineTransform_float_3_3
Parameters: 0.999988 -0.00477662 -0.00111659 0.00476637 0.999953 -0.00847042 0.0011574 0.00846457 0.999963 0.173689 0.292843 -0.413651
FixedParameters: 0 0 0

#Transform 53
Transform: AffineTransform_float_3_3
Parameters: 0.999986 -0.00517863 -0.00128693 0.00516836 0.999953 -0.00813576 0.00132908 0.00812923 0.999966 0.21095 0.247805 -0.391317
FixedParameters: 0 0 0

#Transform 54
Transform: AffineTransform_float_3_3
Parameters: 0.999989 -0.00461872 -0.000958532 0.00461128 0.999958 -0.00790451 0.000995469 0.00789949 0.999969 0.169352 0.278377 -0.356763
FixedParameters: 0 0 0

#Transform 55
Transform: AffineTransform_float_3_3
Parameters: 0.999991 -0.00414422 -0.000589075 0.00413979 0.999967 -0.0069845 0.000617923 0.0069815 0.999976 0.127108 0.212826 -0.295974
FixedParameters: 0 0 0

#Transform 56
Transform: AffineTransform_float_3_3
Parameters: 0.999991 -0.00406963 -0.000337704 0.00406737 0.999964 -0.00744744 0.000368297 0.00744556 0.999972 0.111787 0.254766 -0.315559
FixedParameters: 0 0 0

#Transform 57
Transform: AffineTransform_float_3_3
Parameters: 0.999992 -0.00414296 -0.00046753 0.00414005 0.999973 -0.00615099 0.000492471 0.00614902 0.999981 0.108296 0.119589 -0.24302
FixedParameters: 0 0 0

#Transform 58
Transform: AffineTransform_float_3_3
Parameters: 0.999992 -0.00414298 -0.000472559 0.00414002 0.999972 -0.00614401 0.000497442 0.00614199 0.999981 0.108563 0.157759 -0.261527
FixedParameters: 0 0 0

#Transform 59
Transform: AffineTransform_float_3_3
Parameters: 0.999989 -0.00452778 -0.00102141 0.00452123 0.999969 -0.00654269 0.00105059 0.00653832 0.999978 0.14278 0.156715 -0.281051
FixedParameters: 0 0 0

#Transform 60
Transform: AffineTransform_float_3_3
Parameters: 0.999987 -0.00486577 -0.00136725 0.00485424 0.999958 -0.00777074 0.00140475 0.00776426 0.999969 0.208951 0.240075 -0.339718
FixedParameters: 0 0 0

#Transform 61
Transform: AffineTransform_float_3_3
Parameters: 0.999984 -0.00535585 -0.00188225 0.00534015 0.999955 -0.00781018 0.00192374 0.00779982 0.999967 0.268262 0.256235 -0.314346
FixedParameters: 0 0 0

#Transform 62
Transform: AffineTransform_float_3_3
Parameters: 0.999983 -0.0054968 -0.00191464 0.0054792 0.999943 -0.00918164 0.00196436 0.00917036 0.999956 0.295866 0.311474 -0.374505
FixedParameters: 0 0 0

#Transform 63
Transform: AffineTransform_float_3_3
Parameters: 0.999983 -0.00550285 -0.00222696 0.00547915 0.999929 -0.0105764 0.00228504 0.0105636 0.999941 0.291793 0.358139 -0.4479
FixedParameters: 0 0 0

#Transform 64
Transform: AffineTransform_float_3_3
Parameters: 0.999985 -0.0052469 -0.00145285 0.0052291 0.999913 -0.0120598 0.00151615 0.0120522 0.999926 0.232319 0.395376 -0.513093
FixedParameters: 0 0 0

#Transform 65
Transform: AffineTransform_float_3_3
Parameters: 0.999984 -0.00549601 -0.00147188 0.00547898 0.999921 -0.0113232 0.00153411 0.0113147 0.999935 0.214709 0.349218 -0.524042
FixedParameters: 0 0 0

#Transform 66
Transform: AffineTransform_float_3_3
Parameters: 0.999985 -0.00517819 -0.00141244 0.00516281 0.999931 -0.0105544 0.00146656 0.0105476 0.999944 0.212034 0.297475 -0.481993
FixedParameters: 0 0 0

#Transform 67
Transform: AffineTransform_float_3_3
Parameters: 0.999984 -0.0053422 -0.00144284 0.0053268 0.999933 -0.0103428 0.00149815 0.0103352 0.999945 0.204553 0.288087 -0.462127
FixedParameters: 0 0 0

#Transform 68
Transform: AffineTransform_float_3_3
Parameters: 0.999983 -0.00549482 -0.00152613 0.00547918 0.999933 -0.0101855 0.00158186 0.0101765 0.999947 0.227877 0.300086 -0.442649
FixedParameters: 0 0 0

#Transform 69
Transform: AffineTransform_float_3_3
Parameters: 0.999982 -0.00572191 -0.00183195 0.00570309 0.999932 -0.0101676 0.00189005 0.0101564 0.999946 0.262899 0.312197 -0.454367
FixedParameters: 0 0 0

#Transform 70
Transform: AffineTransform_float_3_3
Parameters: 0.999982 -0.00568444 -0.00203478 0.00566356 0.999935 -0.0099127 0.00209121 0.00990129 0.999949 0.286092 0.309839 -0.410202
FixedParameters: 0 0 0

#Transform 71
Transform: AffineTransform_float_3_3
Parameters: 0.999981 -0.00582795 -0.00203188 0.00580705 0.999932 -0.010169 0.00209113 0.010157 0.999946 0.277376 0.328014 -0.436669
FixedParameters: 0 0 0

#Transform 72
Transform: AffineTransform_float_3_3
Parameters: 0.999982 -0.00573752 -0.00186918 0.00571648 0.999919 -0.0113229 0.00193382 0.0113121 0.999934 0.253926 0.368927 -0.474767
FixedParameters: 0 0 0

#Transform 73
Transform: AffineTransform_float_3_3
Parameters: 0.999984 -0.00549637 -0.00143923 0.00547863 0.999916 -0.0118071 0.00150377 0.0117989 0.99993 0.214048 0.381753 -0.503327
FixedParameters: 0 0 0

#Transform 74
Transform: AffineTransform_float_3_3
Parameters: 0.999984 -0.00559177 -0.00139443 0.00557525 0.999916 -0.011748 0.00145957 0.011739 0.99993 0.210694 0.358245 -0.51373
FixedParameters: 0 0 0

#Transform 75
Transform: AffineTransform_float_3_3
Parameters: 0.999984 -0.00549272 -0.00123029 0.00547929 0.999925 -0.0108879 0.00128972 0.0108811 0.99994 0.205631 0.304635 -0.485896
FixedParameters: 0 0 0

#Transform 76
Transform: AffineTransform_float_3_3
Parameters: 0.999983 -0.00549887 -0.00184996 0.00547913 0.999929 -0.0105793 0.00190804 0.0105687 0.999943 0.260312 0.297219 -0.446966
FixedParameters: 0 0 0

#Transform 77
Transform: AffineTransform_float_3_3
Parameters: 0.999982 -0.00562975 -0.00234855 0.00560527 0.99993 -0.0104124 0.00240646 0.0103986 0.999943 0.308328 0.317366 -0.420651
FixedParameters: 0 0 0

#Transform 78
Transform: AffineTransform_float_3_3
Parameters: 0.999979 -0.00615392 -0.00228458 0.00613009 0.999928 -0.0103332 0.00234743 0.0103188 0.999944 0.328505 0.307157 -0.427676
FixedParameters: 0 0 0

#Transform 79
Transform: AffineTransform_float_3_3
Parameters: 0.999978 -0.00615594 -0.00243132 0.00613005 0.999925 -0.0105361 0.00249668 0.0105209 0.999941 0.332113 0.355357 -0.414093
FixedParameters: 0 0 0

#Transform 80
Transform: AffineTransform_float_3_3
Parameters: 0.999978 -0.00615658 -0.00249129 0.00613042 0.999925 -0.0105405 0.00255572 0.0105255 0.999942 0.341538 0.329089 -0.428098
FixedParameters: 0 0 0

#Transform 81
Transform: AffineTransform_float_3_3
Parameters: 0.999979 -0.00613735 -0.00233948 0.00610965 0.999915 -0.0115235 0.00241052 0.0115085 0.999931 0.330617 0.403941 -0.466613
FixedParameters: 0 0 0

#Transform 82
Transform: AffineTransform_float_3_3
Parameters: 0.999982 -0.0056017 -0.00182577 0.0055783 0.99991 -0.0122094 0.00189422 0.0121996 0.999924 0.281073 0.364985 -0.516403
FixedParameters: 0 0 0

#Transform 83
Transform: AffineTransform_float_3_3
Parameters: 0.999982 -0.00561706 -0.00182555 0.00559293 0.999901 -0.0129294 0.00189845 0.0129196 0.999914 0.249717 0.432647 -0.564515
FixedParameters: 0 0 0

#Transform 84
Transform: AffineTransform_float_3_3
Parameters: 0.999985 -0.00520598 -0.00170311 0.00518603 0.99992 -0.01153 0.00176289 0.011521 0.999932 0.253972 0.300654 -0.513384
FixedParameters: 0 0 0

#Transform 85
Transform: AffineTransform_float_3_3
Parameters: 0.999985 -0.0051321 -0.00180071 0.0051129 0.999926 -0.0109934 0.0018573 0.0109846 0.999938 0.256389 0.310961 -0.472067
FixedParameters: 0 0 0

#Transform 86
Transform: AffineTransform_float_3_3
Parameters: 0.999985 -0.00532334 -0.00166349 0.00530666 0.999934 -0.01026 0.00171851 0.010251 0.999946 0.240931 0.272787 -0.420384
FixedParameters: 0 0 0

#Transform 87
Transform: AffineTransform_float_3_3
Parameters: 0.999982 -0.00572346 -0.00179821 0.00570455 0.999927 -0.0106444 0.0018588 0.0106346 0.999941 0.269377 0.351527 -0.44944
FixedParameters: 0 0 0

#Transform 88
Transform: AffineTransform_float_3_3
Parameters: 0.99998 -0.00585686 -0.00217027 0.00583413 0.999929 -0.0103949 0.00223173 0.0103821 0.999943 0.307267 0.308452 -0.403214
FixedParameters: 0 0 0

#Transform 89
Transform: AffineTransform_float_3_3
Parameters: 0.99998 -0.00604659 -0.00221397 0.00602241 0.999922 -0.0109486 0.00228003 0.0109344 0.999937 0.320916 0.373382 -0.430212
FixedParameters: 0 0 0

#Transform 90
Transform: AffineTransform_float_3_3
Parameters: 0.999979 -0.00604567 -0.00212277 0.00602234 0.999922 -0.010983 0.00218824 0.01097 0.999938 0.300252 0.362755 -0.45847
FixedParameters: 0 0 0

#Transform 91
Transform: AffineTransform_float_3_3
Parameters: 0.999984 -0.00554087 -0.00167236 0.00551912 0.99991 -0.0122354 0.00174063 0.0122256 0.999923 0.256379 0.444578 -0.565914
FixedParameters: 0 0 0

#Transform 92
Transform: AffineTransform_float_3_3
Parameters: 0.999984 -0.00545013 -0.00166429 0.00542886 0.999907 -0.0124512 0.0017317 0.0124418 0.999921 0.257384 0.388489 -0.598774
FixedParameters: 0 0 0

#Transform 93
Transform: AffineTransform_float_3_3
Parameters: 0.999983 -0.00571952 -0.00163869 0.0056975 0.999902 -0.0128456 0.0017113 0.0128354 0.999916 0.266777 0.428846 -0.644539
FixedParameters: 0 0 0

#Transform 94
Transform: AffineTransform_float_3_3
Parameters: 0.999982 -0.00577975 -0.00144669 0.00576326 0.99992 -0.0113205 0.00151232 0.0113125 0.999935 0.226936 0.300525 -0.545221
FixedParameters: 0 0 0

#Transform 95
Transform: AffineTransform_float_3_3
Parameters: 0.999982 -0.00586617 -0.00134548 0.00585083 0.999922 -0.0110161 0.00140952 0.0110079 0.999939 0.218393 0.332761 -0.492228
FixedParameters: 0 0 0

#Transform 96
Transform: AffineTransform_float_3_3
Parameters: 0.999981 -0.00590271 -0.00182441 0.0058833 0.999926 -0.0106259 0.00188658 0.0106141 0.999942 0.256876 0.298629 -0.458905
FixedParameters: 0 0 0

#Transform 97
Transform: AffineTransform_float_3_3
Parameters: 0.999981 -0.0059413 -0.00196989 0.0059197 0.999926 -0.0106479 0.00203312 0.0106361 0.999942 0.296859 0.342255 -0.441407
FixedParameters: 0 0 0

#Transform 98
Transform: AffineTransform_float_3_3
Parameters: 0.999978 -0.0061548 -0.00223073 0.0061302 0.999921 -0.0109589 0.00229828 0.0109451 0.999938 0.31479 0.354073 -0.437286
FixedParameters: 0 0 0

#Transform 99
Transform: AffineTransform_float_3_3
Parameters: 0.999978 -0.00635523 -0.00220871 0.00632977 0.999916 -0.0112462 0.00228029 0.0112318 0.999935 0.310131 0.387842 -0.481957
FixedParameters: 0 0 0

#Transform 100
Transform: AffineTransform_float_3_3
Parameters: 0.999979 -0.00624083 -0.00184107 0.00621716 0.999901 -0.0126767 0.00192093 0.0126643 0.999918 0.263439 0.443684 -0.566458
FixedParameters: 0 0 0

#Transform 101
Transform: AffineTransform_float_3_3
Parameters: 0.999981 -0.00598997 -0.00158792 0.00596903 0.999899 -0.0128947 0.00166508 0.0128853 0.999915 0.260668 0.437312 -0.603322
FixedParameters: 0 0 0

#Transform 102
Transform: AffineTransform_float_3_3
Parameters: 0.999978 -0.00629552 -0.00196913 0.00626848 0.999894 -0.0131966 0.00205186 0.0131834 0.999911 0.308734 0.438085 -0.661954
FixedParameters: 0 0 0

#Transform 103
Transform: AffineTransform_float_3_3
Parameters: 0.99998 -0.00599452 -0.00210986 0.00596848 0.999912 -0.0118988 0.00218114 0.0118862 0.999927 0.33036 0.332125 -0.573316
FixedParameters: 0 0 0

#Transform 104
Transform: AffineTransform_float_3_3
Parameters: 0.999983 -0.00527742 -0.00255715 0.00524958 0.999925 -0.0109976 0.00261486 0.0109844 0.999937 0.285743 0.337356 -0.490653
FixedParameters: 0 0 0

#Transform 105
Transform: AffineTransform_float_3_3
Parameters: 0.999983 -0.00545649 -0.00233019 0.00543051 0.999927 -0.0108088 0.0023888 0.0107962 0.999939 0.288711 0.314878 -0.464158
FixedParameters: 0 0 0

#Transform 106
Transform: AffineTransform_float_3_3
Parameters: 0.999978 -0.00614526 -0.00226251 0.00611973 0.99992 -0.0110111 0.00232948 0.0109969 0.999937 0.286228 0.362484 -0.464545
FixedParameters: 0 0 0

#Transform 107
Transform: AffineTransform_float_3_3
Parameters: 0.999979 -0.00600766 -0.00235201 0.00598134 0.999919 -0.0111823 0.00241899 0.0111677 0.999934 0.321226 0.366835 -0.465102
FixedParameters: 0 0 0

#Transform 108
Transform: AffineTransform_float_3_3
Parameters: 0.999978 -0.00601348 -0.00278696 0.00598052 0.999916 -0.0115199 0.00285603 0.0115031 0.99993 0.353535 0.405206 -0.486105
FixedParameters: 0 0 0

#Transform 109
Transform: AffineTransform_float_3_3
Parameters: 0.999979 -0.00583613 -0.00263981 0.00580186 0.999902 -0.0127566 0.00271419 0.0127414 0.999915 0.356636 0.446552 -0.565548
FixedParameters: 0 0 0

#Transform 110
Transform: AffineTransform_float_3_3
Parameters: 0.99998 -0.00577413 -0.00249442 0.00573986 0.999892 -0.0134816 0.00257257 0.0134664 0.999906 0.31961 0.477809 -0.61963
FixedParameters: 0 0 0

#Transform 111
Transform: AffineTransform_float_3_3
Parameters: 0.999984 -0.00480806 -0.00304823 0.00476893 0.999908 -0.0126967 0.00310876 0.0126813 0.999915 0.290568 0.402689 -0.609497
FixedParameters: 0 0 0

#Transform 112
Transform: AffineTransform_float_3_3
Parameters: 0.999983 -0.00413656 -0.00397715 0.00409144 0.999926 -0.0113965 0.00402386 0.0113805 0.999927 0.332079 0.364024 -0.537122
FixedParameters: 0 0 0

#Transform 113
Transform: AffineTransform_float_3_3
Parameters: 0.999983 -0.00464553 -0.00357318 0.00460647 0.999929 -0.0109937 0.00362382 0.0109764 0.999933 0.346562 0.29537 -0.452133
FixedParameters: 0 0 0

#Transform 114
Transform: AffineTransform_float_3_3
Parameters: 0.999982 -0.00499314 -0.00334632 0.00495385 0.999921 -0.0116048 0.00340468 0.0115882 0.999927 0.33672 0.384373 -0.485822
FixedParameters: 0 0 0

#Transform 115
Transform: AffineTransform_float_3_3
Parameters: 0.999981 -0.00536266 -0.00321832 0.00532635 0.999926 -0.0109874 0.00327668 0.0109697 0.999935 0.328749 0.329443 -0.438915
FixedParameters: 0 0 0

#Transform 116
Transform: AffineTransform_float_3_3
Parameters: 0.999979 -0.00554261 -0.00321125 0.00550438 0.999914 -0.0119119 0.00327675 0.0118941 0.999924 0.335034 0.438292 -0.489634
FixedParameters: 0 0 0

#Transform 117
Transform: AffineTransform_float_3_3
Parameters: 0.999978 -0.00581278 -0.00314967 0.00577323 0.999906 -0.0124945 0.00322133 0.0124756 0.999917 0.326375 0.398903 -0.50891
FixedParameters: 0 0 0

#Transform 118
Transform: AffineTransform_float_3_3
Parameters: 0.99998 -0.00578261 -0.00280065 0.00574439 0.999891 -0.0136024 0.00287935 0.0135856 0.999903 0.326305 0.493251 -0.607037
FixedParameters: 0 0 0

#Transform 119
Transform: AffineTransform_float_3_3
Parameters: 0.999977 -0.00553091 -0.00373673 0.00548008 0.999894 -0.0134998 0.00381127 0.0134792 0.999902 0.383357 0.430596 -0.656721
FixedParameters: 0 0 0

#Transform 120
Transform: AffineTransform_float_3_3
Parameters: 0.999979 -0.0050934 -0.00416637 0.00503861 0.999904 -0.0129643 0.00423163 0.0129427 0.999908 0.428777 0.409562 -0.669003
FixedParameters: 0 0 0

#Transform 121
Transform: AffineTransform_float_3_3
Parameters: 0.999977 -0.00514362 -0.00431216 0.00509237 0.999917 -0.0118972 0.00437383 0.0118748 0.99992 0.440522 0.365125 -0.581374
FixedParameters: 0 0 0

#Transform 122
Transform: AffineTransform_float_3_3
Parameters: 0.999979 -0.00540869 -0.00360523 0.00536631 0.99992 -0.0114746 0.00366677 0.0114554 0.999927 0.42939 0.372255 -0.528223
FixedParameters: 0 0 0

#Transform 123
Transform: AffineTransform_float_3_3
Parameters: 0.999984 -0.00565561 -0.00111908 0.0056434 0.999924 -0.0109635 0.00118093 0.0109575 0.99994 0.350731 0.359716 -0.504368
FixedParameters: 0 0 0

#Transform 124
Transform: AffineTransform_float_3_3
Parameters: 0.999978 -0.00603834 -0.00274802 0.00600666 0.999915 -0.0116288 0.00281799 0.0116122 0.999928 0.36961 0.325038 -0.468666
FixedParameters: 0 0 0

#Transform 125
Transform: AffineTransform_float_3_3
Parameters: 0.999975 -0.00632207 -0.00298578 0.00628592 0.999909 -0.0119411 0.00306122 0.0119219 0.999924 0.374685 0.420242 -0.476567
FixedParameters: 0 0 0

#Transform 126
Transform: AffineTransform_float_3_3
Parameters: 0.999976 -0.00625067 -0.0030305 0.00621233 0.999901 -0.0126071 0.00310851 0.0125879 0.999916 0.384387 0.449651 -0.524768
FixedParameters: 0 0 0

#Transform 127
Transform: AffineTransform_float_3_3
Parameters: 0.999976 -0.00625245 -0.00297032 0.00621255 0.999891 -0.0134358 0.00305469 0.0134172 0.999906 0.37086 0.477137 -0.591206
FixedParameters: 0 0 0

#Transform 128
Transform: AffineTransform_float_3_3
Parameters: 0.999975 -0.0063046 -0.00302269 0.00626238 0.999883 -0.0139043 0.00311031 0.0138847 0.999899 0.366862 0.488728 -0.614408
FixedParameters: 0 0 0

#Transform 129
Transform: AffineTransform_float_3_3
Parameters: 0.999976 -0.00631075 -0.0030357 0.00626925 0.999889 -0.0135704 0.0031213 0.0135506 0.999904 0.367388 0.466106 -0.593269
FixedParameters: 0 0 0

#Transform 130
Transform: AffineTransform_float_3_3
Parameters: 0.999978 -0.0059531 -0.00316144 0.00591389 0.999907 -0.012238 0.00323456 0.012219 0.99992 0.386024 0.385565 -0.513756
FixedParameters: 0 0 0

#Transform 131
Transform: AffineTransform_float_3_3
Parameters: 0.999975 -0.00632894 -0.00316121 0.00629006 0.999906 -0.0121802 0.0032378 0.0121608 0.999921 0.377334 0.407535 -0.474317
FixedParameters: 0 0 0

#Transform 132
Transform: AffineTransform_float_3_3
Parameters: 0.999975 -0.00645623 -0.0031068 0.00641978 0.999909 -0.0118463 0.00318322 0.0118268 0.999925 0.377766 0.381578 -0.464477
FixedParameters: 0 0 0

#Transform 133
Transform: AffineTransform_float_3_3
Parameters: 0.999973 -0.00671228 -0.00317218 0.00667372 0.999903 -0.0122355 0.00325383 0.0122145 0.99992 0.379473 0.442884 -0.476043
FixedParameters: 0 0 0

#Transform 134
Transform: AffineTransform_float_3_3
Parameters: 0.999973 -0.00665404 -0.00304032 0.00661796 0.999909 -0.0117154 0.00311768 0.0116946 0.999927 0.377904 0.389196 -0.474484
FixedParameters: 0 0 0

#Transform 135
Transform: AffineTransform_float_3_3
Parameters: 0.999973 -0.00664571 -0.00315155 0.0066053 0.999897 -0.0127562 0.00323545 0.0127348 0.999913 0.391191 0.482098 -0.515349
FixedParameters: 0 0 0

#Transform 136
Transform: AffineTransform_float_3_3
Parameters: 0.999974 -0.00660945 -0.00296353 0.00657055 0.999892 -0.0131308 0.00304948 0.0131112 0.99991 0.386859 0.435277 -0.540594
FixedParameters: 0 0 0

#Transform 137
Transform: AffineTransform_float_3_3
Parameters: 0.999972 -0.00675619 -0.00299043 0.0067138 0.999881 -0.0139015 0.00308456 0.0138805 0.999899 0.388048 0.514247 -0.609567
FixedParameters: 0 0 0

#Transform 138
Transform: AffineTransform_float_3_3
Parameters: 0.99997 -0.00687618 -0.00354134 0.00682481 0.999875 -0.0142676 0.00363966 0.0142434 0.999892 0.402378 0.488136 -0.729564
FixedParameters: 0 0 0

#Transform 139
Transform: AffineTransform_float_3_3
Parameters: 0.999974 -0.00653815 -0.00297737 0.00649785 0.999891 -0.0133007 0.00306463 0.0132803 0.999907 0.41928 0.420338 -0.64868
FixedParameters: 0 0 0

#Transform 140
Transform: AffineTransform_float_3_3
Parameters: 0.999973 -0.00662402 -0.00339524 0.00658199 0.999904 -0.0122417 0.00347576 0.0122183 0.99992 0.415926 0.291604 -0.533034
FixedParameters: 0 0 0

#Transform 141
Transform: AffineTransform_float_3_3
Parameters: 0.999972 -0.0068178 -0.0031256 0.00677821 0.999898 -0.0125725 0.0032104 0.0125505 0.999916 0.396396 0.407177 -0.549822
FixedParameters: 0 0 0

#Transform 142
Transform: AffineTransform_float_3_3
Parameters: 0.999972 -0.00683631 -0.00327513 0.0067947 0.9999 -0.0124626 0.00335986 0.0124394 0.999917 0.397695 0.434512 -0.53229
FixedParameters: 0 0 0

#Transform 143
Transform: AffineTransform_float_3_3
Parameters: 0.99997 -0.00694143 -0.00324883 0.00689856 0.999893 -0.0128958 0.00333815 0.0128722 0.999911 0.396707 0.484923 -0.550445
FixedParameters: 0 0 0

#Transform 144
Transform: AffineTransform_float_3_3
Parameters: 0.99997 -0.00705432 -0.00335943 0.00700869 0.999883 -0.013604 0.00345458 0.01358 0.999902 0.415109 0.513016 -0.617356
FixedParameters: 0 0 0

#Transform 145
Transform: AffineTransform_float_3_3
Parameters: 0.99997 -0.00717251 -0.00309252 0.0071275 0.999869 -0.0144845 0.0031955 0.0144625 0.999891 0.426731 0.517526 -0.644674
FixedParameters: 0 0 0

#Transform 146
Transform: AffineTransform_float_3_3
Parameters: 0.999969 -0.00725592 -0.0032871 0.00720709 0.999866 -0.0146562 0.00339291 0.0146328 0.999887 0.434725 0.518773 -0.668453
FixedParameters: 0 0 0

#Transform 147
Transform: AffineTransform_float_3_3
Parameters: 0.999971 -0.00684775 -0.00351219 0.00680125 0.999894 -0.0128773 0.0035998 0.0128527 0.999911 0.460502 0.413375 -0.552385
FixedParameters: 0 0 0

#Transform 148
Transform: AffineTransform_float_3_3
Parameters: 0.999969 -0.00704642 -0.00352045 0.00700258 0.999897 -0.012476 0.00360756 0.012451 0.999916 0.433564 0.416783 -0.504747
FixedParameters: 0 0 0

#Transform 149
Transform: AffineTransform_float_3_3
Parameters: 0.999971 -0.00686593 -0.00324677 0.00682407 0.999896 -0.0127545 0.00333423 0.0127315 0.999914 0.412019 0.406499 -0.511437
FixedParameters: 0 0 0

#Transform 150
Transform: AffineTransform_float_3_3
Parameters: 0.99997 -0.00702686 -0.00329516 0.00698513 0.999897 -0.0125494 0.00338284 0.0125256 0.999916 0.397219 0.431408 -0.517933
FixedParameters: 0 0 0

#Transform 151
Transform: AffineTransform_float_3_3
Parameters: 0.999971 -0.00689173 -0.00320585 0.00685126 0.999898 -0.0125483 0.00329215 0.0125257 0.999916 0.406328 0.441349 -0.525502
FixedParameters: 0 0 0

#Transform 152
Transform: AffineTransform_float_3_3
Parameters: 0.999967 -0.0072737 -0.00346971 0.00722628 0.999882 -0.0135695 0.0035683 0.0135445 0.999902 0.451179 0.488776 -0.572873
FixedParameters: 0 0 0

#Transform 153
Transform: AffineTransform_float_3_3
Parameters: 0.999957 -0.00837274 -0.00395913 0.00831427 0.999862 -0.0143815 0.00407886 0.0143485 0.999888 0.513035 0.507614 -0.631108
FixedParameters: 0 0 0

#Transform 154
Transform: AffineTransform_float_3_3
Parameters: 0.999935 -0.0101704 -0.00504065 0.0100946 0.99984 -0.0147638 0.00519034 0.0147122 0.999879 0.628317 0.522838 -0.651969
FixedParameters: 0 0 0

#Transform 155
Transform: AffineTransform_float_3_3
Parameters: 0.999939 -0.00949208 -0.00563633 0.00941991 0.999875 -0.0126809 0.00575665 0.0126261 0.999903 0.681186 0.379621 -0.546818
FixedParameters: 0 0 0

#Transform 156
Transform: AffineTransform_float_3_3
Parameters: 0.999944 -0.00922449 -0.0052151 0.00915851 0.999879 -0.0126325 0.0053309 0.0125845 0.999906 0.603727 0.429051 -0.521285
FixedParameters: 0 0 0

#Transform 157
Transform: AffineTransform_float_3_3
Parameters: 0.999958 -0.00799615 -0.0043448 0.00794185 0.999893 -0.01234 0.0044432 0.012305 0.999915 0.506197 0.413867 -0.496628
FixedParameters: 0 0 0

#Transform 158
Transform: AffineTransform_float_3_3
Parameters: 0.999965 -0.00742531 -0.00389147 0.00737568 0.999891 -0.0127881 0.00398654 0.0127588 0.99991 0.453401 0.480997 -0.531674
FixedParameters: 0 0 0

#Transform 159
Transform: AffineTransform_float_3_3
Parameters: 0.999967 -0.00715233 -0.00388349 0.00710366 0.999896 -0.012571 0.00397352 0.012543 0.999914 0.451356 0.441969 -0.531514
FixedParameters: 0 0 0

#Transform 160
Transform: AffineTransform_float_3_3
Parameters: 0.99995 -0.00887271 -0.0045583 0.00880628 0.99986 -0.0142389 0.00468468 0.0141971 0.999888 0.538455 0.551867 -0.610719
FixedParameters: 0 0 0

#Transform 161
Transform: AffineTransform_float_3_3
Parameters: 0.999946 -0.00941453 -0.0045447 0.00934547 0.999845 -0.0148713 0.0046843 0.0148277 0.999879 0.559121 0.5008 -0.627134
FixedParameters: 0 0 0

#Transform 162
Transform: AffineTransform_float_3_3
Parameters: 0.999937 -0.00996739 -0.0051234 0.0098886 0.999834 -0.0152946 0.0052756 0.0152424 0.99987 0.596189 0.543048 -0.673657
FixedParameters: 0 0 0

#Transform 163
Transform: AffineTransform_float_3_3
Parameters: 0.999939 -0.00952276 -0.00568947 0.00944626 0.999866 -0.0133676 0.00581554 0.0133134 0.999894 0.661494 0.416625 -0.592603
FixedParameters: 0 0 0

#Transform 164
Transform: AffineTransform_float_3_3
Parameters: 0.999935 -0.00961327 -0.00613339 0.00952973 0.999864 -0.0134653 0.00626161 0.0134057 0.999891 0.676837 0.460389 -0.589079
FixedParameters: 0 0 0

#Transform 165
Transform: AffineTransform_float_3_3
Parameters: 0.999947 -0.00906266 -0.00493382 0.00899933 0.999878 -0.0127761 0.00504919 0.0127309 0.999906 0.56175 0.415826 -0.518395
FixedParameters: 0 0 0

#Transform 166
Transform: AffineTransform_float_3_3
Parameters: 0.99995 -0.00886271 -0.00467192 0.00880029 0.999873 -0.0132768 0.00478908 0.0132352 0.999901 0.522439 0.480758 -0.551727
FixedParameters: 0 0 0

#Transform 167
Transform: AffineTransform_float_3_3
Parameters: 0.999959 -0.00794453 -0.00420028 0.00789046 0.99989 -0.0126107 0.00430071 0.0125773 0.999911 0.480217 0.450956 -0.529502
FixedParameters: 0 0 0

#Transform 168
Transform: AffineTransform_float_3_3
Parameters: 0.999951 -0.00885143 -0.00454558 0.00878759 0.999867 -0.0137866 0.00466742 0.0137464 0.999894 0.530274 0.530429 -0.581773
FixedParameters: 0 0 0

#Transform 169
Transform: AffineTransform_float_3_3
Parameters: 0.99994 -0.00966833 -0.00517298 0.00959166 0.999845 -0.0147715 0.00531502 0.0147205 0.999877 0.586529 0.524856 -0.634746
FixedParameters: 0 0 0

#Transform 170
Transform: AffineTransform_float_3_3
Parameters: 0.999929 -0.0106262 -0.00539564 0.0105388 0.999818 -0.015937 0.00556436 0.015879 0.999859 0.648979 0.544105 -0.724337
FixedParameters: 0 0 0

#Transform 171
Transform: AffineTransform_float_3_3
Parameters: 0.999919 -0.0108998 -0.0065706 0.0107992 0.999827 -0.0151872 0.0067344 0.0151148 0.999863 0.734017 0.48385 -0.735692
FixedParameters: 0 0 0

#Transform 172
Transform: AffineTransform_float_3_3
Parameters: 0.999928 -0.0100594 -0.00663646 0.00996961 0.999861 -0.0133671 0.00677054 0.0132999 0.999888 0.750535 0.417457 -0.600893
FixedParameters: 0 0 0

#Transform 173
Transform: AffineTransform_float_3_3
Parameters: 0.999933 -0.010045 -0.00562416 0.00997002 0.999863 -0.013202 0.00575684 0.013145 0.999897 0.639019 0.425296 -0.556002
FixedParameters: 0 0 0

#Transform 174
Transform: AffineTransform_float_3_3
Parameters: 0.999945 -0.00919365 -0.00491921 0.00912835 0.999871 -0.0132066 0.00503978 0.0131604 0.9999 0.560801 0.450638 -0.553307
FixedParameters: 0 0 0

#Transform 175
Transform: AffineTransform_float_3_3
Parameters: 0.999948 -0.00901753 -0.00460853 0.00895647 0.999872 -0.013203 0.00472648 0.0131611 0.999902 0.52405 0.477509 -0.561866
FixedParameters: 0 0 0

#Transform 176
Transform: AffineTransform_float_3_3
Parameters: 0.999945 -0.00923491 -0.00485717 0.00916508 0.999859 -0.0140243 0.00498582 0.0139797 0.99989 0.555396 0.49808 -0.603218
FixedParameters: 0 0 0

#Transform 177
Transform: AffineTransform_float_3_3
Parameters: 0.999933 -0.0103439 -0.00533208 0.0102621 0.999832 -0.0151597 0.00548892 0.0151042 0.999871 0.615621 0.560919 -0.660335
FixedParameters: 0 0 0

#Transform 178
Transform: AffineTransform_float_3_3
Parameters: 0.99993 -0.010348 -0.00563889 0.010254 0.999812 -0.016444 0.0058081 0.016385 0.999849 0.635998 0.541288 -0.729969
FixedParameters: 0 0 0

#Transform 179
Transform: AffineTransform_float_3_3
Parameters: 0.999927 -0.0104219 -0.00610789 0.0103101 0.999784 -0.0180803 0.00629511 0.0180157 0.999818 0.676586 0.573492 -0.853017
FixedParameters: 0 0 0

#Transform 180
Transform: AffineTransform_float_3_3
Parameters: 0.999946 -0.00899291 -0.00533739 0.00891909 0.999866 -0.0137134 0.00546061 0.0136646 0.999891 0.609838 0.38158 -0.64131
FixedParameters: 0 0 0

#Transform 181
Transform: AffineTransform_float_3_3
Parameters: 0.999961 -0.00745699 -0.00473313 0.007392 0.99988 -0.0136035 0.00483487 0.0135675 0.999897 0.53738 0.377713 -0.635603
FixedParameters: 0 0 0

#Transform 182
Transform: AffineTransform_float_3_3
Parameters: 0.99997 -0.00655059 -0.00424749 0.00650041 0.999912 -0.011585 0.00432351 0.011557 0.999924 0.487246 0.270744 -0.492088
FixedParameters: 0 0 0

#Transform 183
Transform: AffineTransform_float_3_3
Parameters: 0.999969 -0.0064423 -0.00438181 0.0063947 0.999919 -0.0109494 0.0044512 0.0109217 0.999931 0.482725 0.29775 -0.426537
FixedParameters: 0 0 0

#Transform 184
Transform: AffineTransform_float_3_3
Parameters: 0.99997 -0.00628217 -0.00464216 0.00623884 0.999937 -0.00925425 0.00469985 0.00922576 0.999947 0.470092 0.249102 -0.342722
FixedParameters: 0 0 0

#Transform 185
Transform: AffineTransform_float_3_3
Parameters: 0.999971 -0.00608302 -0.00445821 0.00603798 0.999932 -0.0100432 0.00451879 0.0100168 0.999939 0.469156 0.257265 -0.36477
FixedParameters: 0 0 0

#Transform 186
Transform: AffineTransform_float_3_3
Parameters: 0.999985 -0.00435209 -0.00313078 0.0043279 0.999962 -0.00766166 0.00316422 0.00764734 0.999966 0.337445 0.0912571 -0.154601
FixedParameters: 0 0 0

#Transform 187
Transform: AffineTransform_float_3_3
Parameters: 0.999993 -0.00141662 -0.00347329 0.00140438 0.999994 -0.0033449 0.00347771 0.0033401 0.999989 0.250137 -0.39836 0.382707
FixedParameters: 0 0 0

#Transform 188
Transform: AffineTransform_float_3_3
Parameters: 0.999997 -0.00209066 0.0005805 0.00209334 0.99999 -0.00406279 -0.000571498 0.0040642 0.999991 0.201425 -0.227309 0.515861
FixedParameters: 0 0 0

#Transform 189
Transform: AffineTransform_float_3_3
Parameters: 0.999993 -0.0034332 0.000997261 0.0034408 0.999962 -0.00792962 -0.000969742 0.00793238 0.999968 0.121623 0.076144 -0.012442
FixedParameters: 0 0 0

#Transform 190
Transform: AffineTransform_float_3_3
Parameters: 0.999992 -0.00375693 0.00150266 0.00377107 0.999948 -0.00947141 -0.00146734 0.00947659 0.999954 0.0919258 0.142833 -0.120323
FixedParameters: 0 0 0

#Transform 191
