#Insight Transform File V1.0
#Transform 0
Transform: AffineTransform_float_3_3
Parameters: 0.999999 0.00138211 -5.00244e-05 -0.00138289 0.999996 0.00215307 5.29774e-05 -0.00215293 0.999997 -0.00773825 -0.124571 0.0565109
FixedParameters: 0 0 0

#Transform 1
Transform: AffineTransform_float_3_3
Parameters: 0.999999 0.000889489 -0.000191747 -0.000889513 0.999997 0.00253317 0.000193254 -0.00253283 0.999997 -0.00221929 -0.148355 0.0489163
FixedParameters: 0 0 0

#Transform 2
Transform: AffineTransform_float_3_3
Parameters: 1 0.0011274 -0.000149026 -0.0011266 0.999996 0.00263817 0.000151973 -0.00263783 0.999997 -0.0211814 -0.161519 0.0611789
FixedParameters: 0 0 0

#Transform 3
Transform: AffineTransform_float_3_3
Parameters: 0.999999 0.000774174 -6.70152e-05 -0.000773826 0.999997 0.00256405 6.89843e-05 -0.00256395 0.999996 -0.0037289 -0.110582 0.0358607
FixedParameters: 0 0 0

#Transform 4
Transform: AffineTransform_float_3_3
Parameters: 1 0.000288947 -0.000412339 -0.000288052 0.999998 0.00229312 0.000413662 -0.00229388 0.999998 0.0306446 -0.0762881 0.0195754
FixedParameters: 0 0 0

#Transform 5
Transform: AffineTransform_float_3_3
Parameters: 0.999999 0.000861357 -0.000161103 -0.000861643 0.999997 0.00220314 0.000162898 -0.00220286 0.999997 0.00426326 -0.0790069 0.0306413
FixedParameters: 0 0 0

#Transform 6
Transform: AffineTransform_float_3_3
Parameters: 0.999999 0.00085762 0.000359906 -0.000858379 0.999999 0.00105569 -0.000359094 -0.00105631 1 -0.0225605 -0.00816204 -0.0285667
FixedParameters: 0 0 0

#Transform 7
Transform: AffineTransform_float_3_3
Parameters: 0.999999 0.000666671 0.000410535 -0.000666329 1 0.000802727 -0.000409465 -0.000803273 0.999999 -0.0157507 -0.0661989 0.0101031
FixedParameters: 0 0 0

#Transform 8
Transform: AffineTransform_float_3_3
Parameters: 1 0.000444655 0.000216708 -0.000444345 0.999998 0.0015929 -0.000216292 -0.0015931 0.999998 -0.014408 -0.127391 0.0497636
FixedParameters: 0 0 0

#Transform 9
Transform: AffineTransform_float_3_3
Parameters: 0.999999 0.000695339 -0.000161546 -0.000694659 0.999997 0.00209211 0.000163453 -0.00209189 0.999998 0.0141544 -0.132092 0.0693518
FixedParameters: 0 0 0

#Transform 10
Transform: AffineTransform_float_3_3
Parameters: 1 0.000149339 -0.00016269 -0.000148661 0.999998 0.00208002 0.00016331 -0.00207997 0.999998 0.0230274 -0.15493 0.0446531
FixedParameters: 0 0 0

#Transform 11
Transform: AffineTransform_float_3_3
Parameters: 1 0.000444796 0.000121749 -0.000445205 0.999999 0.00168395 -0.00012125 -0.00168405 0.999998 -0.0337536 -0.0741546 0.00161334
FixedParameters: 0 0 0

#Transform 12
Transform: AffineTransform_float_3_3
Parameters: 0.999999 0.000756887 0.000124688 -0.000757112 1 0.000908906 -0.000123312 -0.000909093 0.999999 -0.0291519 -0.0610902 0.00956442
FixedParameters: 0 0 0

#Transform 13
Transform: AffineTransform_float_3_3
Parameters: 1 0.000530166 0.000396778 -0.000529833 1 -0.00041921 -0.000397222 0.000418789 1 -0.0355189 0.0277044 -0.0550969
FixedParameters: 0 0 0

#Transform 14
Transform: AffineTransform_float_3_3
Parameters: 1 0.000418722 0.000383303 -0.000419278 0.999999 0.000723839 -0.000383696 -0.00072416 0.999999 -0.0340254 -0.0809744 0.0162226
FixedParameters: 0 0 0

#Transform 15
Transform: AffineTransform_float_3_3
Parameters: 1 0.000255662 0.000230376 -0.000256338 0.999999 0.00146994 -0.000229623 -0.00147006 0.999999 -0.0442196 -0.0996367 0.0449962
FixedParameters: 0 0 0

#Transform 16
Transform: AffineTransform_float_3_3
Parameters: 1 0.000187662 0.000230276 -0.000188338 0.999999 0.00146996 -0.000229723 -0.00147004 0.999999 -0.0333772 -0.0683745 0.0381327
FixedParameters: 0 0 0

#Transform 17
Transform: AffineTransform_float_3_3
Parameters: 1 0.000187599 0.000230327 -0.0001884 0.999998 0.00174195 -0.000229672 -0.00174204 0.999998 -0.0221004 -0.0848331 0.0375979
FixedParameters: 0 0 0

#Transform 18
Transform: AffineTransform_float_3_3
Parameters: 1 -0.000268812 -0.000128395 0.000269188 0.999999 0.00146997 0.000127604 -0.00147003 0.999999 0.0315306 -0.0418313 0.00484946
FixedParameters: 0 0 0

#Transform 19
Transform: AffineTransform_float_3_3
Parameters: 1 2.72225e-05 -0.00019897 -2.67775e-05 1 0.00111801 0.00019903 -0.001118 1 0.0272184 -0.0665773 0.0273126
FixedParameters: 0 0 0

#Transform 20
Transform: AffineTransform_float_3_3
Parameters: 1 0.000566959 4.74944e-05 -0.000567041 1 0.000871973 -4.65055e-05 -0.000872027 0.999999 -0.0240477 -0.0319857 0.0180128
FixedParameters: 0 0 0

#Transform 21
Transform: AffineTransform_float_3_3
Parameters: 1 0.000566895 0.000230259 -0.000566105 0.999999 0.00045687 -0.000229741 -0.00045713 1 -0.0249519 -0.0242037 0.00604224
FixedParameters: 0 0 0

#Transform 22
Transform: AffineTransform_float_3_3
Parameters: 1 0.000119776 0.000144186 -0.000120223 0.999999 0.00155198 -0.000143814 -0.00155202 0.999999 -0.0305049 -0.138382 0.0483019
FixedParameters: 0 0 0

#Transform 23
Transform: AffineTransform_float_3_3
Parameters: 1 -3.07022e-05 0.000465954 3.02977e-05 0.999999 0.00150701 -0.000466046 -0.00150699 0.999999 -0.00567387 -0.0811419 0.0525275
FixedParameters: 0 0 0

#Transform 24
Transform: AffineTransform_float_3_3
Parameters: 0.999999 -0.000677491 -0.000382902 0.000678508 0.999999 0.00133074 0.000381097 -0.00133126 0.999999 0.0644803 -0.0919718 0.0330064
FixedParameters: 0 0 0

#Transform 25
Transform: AffineTransform_float_3_3
Parameters: 0.999999 -0.00124461 -0.000818076 0.00124439 0.999999 -0.000743019 0.000818924 0.000741982 1 0.108427 0.0177371 -0.0632668
FixedParameters: 0 0 0

#Transform 26
Transform: AffineTransform_float_3_3
Parameters: 0.999998 -0.00160744 -0.00122511 0.00160656 0.999998 -0.00117797 0.00122689 0.00117603 0.999998 0.123274 -0.00430533 -0.0494047
FixedParameters: 0 0 0

#Transform 27
Transform: AffineTransform_float_3_3
Parameters: 0.999999 -0.00166206 -0.000847917 0.00166094 0.999998 -0.00125441 0.000850082 0.00125259 0.999999 0.111644 0.0757827 -0.0892464
FixedParameters: 0 0 0

#Transform 28
Transform: AffineTransform_float_3_3
Parameters: 0.999998 -0.00152581 -0.00117436 0.00152319 0.999996 -0.00238979 0.00117764 0.00238821 0.999997 0.0751131 0.0963084 -0.11504
FixedParameters: 0 0 0

#Transform 29
Transform: AffineTransform_float_3_3
Parameters: 0.999999 -0.00166279 -0.000558693 0.00166121 0.999993 -0.00319393 0.000563308 0.00319307 0.999994 0.0453305 0.167138 -0.188739
FixedParameters: 0 0 0

#Transform 30
Transform: AffineTransform_float_3_3
Parameters: 0.999998 -0.00166238 -0.000443848 0.00166061 0.999994 -0.00310074 0.000449151 0.00310026 0.999995 0.0403136 0.0827116 -0.141359
FixedParameters: 0 0 0

#Transform 31
Transform: AffineTransform_float_3_3
Parameters: 0.999997 -0.00233957 -0.000533167 0.00233743 0.999993 -0.00292225 0.000539831 0.00292074 0.999995 0.032322 0.0924513 -0.16181
FixedParameters: 0 0 0

#Transform 32
Transform: AffineTransform_float_3_3
Parameters: 0.999997 -0.00228204 -0.000719559 0.00227996 0.999994 -0.00282465 0.000726442 0.00282335 0.999996 0.0421364 0.0457548 -0.150147
FixedParameters: 0 0 0

#Transform 33
Transform: AffineTransform_float_3_3
Parameters: 0.999997 -0.00239669 -0.000842385 0.00239431 0.999992 -0.00318003 0.000849616 0.00317798 0.999995 0.0745686 0.122077 -0.171392
FixedParameters: 0 0 0

#Transform 34
Transform: AffineTransform_float_3_3
Parameters: 0.999995 -0.00302279 -0.00113898 0.0030192 0.99999 -0.00331846 0.00114902 0.00331554 0.999994 0.113879 0.092575 -0.147162
FixedParameters: 0 0 0

#Transform 35
Transform: AffineTransform_float_3_3
Parameters: 0.999994 -0.00350908 -0.000964275 0.00350492 0.999985 -0.00420041 0.000978727 0.00419759 0.99999 0.141811 0.153618 -0.167596
FixedParameters: 0 0 0

#Transform 36
Transform: AffineTransform_float_3_3
Parameters: 0.999992 -0.0039319 -0.000831739 0.00392809 0.999981 -0.0046483 0.00085026 0.00464469 0.999989 0.130521 0.143891 -0.170436
FixedParameters: 0 0 0

#Transform 37
Transform: AffineTransform_float_3_3
Parameters: 0.99999 -0.00435659 -0.000820904 0.00435042 0.999968 -0.00668464 0.000850094 0.00668137 0.999978 0.134876 0.23987 -0.335267
FixedParameters: 0 0 0

#Transform 38
Transform: AffineTransform_float_3_3
Parameters: 0.999991 -0.00435414 -0.00032991 0.00435086 0.99995 -0.00898152 0.000369091 0.00898048 0.999959 0.0919328 0.258041 -0.437407
FixedParameters: 0 0 0

#Transform 39
Transform: AffineTransform_float_3_3
Parameters: 0.999991 -0.00435349 -0.000388055 0.00435052 0.999972 -0.00619175 0.000414938 0.00618925 0.999981 0.0841173 0.236389 -0.358464
FixedParameters: 0 0 0

#Transform 40
Transform: AffineTransform_float_3_3
Parameters: 0.999991 -0.0041933 -0.000257634 0.0041917 0.99998 -0.00485813 0.000277369 0.00485788 0.999988 0.0763305 0.135732 -0.260239
FixedParameters: 0 0 0

#Transform 41
Transform: AffineTransform_float_3_3
Parameters: 0.999992 -0.00413811 -0.000260955 0.00413689 0.999983 -0.00412011 0.000278044 0.00411888 0.999991 0.052809 0.088061 -0.222801
FixedParameters: 0 0 0

#Transform 42
Transform: AffineTransform_float_3_3
Parameters: 0.999992 -0.00393413 -0.000261536 0.00393388 0.999984 -0.00418606 0.000277468 0.00418494 0.999991 0.0557208 0.111841 -0.199929
FixedParameters: 0 0 0

#Transform 43
Transform: AffineTransform_float_3_3
Parameters: 0.999994 -0.00365053 -0.000402362 0.00364847 0.999987 -0.00373749 0.000416635 0.00373551 0.999993 0.0956148 0.10484 -0.187325
FixedParameters: 0 0 0

#Transform 44
Transform: AffineTransform_float_3_3
Parameters: 0.999993 -0.00382379 -0.000714214 0.00382121 0.999985 -0.00386976 0.000728789 0.00386724 0.999993 0.126968 0.161716 -0.159951
FixedParameters: 0 0 0

#Transform 45
Transform: AffineTransform_float_3_3
Parameters: 0.999993 -0.00386747 -0.000510682 0.00386454 0.999982 -0.00473901 0.000528316 0.00473699 0.999988 0.115683 0.196795 -0.243151
FixedParameters: 0 0 0

#Transform 46
Transform: AffineTransform_float_3_3
Parameters: 0.99999 -0.00461158 -0.000477675 0.00460743 0.999963 -0.00723028 0.00051132 0.00722772 0.999973 0.118106 0.29786 -0.364158
FixedParameters: 0 0 0

#Transform 47
Transform: AffineTransform_float_3_3
Parameters: 0.999988 -0.00489874 -0.000189427 0.00489726 0.999953 -0.00828402 0.000229574 0.00828297 0.999965 0.126397 0.235965 -0.392613
FixedParameters: 0 0 0

#Transform 48
Transform: AffineTransform_float_3_3
Parameters: 0.999986 -0.00524737 -2.93665e-05 0.00524762 0.999957 -0.00755325 6.96421e-05 0.00755373 0.999971 0.0986434 0.255199 -0.387962
FixedParameters: 0 0 0

#Transform 49
Transform: AffineTransform_float_3_3
Parameters: 0.999988 -0.00489883 -0.000234516 0.00489717 0.999962 -0.00724523 0.000270489 0.00724476 0.999973 0.107437 0.206395 -0.326675
FixedParameters: 0 0 0

#Transform 50
Transform: AffineTransform_float_3_3
Parameters: 0.999988 -0.00489739 -3.10894e-05 0.00489761 0.999958 -0.00774125 6.99141e-05 0.00774075 0.99997 0.106272 0.272763 -0.367871
FixedParameters: 0 0 0

#Transform 51
Transform: AffineTransform_float_3_3
Parameters: 0.99999 -0.004462 -0.000515468 0.004458 0.999962 -0.00751937 0.000548534 0.00751762 0.999971 0.102087 0.236168 -0.357225
FixedParameters: 0 0 0

#Transform 52
Transform: AffineTransform_float_3_3
Parameters: 0.999988 -0.00490253 -0.000661239 0.00489747 0.999955 -0.00811634 0.000701763 0.00811266 0.999967 0.154531 0.300251 -0.39265
FixedParameters: 0 0 0

#Transform 53
Transform: AffineTransform_float_3_3
Parameters: 0.999986 -0.00533822 -0.000888715 0.0053308 0.999955 -0.00792886 0.000930285 0.00792415 0.999968 0.190142 0.250306 -0.3683
FixedParameters: 0 0 0

#Transform 54
Transform: AffineTransform_float_3_3
Parameters: 0.999987 -0.00493661 -0.000660321 0.00493138 0.999954 -0.00824636 0.00070168 0.00824264 0.999966 0.159395 0.291462 -0.356954
FixedParameters: 0 0 0

#Transform 55
Transform: AffineTransform_float_3_3
Parameters: 0.999991 -0.00436419 -0.000548667 0.00435981 0.999963 -0.00741347 0.00058133 0.00741054 0.999973 0.120793 0.235856 -0.286749
FixedParameters: 0 0 0

#Transform 56
Transform: AffineTransform_float_3_3
Parameters: 0.99999 -0.0043608 -8.89901e-05 0.0043602 0.999962 -0.00757046 0.000122009 0.00756954 0.999972 0.102511 0.278167 -0.319957
FixedParameters: 0 0 0

#Transform 57
Transform: AffineTransform_float_3_3
Parameters: 0.999991 -0.00436189 -0.000292085 0.00436011 0.999971 -0.00617233 0.000318914 0.00617066 0.999981 0.0992704 0.150862 -0.237382
FixedParameters: 0 0 0

#Transform 58
Transform: AffineTransform_float_3_3
Parameters: 0.999991 -0.00436164 -0.000253187 0.00436036 0.999971 -0.00614916 0.000279815 0.00614784 0.999981 0.09157 0.188375 -0.256397
FixedParameters: 0 0 0

#Transform 59
Transform: AffineTransform_float_3_3
Parameters: 0.999988 -0.00471243 -0.000650636 0.00470856 0.999966 -0.00666013 0.000682366 0.00665686 0.999977 0.125018 0.184708 -0.27828
FixedParameters: 0 0 0

#Transform 60
Transform: AffineTransform_float_3_3
Parameters: 0.999986 -0.00517308 -0.00089813 0.00516592 0.999957 -0.00771474 0.000937871 0.00771025 0.99997 0.188935 0.246515 -0.330416
FixedParameters: 0 0 0

#Transform 61
Transform: AffineTransform_float_3_3
Parameters: 0.999983 -0.00550702 -0.00148719 0.00549498 0.999953 -0.0079683 0.00153081 0.0079597 0.999967 0.250951 0.269083 -0.314721
FixedParameters: 0 0 0

#Transform 62
Transform: AffineTransform_float_3_3
Parameters: 0.999981 -0.00598198 -0.00162332 0.00596802 0.999946 -0.00848585 0.00167368 0.00847615 0.999962 0.276721 0.308279 -0.352542
FixedParameters: 0 0 0

#Transform 63
Transform: AffineTransform_float_3_3
Parameters: 0.999981 -0.00598463 -0.0016374 0.00596838 0.999933 -0.00997797 0.00169661 0.00996804 0.999949 0.267639 0.362793 -0.413332
FixedParameters: 0 0 0

#Transform 64
Transform: AffineTransform_float_3_3
Parameters: 0.999983 -0.00581242 -0.00129461 0.00579657 0.999916 -0.0116127 0.00136239 0.0116053 0.999931 0.221545 0.396258 -0.483195
FixedParameters: 0 0 0

#Transform 65
Transform: AffineTransform_float_3_3
Parameters: 0.999982 -0.0057707 -0.00119357 0.00575729 0.999921 -0.0111821 0.00125844 0.0111749 0.999937 0.204088 0.373312 -0.482267
FixedParameters: 0 0 0

#Transform 66
Transform: AffineTransform_float_3_3
Parameters: 0.999983 -0.0056173 -0.0012019 0.0056047 0.999935 -0.0100019 0.0012581 0.0099951 0.99995 0.194646 0.295883 -0.450295
FixedParameters: 0 0 0

#Transform 67
Transform: AffineTransform_float_3_3
Parameters: 0.999983 -0.0056634 -0.00120095 0.0056516 0.999933 -0.010087 0.00125805 0.01008 0.999949 0.194399 0.299562 -0.439153
FixedParameters: 0 0 0

#Transform 68
Transform: AffineTransform_float_3_3
Parameters: 0.999984 -0.00554468 -0.00120547 0.00553331 0.999939 -0.00948782 0.00125854 0.00948117 0.999955 0.207785 0.28895 -0.407444
FixedParameters: 0 0 0

#Transform 69
Transform: AffineTransform_float_3_3
Parameters: 0.999981 -0.00598239 -0.00139781 0.00596862 0.999932 -0.0100775 0.0014582 0.0100695 0.999948 0.240982 0.325698 -0.43858
FixedParameters: 0 0 0

#Transform 70
Transform: AffineTransform_float_3_3
Parameters: 0.999981 -0.00598334 -0.00156033 0.00596866 0.999936 -0.0096555 0.00161868 0.00964651 0.999952 0.268883 0.309529 -0.389262
FixedParameters: 0 0 0

#Transform 71
Transform: AffineTransform_float_3_3
Parameters: 0.99998 -0.00610789 -0.00161231 0.00609111 0.999928 -0.010283 0.00167469 0.010273 0.999946 0.260484 0.342515 -0.422314
FixedParameters: 0 0 0

#Transform 72
Transform: AffineTransform_float_3_3
Parameters: 0.999981 -0.00598479 -0.00151619 0.00596821 0.999924 -0.0108483 0.00158081 0.0108387 0.99994 0.236081 0.367539 -0.445032
FixedParameters: 0 0 0

#Transform 73
Transform: AffineTransform_float_3_3
Parameters: 0.999982 -0.00598308 -0.00124886 0.00596794 0.999914 -0.0117417 0.00131814 0.0117343 0.999931 0.197277 0.40717 -0.475481
FixedParameters: 0 0 0

#Transform 74
Transform: AffineTransform_float_3_3
Parameters: 0.999982 -0.00584955 -0.00121917 0.00583544 0.999915 -0.0116133 0.00128784 0.0116067 0.999932 0.202995 0.361127 -0.475182
FixedParameters: 0 0 0

#Transform 75
Transform: AffineTransform_float_3_3
Parameters: 0.999981 -0.00598041 -0.00110058 0.00596858 0.999922 -0.0109538 0.00116643 0.0109472 0.99994 0.195341 0.335052 -0.456806
FixedParameters: 0 0 0

#Transform 76
Transform: AffineTransform_float_3_3
Parameters: 0.999983 -0.00576399 -0.00147566 0.00574901 0.999934 -0.00996466 0.00153334 0.00995634 0.99995 0.245791 0.296293 -0.416829
FixedParameters: 0 0 0

#Transform 77
Transform: AffineTransform_float_3_3
Parameters: 0.999981 -0.00588159 -0.00188699 0.00586141 0.99993 -0.0102253 0.001947 0.0102137 0.999946 0.288737 0.332999 -0.396246
FixedParameters: 0 0 0

#Transform 78
Transform: AffineTransform_float_3_3
Parameters: 0.999978 -0.0064204 -0.00177783 0.00640259 0.999928 -0.0101696 0.00184317 0.0101584 0.999946 0.306307 0.302595 -0.399364
FixedParameters: 0 0 0

#Transform 79
Transform: AffineTransform_float_3_3
Parameters: 0.999977 -0.00642236 -0.00187874 0.00640263 0.999923 -0.0106503 0.00194726 0.0106387 0.999941 0.307831 0.363078 -0.405649
FixedParameters: 0 0 0

#Transform 80
Transform: AffineTransform_float_3_3
Parameters: 0.999977 -0.00642133 -0.00188226 0.00640266 0.999929 -0.0101023 0.00194774 0.0100897 0.999947 0.308082 0.320678 -0.40248
FixedParameters: 0 0 0

#Transform 81
Transform: AffineTransform_float_3_3
Parameters: 0.999977 -0.00651453 -0.00187373 0.00649348 0.999916 -0.0112714 0.00194728 0.0112596 0.999934 0.308152 0.422017 -0.443231
FixedParameters: 0 0 0

#Transform 82
Transform: AffineTransform_float_3_3
Parameters: 0.99998 -0.0061147 -0.00162039 0.0060953 0.99991 -0.0118991 0.00169262 0.0118899 0.999928 0.260079 0.364191 -0.490309
FixedParameters: 0 0 0

#Transform 83
Transform: AffineTransform_float_3_3
Parameters: 0.999981 -0.0059794 -0.0013542 0.00596061 0.999895 -0.0132023 0.00143279 0.0131937 0.999912 0.232631 0.450127 -0.543908
FixedParameters: 0 0 0

#Transform 84
Transform: AffineTransform_float_3_3
Parameters: 0.999984 -0.00559085 -0.00141605 0.00557415 0.999916 -0.0116381 0.00148095 0.0116299 0.999932 0.23408 0.307545 -0.486138
FixedParameters: 0 0 0

#Transform 85
Transform: AffineTransform_float_3_3
Parameters: 0.999983 -0.0055783 -0.00165864 0.00555969 0.999926 -0.0108424 0.00171935 0.0108326 0.99994 0.243314 0.327785 -0.454112
FixedParameters: 0 0 0

#Transform 86
Transform: AffineTransform_float_3_3
Parameters: 0.999983 -0.00564174 -0.0013394 0.00562826 0.999933 -0.0100477 0.0013966 0.0100403 0.999948 0.225669 0.274015 -0.391668
FixedParameters: 0 0 0

#Transform 87
Transform: AffineTransform_float_3_3
Parameters: 0.999982 -0.00597527 -0.00133361 0.00596073 0.999927 -0.0104581 0.00139639 0.0104499 0.999945 0.249585 0.345791 -0.417662
FixedParameters: 0 0 0

#Transform 88
Transform: AffineTransform_float_3_3
Parameters: 0.999979 -0.00617529 -0.00187356 0.0061557 0.999929 -0.0101327 0.00193644 0.0101212 0.999947 0.290865 0.308568 -0.387753
FixedParameters: 0 0 0

#Transform 89
Transform: AffineTransform_float_3_3
Parameters: 0.999977 -0.00645194 -0.00175479 0.00643306 0.999923 -0.0105925 0.0018232 0.0105805 0.999943 0.298331 0.379946 -0.415177
FixedParameters: 0 0 0

#Transform 90
Transform: AffineTransform_float_3_3
Parameters: 0.999978 -0.00645044 -0.0016128 0.00643357 0.999923 -0.0105916 0.0016802 0.0105814 0.999942 0.28501 0.363386 -0.422269
FixedParameters: 0 0 0

#Transform 91
Transform: AffineTransform_float_3_3
Parameters: 0.999981 -0.00597214 -0.00151128 0.00595286 0.999906 -0.0123682 0.00158472 0.0123588 0.999923 0.24277 0.456235 -0.546686
FixedParameters: 0 0 0

#Transform 92
Transform: AffineTransform_float_3_3
Parameters: 0.999983 -0.00566683 -0.00132604 0.00565017 0.999907 -0.0123667 0.00139596 0.0123593 0.999922 0.245155 0.390359 -0.566675
FixedParameters: 0 0 0

#Transform 93
Transform: AffineTransform_float_3_3
Parameters: 0.99998 -0.00611204 -0.00155976 0.00609097 0.999895 -0.0131548 0.00163924 0.0131452 0.999913 0.2595 0.44893 -0.619863
FixedParameters: 0 0 0

#Transform 94
Transform: AffineTransform_float_3_3
Parameters: 0.99998 -0.00610455 -0.00118101 0.00609045 0.99992 -0.0111534 0.00124898 0.0111456 0.999937 0.209676 0.317799 -0.516625
FixedParameters: 0 0 0

#Transform 95
Transform: AffineTransform_float_3_3
Parameters: 0.99998 -0.00630358 -0.00110126 0.00629142 0.999919 -0.0110772 0.00117074 0.0110698 0.999938 0.205401 0.337903 -0.471937
FixedParameters: 0 0 0

#Transform 96
Transform: AffineTransform_float_3_3
Parameters: 0.999979 -0.00627231 -0.00133021 0.00625868 0.999925 -0.0105045 0.00139679 0.0104955 0.999944 0.232057 0.315237 -0.43138
FixedParameters: 0 0 0

#Transform 97
Transform: AffineTransform_float_3_3
Parameters: 0.999979 -0.00628161 -0.00158164 0.00626439 0.999921 -0.0109021 0.00165036 0.0108919 0.99994 0.275138 0.345607 -0.428436
FixedParameters: 0 0 0

#Transform 98
Transform: AffineTransform_float_3_3
Parameters: 0.999977 -0.00653435 -0.0018319 0.00651465 0.99992 -0.0109042 0.00190311 0.0108918 0.999939 0.301734 0.365517 -0.419891
FixedParameters: 0 0 0

#Transform 99
Transform: AffineTransform_float_3_3
Parameters: 0.999976 -0.00669478 -0.00190921 0.00667322 0.999915 -0.011195 0.00198379 0.011182 0.999935 0.296151 0.40105 -0.458953
FixedParameters: 0 0 0

#Transform 100
Transform: AffineTransform_float_3_3
Parameters: 0.999977 -0.00653279 -0.00146035 0.00651421 0.999901 -0.0125208 0.00154165 0.0125112 0.99992 0.248776 0.454463 -0.543903
FixedParameters: 0 0 0

#Transform 101
Transform: AffineTransform_float_3_3
Parameters: 0.999978 -0.00652972 -0.00114898 0.00651428 0.999892 -0.0131928 0.00123502 0.0131842 0.999913 0.243284 0.44138 -0.589812
FixedParameters: 0 0 0

#Transform 102
Transform: AffineTransform_float_3_3
Parameters: 0.999975 -0.00688902 -0.00162958 0.00686599 0.999882 -0.0137345 0.00172342 0.0137225 0.999905 0.30191 0.478445 -0.634143
FixedParameters: 0 0 0

#Transform 103
Transform: AffineTransform_float_3_3
Parameters: 0.999978 -0.00628591 -0.001796 0.00626408 0.999909 -0.0119575 0.001871 0.0119455 0.999927 0.301736 0.325362 -0.553725
FixedParameters: 0 0 0

#Transform 104
Transform: AffineTransform_float_3_3
Parameters: 0.999983 -0.0053324 -0.00207277 0.0053096 0.999924 -0.0111372 0.00213123 0.0111258 0.999936 0.272042 0.363453 -0.466369
FixedParameters: 0 0 0

#Transform 105
Transform: AffineTransform_float_3_3
Parameters: 0.999981 -0.00592622 -0.00183182 0.00590678 0.999923 -0.010853 0.00189619 0.010842 0.99994 0.267427 0.326137 -0.448752
FixedParameters: 0 0 0

#Transform 106
Transform: AffineTransform_float_3_3
Parameters: 0.999979 -0.00635971 -0.00165365 0.0063403 0.999919 -0.0110837 0.00172334 0.0110723 0.999937 0.273616 0.37659 -0.443744
FixedParameters: 0 0 0

#Transform 107
Transform: AffineTransform_float_3_3
Parameters: 0.999978 -0.00636179 -0.00186135 0.0063402 0.999919 -0.010972 0.00193164 0.0109599 0.999938 0.302992 0.374716 -0.43733
FixedParameters: 0 0 0

#Transform 108
Transform: AffineTransform_float_3_3
Parameters: 0.999977 -0.00636873 -0.00232439 0.00634028 0.999911 -0.011748 0.0023986 0.011733 0.999929 0.338657 0.427121 -0.465423
FixedParameters: 0 0 0

#Transform 109
Transform: AffineTransform_float_3_3
Parameters: 0.999979 -0.00621916 -0.00218472 0.00618984 0.999895 -0.0131068 0.00226628 0.0130932 0.999911 0.334545 0.457525 -0.546987
FixedParameters: 0 0 0

#Transform 110
Transform: AffineTransform_float_3_3
Parameters: 0.999978 -0.0063721 -0.00217701 0.0063409 0.999882 -0.0140061 0.00226599 0.0139919 0.999899 0.301864 0.50181 -0.591161
FixedParameters: 0 0 0

#Transform 111
Transform: AffineTransform_float_3_3
Parameters: 0.999983 -0.00521978 -0.00286396 0.00518322 0.999906 -0.0127041 0.00293005 0.0126889 0.999915 0.284168 0.408779 -0.583773
FixedParameters: 0 0 0

#Transform 112
Transform: AffineTransform_float_3_3
Parameters: 0.999983 -0.00431622 -0.00374387 0.00427378 0.999928 -0.0112122 0.00379212 0.0111958 0.99993 0.312087 0.38157 -0.513214
FixedParameters: 0 0 0

#Transform 113
Transform: AffineTransform_float_3_3
Parameters: 0.999985 -0.00436237 -0.00332583 0.00432663 0.999931 -0.0108656 0.00337318 0.0108514 0.999936 0.323687 0.302198 -0.424476
FixedParameters: 0 0 0

#Transform 114
Transform: AffineTransform_float_3_3
Parameters: 0.99998 -0.00531818 -0.00320244 0.00527982 0.999917 -0.0118131 0.00326556 0.0117969 0.999925 0.327252 0.401381 -0.470807
FixedParameters: 0 0 0

#Transform 115
Transform: AffineTransform_float_3_3
Parameters: 0.99998 -0.00559739 -0.00299236 0.0055636 0.999924 -0.0110529 0.00305464 0.0110361 0.999935 0.320018 0.33715 -0.410152
FixedParameters: 0 0 0

#Transform 116
Transform: AffineTransform_float_3_3
Parameters: 0.999979 -0.00587733 -0.00298962 0.00584067 0.99991 -0.0120197 0.00305938 0.0120023 0.999924 0.32076 0.450595 -0.465868
FixedParameters: 0 0 0

#Transform 117
Transform: AffineTransform_float_3_3
Parameters: 0.999978 -0.00604487 -0.00291988 0.00600913 0.999908 -0.0121408 0.00299312 0.0121222 0.999922 0.302607 0.404347 -0.476967
FixedParameters: 0 0 0

#Transform 118
Transform: AffineTransform_float_3_3
Parameters: 0.999978 -0.00623534 -0.00251264 0.00619966 0.999879 -0.0142189 0.00260137 0.0142031 0.999895 0.312433 0.513754 -0.606447
FixedParameters: 0 0 0

#Transform 119
Transform: AffineTransform_float_3_3
Parameters: 0.999976 -0.00605686 -0.00333554 0.00600914 0.999882 -0.0141744 0.00342146 0.0141536 0.999894 0.363085 0.455051 -0.646798
FixedParameters: 0 0 0

#Transform 120
Transform: AffineTransform_float_3_3
Parameters: 0.999977 -0.0053995 -0.00391729 0.0053465 0.999894 -0.0135422 0.00398971 0.0135208 0.9999 0.404304 0.428684 -0.663916
FixedParameters: 0 0 0

#Transform 121
Transform: AffineTransform_float_3_3
Parameters: 0.999979 -0.00525218 -0.00398166 0.00520182 0.999908 -0.01251 0.00404734 0.012489 0.999914 0.421201 0.402626 -0.567594
FixedParameters: 0 0 0

#Transform 122
Transform: AffineTransform_float_3_3
Parameters: 0.999978 -0.00588293 -0.00313261 0.00584608 0.999915 -0.0116696 0.00320039 0.0116514 0.999927 0.40833 0.379214 -0.509087
FixedParameters: 0 0 0

#Transform 123
Transform: AffineTransform_float_3_3
Parameters: 0.999981 -0.00612923 -0.000628044 0.00612177 0.999921 -0.010932 0.000694953 0.0109279 0.99994 0.34507 0.394813 -0.481951
FixedParameters: 0 0 0

#Transform 124
Transform: AffineTransform_float_3_3
Parameters: 0.999977 -0.00647398 -0.00229736 0.00644703 0.999913 -0.0115601 0.00237264 0.0115449 0.99993 0.341665 0.329554 -0.457567
FixedParameters: 0 0 0

#Transform 125
Transform: AffineTransform_float_3_3
Parameters: 0.999974 -0.00670513 -0.00235876 0.00667586 0.999904 -0.0121501 0.00244024 0.0121339 0.999924 0.349348 0.453833 -0.461831
FixedParameters: 0 0 0

#Transform 126
Transform: AffineTransform_float_3_3
Parameters: 0.999974 -0.00677621 -0.00251589 0.0067438 0.999898 -0.0125973 0.00260011 0.0125807 0.999917 0.364726 0.466074 -0.501583
FixedParameters: 0 0 0

#Transform 127
Transform: AffineTransform_float_3_3
Parameters: 0.999973 -0.00678717 -0.00259686 0.00675083 0.999879 -0.0140639 0.00269215 0.0140461 0.999897 0.358385 0.528101 -0.581804
FixedParameters: 0 0 0

#Transform 128
Transform: AffineTransform_float_3_3
Parameters: 0.999973 -0.00693392 -0.00272141 0.00689408 0.999873 -0.0144132 0.00282159 0.0143938 0.999893 0.353969 0.510024 -0.602284
FixedParameters: 0 0 0

#Transform 129
Transform: AffineTransform_float_3_3
Parameters: 0.999974 -0.00672706 -0.00269134 0.00668792 0.999876 -0.0142694 0.00278766 0.0142516 0.999894 0.354377 0.50854 -0.57815
FixedParameters: 0 0 0

#Transform 130
Transform: AffineTransform_float_3_3
Parameters: 0.999976 -0.0064238 -0.00254927 0.0063922 0.999904 -0.0122936 0.00262773 0.0122764 0.999921 0.35932 0.408773 -0.495668
FixedParameters: 0 0 0

#Transform 131
Transform: AffineTransform_float_3_3
Parameters: 0.999972 -0.00698176 -0.0026497 0.00694824 0.999897 -0.0125428 0.0027373 0.0125242 0.999918 0.364533 0.437683 -0.471308
FixedParameters: 0 0 0

#Transform 132
Transform: AffineTransform_float_3_3
Parameters: 0.999974 -0.00679591 -0.0026197 0.00676411 0.999905 -0.012 0.0027003 0.011982 0.999924 0.362864 0.397176 -0.442841
FixedParameters: 0 0 0

#Transform 133
Transform: AffineTransform_float_3_3
Parameters: 0.999971 -0.00717656 -0.00278813 0.00714044 0.999895 -0.0125633 0.00287786 0.0125427 0.999917 0.352779 0.473999 -0.476199
FixedParameters: 0 0 0

#Transform 134
Transform: AffineTransform_float_3_3
Parameters: 0.999972 -0.0069135 -0.00266825 0.00688149 0.999905 -0.0120057 0.00275075 0.0119863 0.999925 0.364349 0.406345 -0.44657
FixedParameters: 0 0 0

#Transform 135
Transform: AffineTransform_float_3_3
Parameters: 0.999971 -0.00720946 -0.00273476 0.00717354 0.999889 -0.013114 0.00282925 0.013094 0.999911 0.374379 0.51905 -0.509077
FixedParameters: 0 0 0

#Transform 136
Transform: AffineTransform_float_3_3
Parameters: 0.999971 -0.00710217 -0.00273434 0.00706482 0.999885 -0.0133727 0.00282966 0.0133533 0.999907 0.366916 0.451837 -0.51584
FixedParameters: 0 0 0

#Transform 137
Transform: AffineTransform_float_3_3
Parameters: 0.999968 -0.00753572 -0.00274403 0.00749428 0.999861 -0.014909 0.00285597 0.014888 0.999885 0.369434 0.548261 -0.595435
FixedParameters: 0 0 0

#Transform 138
Transform: AffineTransform_float_3_3
Parameters: 0.999969 -0.00730273 -0.00275528 0.00726026 0.999858 -0.0152155 0.00286572 0.0151945 0.999881 0.378708 0.524897 -0.717435
FixedParameters: 0 0 0

#Transform 139
Transform: AffineTransform_float_3_3
Parameters: 0.999971 -0.00710324 -0.00274918 0.00706477 0.999882 -0.0136768 0.00284582 0.0136572 0.999902 0.408684 0.457186 -0.647675
FixedParameters: 0 0 0

#Transform 140
Transform: AffineTransform_float_3_3
Parameters: 0.999972 -0.00697037 -0.00289256 0.00693363 0.999895 -0.0127324 0.00298146 0.0127126 0.999915 0.392411 0.322003 -0.516405
FixedParameters: 0 0 0

#Transform 141
Transform: AffineTransform_float_3_3
Parameters: 0.99997 -0.00731293 -0.00280351 0.00727607 0.99989 -0.0129628 0.00289849 0.0129422 0.999912 0.380637 0.427226 -0.530244
FixedParameters: 0 0 0

#Transform 142
Transform: AffineTransform_float_3_3
Parameters: 0.999969 -0.00740742 -0.0028842 0.00736858 0.999887 -0.0131117 0.00298079 0.0130893 0.99991 0.371658 0.478715 -0.530545
FixedParameters: 0 0 0

#Transform 143
Transform: AffineTransform_float_3_3
Parameters: 0.999967 -0.00761058 -0.0026437 0.00757441 0.999884 -0.0132195 0.0027443 0.0131995 0.999909 0.373315 0.498917 -0.531148
FixedParameters: 0 0 0

#Transform 144
Transform: AffineTransform_float_3_3
Parameters: 0.999968 -0.00768017 -0.00253308 0.00764184 0.999862 -0.0147478 0.00264592 0.0147282 0.999888 0.400399 0.56556 -0.597181
FixedParameters: 0 0 0

#Transform 145
Transform: AffineTransform_float_3_3
Parameters: 0.999966 -0.0078506 -0.00252608 0.0078114 0.999852 -0.0153233 0.00264593 0.0153028 0.99988 0.401495 0.550373 -0.63903
FixedParameters: 0 0 0

#Transform 146
Transform: AffineTransform_float_3_3
Parameters: 0.999965 -0.00781541 -0.00293994 0.00776859 0.999845 -0.0158044 0.00306308 0.0157816 0.999871 0.408916 0.57197 -0.658083
FixedParameters: 0 0 0

#Transform 147
Transform: AffineTransform_float_3_3
Parameters: 0.999968 -0.00742992 -0.00319578 0.00738509 0.999881 -0.01354 0.00329621 0.013516 0.999903 0.437916 0.452725 -0.53977
FixedParameters: 0 0 0

#Transform 148
Transform: AffineTransform_float_3_3
Parameters: 0.999965 -0.00772403 -0.00305893 0.00768197 0.999879 -0.013521 0.00316306 0.013497 0.999904 0.414048 0.459037 -0.506078
FixedParameters: 0 0 0

#Transform 149
Transform: AffineTransform_float_3_3
Parameters: 0.999967 -0.00755469 -0.00276059 0.00751731 0.999887 -0.0130672 0.00285939 0.0130458 0.999911 0.382216 0.441019 -0.503635
FixedParameters: 0 0 0

#Transform 150
Transform: AffineTransform_float_3_3
Parameters: 0.999966 -0.00780164 -0.00275461 0.00776434 0.99988 -0.0134228 0.00285939 0.0134011 0.999906 0.38347 0.469928 -0.514717
FixedParameters: 0 0 0

#Transform 151
Transform: AffineTransform_float_3_3
Parameters: 0.999968 -0.00759073 -0.00276 0.00755427 0.999886 -0.0130843 0.00285901 0.0130627 0.999911 0.382256 0.47314 -0.516563
FixedParameters: 0 0 0

#Transform 152
Transform: AffineTransform_float_3_3
Parameters: 0.999964 -0.0080205 -0.00301471 0.0079765 0.999867 -0.0141746 0.00312829 0.0141504 0.999895 0.426785 0.529077 -0.574848
FixedParameters: 0 0 0

#Transform 153
Transform: AffineTransform_float_3_3
Parameters: 0.999954 -0.00895845 -0.00348251 0.00890454 0.999847 -0.0150727 0.00361748 0.0150403 0.999881 0.490004 0.540806 -0.619431
FixedParameters: 0 0 0

#Transform 154
Transform: AffineTransform_float_3_3
Parameters: 0.999936 -0.0104324 -0.00452891 0.0103606 0.999826 -0.0155169 0.00469009 0.0154691 0.99987 0.586177 0.564206 -0.650109
FixedParameters: 0 0 0

#Transform 155
Transform: AffineTransform_float_3_3
Parameters: 0.999939 -0.00966477 -0.00536417 0.00959523 0.999871 -0.0128843 0.00548783 0.0128317 0.999902 0.64306 0.403994 -0.53607
FixedParameters: 0 0 0

#Transform 156
Transform: AffineTransform_float_3_3
Parameters: 0.999944 -0.00956973 -0.00465624 0.00950628 0.999864 -0.013521 0.00478476 0.013476 0.999897 0.562564 0.476791 -0.528313
FixedParameters: 0 0 0

#Transform 157
Transform: AffineTransform_float_3_3
Parameters: 0.999957 -0.0085031 -0.00370141 0.00845489 0.999882 -0.0128218 0.00381059 0.0127901 0.999911 0.476297 0.451222 -0.484566
FixedParameters: 0 0 0

#Transform 158
Transform: AffineTransform_float_3_3
Parameters: 0.999963 -0.00791288 -0.00336125 0.00786812 0.999883 -0.0131609 0.00346574 0.0131331 0.999907 0.431888 0.516994 -0.532338
FixedParameters: 0 0 0

#Transform 159
Transform: AffineTransform_float_3_3
Parameters: 0.999961 -0.00791725 -0.00374458 0.00786775 0.999884 -0.012991 0.00384641 0.012961 0.999908 0.438923 0.481491 -0.511533
FixedParameters: 0 0 0

#Transform 160
Transform: AffineTransform_float_3_3
Parameters: 0.999947 -0.00934884 -0.00414283 0.00928515 0.999842 -0.0151703 0.00428417 0.0151307 0.999877 0.503915 0.592364 -0.606768
FixedParameters: 0 0 0

#Transform 161
Transform: AffineTransform_float_3_3
Parameters: 0.999945 -0.00959367 -0.00410605 0.00952831 0.999834 -0.015492 0.00425393 0.015452 0.999871 0.518995 0.523758 -0.612683
FixedParameters: 0 0 0

#Transform 162
Transform: AffineTransform_float_3_3
Parameters: 0.999937 -0.0102559 -0.00439555 0.010183 0.999815 -0.0163088 0.00456245 0.0162632 0.999858 0.552726 0.584756 -0.661407
FixedParameters: 0 0 0

#Transform 163
Transform: AffineTransform_float_3_3
Parameters: 0.99994 -0.00954892 -0.00538322 0.00947408 0.999861 -0.0137738 0.00551477 0.0137222 0.99989 0.625204 0.448413 -0.574696
FixedParameters: 0 0 0

#Transform 164
Transform: AffineTransform_float_3_3
Parameters: 0.999935 -0.00996185 -0.00567815 0.00988216 0.999855 -0.013921 0.00581585 0.013864 0.999887 0.63273 0.505045 -0.577361
FixedParameters: 0 0 0

#Transform 165
Transform: AffineTransform_float_3_3
Parameters: 0.999949 -0.00907465 -0.00456438 0.00901437 0.999873 -0.0131358 0.00468263 0.0130942 0.999904 0.524813 0.451136 -0.504433
FixedParameters: 0 0 0

#Transform 166
Transform: AffineTransform_float_3_3
Parameters: 0.999953 -0.00883661 -0.00398698 0.00878039 0.999867 -0.0137557 0.00410802 0.0137203 0.999898 0.478347 0.508026 -0.547138
FixedParameters: 0 0 0

#Transform 167
Transform: AffineTransform_float_3_3
Parameters: 0.999958 -0.00837349 -0.00369071 0.00832353 0.999878 -0.0132253 0.00380029 0.0131947 0.999905 0.459312 0.486056 -0.507551
FixedParameters: 0 0 0

#Transform 168
Transform: AffineTransform_float_3_3
Parameters: 0.999951 -0.00904221 -0.00405768 0.00898377 0.999859 -0.0141431 0.00418531 0.0141058 0.999891 0.493493 0.56583 -0.573233
FixedParameters: 0 0 0

#Transform 169
Transform: AffineTransform_float_3_3
Parameters: 0.999941 -0.0100015 -0.00440138 0.00993153 0.99983 -0.0155346 0.00455562 0.0154904 0.999869 0.542544 0.55339 -0.626167
FixedParameters: 0 0 0

#Transform 170
Transform: AffineTransform_float_3_3
Parameters: 0.999927 -0.0110361 -0.0050251 0.0109499 0.999798 -0.0168463 0.00520991 0.0167907 0.999846 0.618538 0.573348 -0.719926
FixedParameters: 0 0 0

#Transform 171
Transform: AffineTransform_float_3_3
Parameters: 0.999919 -0.0110267 -0.00636426 0.0109243 0.999813 -0.0159548 0.00653875 0.0158842 0.999853 0.696452 0.518605 -0.723433
FixedParameters: 0 0 0

#Transform 172
Transform: AffineTransform_float_3_3
Parameters: 0.999924 -0.010368 -0.00657513 0.010276 0.999851 -0.0138746 0.00671787 0.0138064 0.999882 0.718531 0.4455 -0.593604
FixedParameters: 0 0 0

#Transform 173
Transform: AffineTransform_float_3_3
Parameters: 0.999937 -0.00989007 -0.0052065 0.00981692 0.999856 -0.013878 0.0053435 0.013826 0.99989 0.589743 0.460777 -0.560519
FixedParameters: 0 0 0

#Transform 174
Transform: AffineTransform_float_3_3
Parameters: 0.999948 -0.00935803 -0.0041815 0.00929999 0.999863 -0.0136856 0.0043085 0.0136464 0.999897 0.520597 0.471627 -0.537179
FixedParameters: 0 0 0

#Transform 175
Transform: AffineTransform_float_3_3
Parameters: 0.999946 -0.00949447 -0.0041846 0.00943553 0.999858 -0.0140082 0.00431741 0.0139678 0.999893 0.494476 0.524145 -0.559745
FixedParameters: 0 0 0

#Transform 176
Transform: AffineTransform_float_3_3
Parameters: 0.999946 -0.00945921 -0.004347 0.00939579 0.999853 -0.0143386 0.00448199 0.0142974 0.999887 0.524123 0.52092 -0.587282
FixedParameters: 0 0 0

#Transform 177
Transform: AffineTransform_float_3_3
Parameters: 0.999928 -0.0109818 -0.00494526 0.0109012 0.999811 -0.0160881 0.00512075 0.0160329 0.999859 0.583354 0.608732 -0.658443
FixedParameters: 0 0 0

#Transform 178
Transform: AffineTransform_float_3_3
Parameters: 0.99993 -0.010807 -0.00495958 0.01072 0.999793 -0.0172524 0.00514542 0.0171976 0.999839 0.593525 0.570597 -0.729209
FixedParameters: 0 0 0

#Transform 179
Transform: AffineTransform_float_3_3
Parameters: 0.999925 -0.0108046 -0.00575268 0.0106944 0.999767 -0.0187569 0.00595331 0.0186941 0.999807 0.62849 0.61278 -0.8423
FixedParameters: 0 0 0

#Transform 180
Transform: AffineTransform_float_3_3
Parameters: 0.999946 -0.00892131 -0.00520502 0.0088457 0.999859 -0.0143158 0.00533197 0.0142692 0.999884 0.573786 0.43502 -0.617219
FixedParameters: 0 0 0

#Transform 181
Transform: AffineTransform_float_3_3
Parameters: 0.99996 -0.00790742 -0.00431247 0.00784458 0.999867 -0.0143034 0.00442552 0.0142686 0.999889 0.507292 0.415757 -0.620218
FixedParameters: 0 0 0

#Transform 182
Transform: AffineTransform_float_3_3
Parameters: 0.999968 -0.00681685 -0.00400906 0.00676813 0.999904 -0.0120765 0.00409194 0.0120485 0.999919 0.475691 0.330227 -0.484462
FixedParameters: 0 0 0

#Transform 183
Transform: AffineTransform_float_3_3
Parameters: 0.999968 -0.00688798 -0.00388096 0.00684402 0.999914 -0.0112339 0.00395804 0.0112071 0.99993 0.459241 0.330445 -0.418274
FixedParameters: 0 0 0

#Transform 184
Transform: AffineTransform_float_3_3
Parameters: 0.999971 -0.00649835 -0.00393372 0.00645865 0.99993 -0.00993369 0.00399828 0.0099083 0.999943 0.44501 0.310559 -0.353032
FixedParameters: 0 0 0

#Transform 185
Transform: AffineTransform_float_3_3
Parameters: 0.999971 -0.00657172 -0.00388664 0.00652827 0.999919 -0.0109057 0.00395834 0.0108793 0.999933 0.441282 0.33025 -0.363401
FixedParameters: 0 0 0

#Transform 186
Transform: AffineTransform_float_3_3
Parameters: 0.999985 -0.0046539 -0.00282273 0.0046281 0.999948 -0.00911419 0.00286527 0.00910079 0.999954 0.327689 0.188002 -0.16525
FixedParameters: 0 0 0

#Transform 187
Transform: AffineTransform_float_3_3
Parameters: 0.999989 -0.00110621 -0.00443725 0.00108679 0.99999 -0.00432987 0.00444174 0.00432413 0.999981 0.264936 -0.340271 0.320253
FixedParameters: 0 0 0

#Transform 188
Transform: AffineTransform_float_3_3
Parameters: 0.999998 -0.00221205 0.000716311 0.00221595 0.999982 -0.00555943 -0.000703691 0.00556057 0.999985 0.202867 -0.137079 0.471878
FixedParameters: 0 0 0

#Transform 189
Transform: AffineTransform_float_3_3
Parameters: 0.999993 -0.00368975 0.00131207 0.00370025 0.999955 -0.00867621 -0.00127994 0.00868079 0.999962 0.111124 0.165528 -0.0415463
FixedParameters: 0 0 0

#Transform 190
Transform: AffineTransform_float_3_3
Parameters: 0.99999 -0.00391024 0.00182574 0.00392877 0.999939 -0.0103889 -0.00178527 0.0103961 0.999945 0.0914963 0.205608 -0.122581
