#Insight Transform File V1.0
#Transform 0
Transform: AffineTransform_float_3_3
Parameters: 0.999998 -0.000802103 0.0017581 0.000825894 0.999906 -0.0136336 -0.0017469 0.0136354 0.999905 0.147239 -0.368125 -0.439317
FixedParameters: 0 0 0

#Transform 1
Transform: AffineTransform_float_3_3
Parameters: 0.999998 -0.00122586 0.00171954 0.00124613 0.99993 -0.0117609 -0.00170446 0.0117631 0.99993 0.172105 -0.281004 -0.403619
FixedParameters: 0 0 0

#Transform 2
Transform: AffineTransform_float_3_3
Parameters: 0.999998 3.55612e-05 0.00159192 -3.24386e-05 0.999998 -0.00223706 -0.00159208 0.00223695 0.999996 0.115433 0.0594886 -0.113938
FixedParameters: 0 0 0

#Transform 3
Transform: AffineTransform_float_3_3
Parameters: 0.999989 0.0033085 0.003472 -0.0033195 0.999989 0.00331151 -0.00346101 -0.00332349 0.999989 -0.0301853 0.108748 0.165082
FixedParameters: 0 0 0

#Transform 4
Transform: AffineTransform_float_3_3
Parameters: 0.999988 0.000370688 0.0048729 -0.000407314 0.999972 0.00745311 -0.0048701 -0.0074549 0.999961 0.153022 0.290082 0.348985
FixedParameters: 0 0 0

#Transform 5
Transform: AffineTransform_float_3_3
Parameters: 0.999996 0.000138554 0.00285522 -0.000142447 0.999999 0.0015576 -0.00285478 -0.0015574 0.999994 0.0941383 0.0794279 0.122631
FixedParameters: 0 0 0

#Transform 6
Transform: AffineTransform_float_3_3
Parameters: 0.999995 0.000817282 0.00328943 -0.000818716 0.999999 0.00052031 -0.00328958 -0.000523692 0.999995 0.106361 0.119085 0.0384006
FixedParameters: 0 0 0

#Transform 7
Transform: AffineTransform_float_3_3
Parameters: 0.999995 0.000742468 0.00326481 -0.000745532 0.999999 0.00108057 -0.0032642 -0.00108343 0.999994 0.133286 0.155545 0.0799591
FixedParameters: 0 0 0

#Transform 8
Transform: AffineTransform_float_3_3
Parameters: 0.999996 0.000963102 0.00272738 -0.000966896 0.999998 0.00142737 -0.00272662 -0.00143063 0.999996 0.114374 0.2443 0.0685343
FixedParameters: 0 0 0

#Transform 9
Transform: AffineTransform_float_3_3
Parameters: 0.999998 0.000741679 0.00194465 -0.000745321 0.999998 0.00222156 -0.00194335 -0.00222345 0.999995 0.106744 0.249872 0.0599809
FixedParameters: 0 0 0

#Transform 10
Transform: AffineTransform_float_3_3
Parameters: 0.999998 0.000311915 0.00170494 -0.000317086 0.999996 0.00298347 -0.00170406 -0.00298354 0.999994 0.0594194 0.0996479 0.0291106
FixedParameters: 0 0 0

#Transform 11
Transform: AffineTransform_float_3_3
Parameters: 0.999998 0.00155722 0.000812424 -0.00155878 0.999997 0.00219674 -0.000808578 -0.00219726 0.999998 -0.0326801 -0.0158256 0.0346209
FixedParameters: 0 0 0

#Transform 12
Transform: AffineTransform_float_3_3
Parameters: 0.999999 0.00143451 0.000292414 -0.00143549 0.999997 0.00168258 -0.000289584 -0.00168342 0.999998 -0.0193478 0.0290446 0.229172
FixedParameters: 0 0 0

#Transform 13
Transform: AffineTransform_float_3_3
Parameters: 1 0.00115503 -0.000212849 -0.00115497 1 0.000131246 0.000213151 -0.000130754 1 -0.026075 0.036095 0.047226
FixedParameters: 0 0 0

#Transform 14
Transform: AffineTransform_float_3_3
Parameters: 0.999999 0.000986035 0.000209831 -0.000985963 0.999999 -0.000171207 -0.000210168 0.000170793 1 -0.0113652 0.0779247 -0.040754
FixedParameters: 0 0 0

#Transform 15
Transform: AffineTransform_float_3_3
Parameters: 0.999999 0.00092002 8.97819e-05 -0.000919978 0.999999 -0.000237083 -9.0218e-05 0.000236917 1 0.00576953 0.169543 -0.0496296
FixedParameters: 0 0 0

#Transform 16
Transform: AffineTransform_float_3_3
Parameters: 0.999999 0.000986011 0.000182934 -0.000985987 0.999999 -6.71804e-05 -0.000182066 6.68205e-05 1 0.0203919 0.185024 0.00954438
FixedParameters: 0 0 0

#Transform 17
Transform: AffineTransform_float_3_3
Parameters: 1 0.000547039 0.000108804 -0.000546961 1 -0.000358059 -0.000109196 0.00035794 1 0.0195064 0.116956 0.0250525
FixedParameters: 0 0 0

#Transform 18
Transform: AffineTransform_float_3_3
Parameters: 1 0.00046002 4.7804e-05 -0.000459979 1 -0.000426022 -4.81959e-05 0.000425978 1 0.0125211 0.0642064 -0.0182278
FixedParameters: 0 0 0

#Transform 19
Transform: AffineTransform_float_3_3
Parameters: 1 0.000246962 0.000302031 -0.000247038 1 0.000124925 -0.000301969 -0.000125075 1 0.0238972 0.0443411 -0.00642383
FixedParameters: 0 0 0

#Transform 20
Transform: AffineTransform_float_3_3
Parameters: 1 0.000113998 -0.000167001 -0.000114002 1 -1.0981e-05 0.000166999 1.1019e-05 1 0.00260235 -0.0194962 0.00591585
FixedParameters: 0 0 0

#Transform 21
Transform: AffineTransform_float_3_3
Parameters: 1 0.000113956 0.000353014 -0.000114044 1 0.00012496 -0.000352986 -0.00012504 1 0.00296605 0.0319457 0.0089463
FixedParameters: 0 0 0

#Transform 22
Transform: AffineTransform_float_3_3
Parameters: 1 5.87988e-05 0.000353033 -5.92012e-05 1 0.000569979 -0.000352966 -0.000570021 1 -0.0160696 0.0012289 0.012926
FixedParameters: 0 0 0

#Transform 23
Transform: AffineTransform_float_3_3
Parameters: 1 1.19802e-05 0.000405001 -1.20198e-05 1 4.89951e-05 -0.000404999 -4.90049e-05 1 -0.0136972 0.0389116 -0.00596919
FixedParameters: 0 0 0

#Transform 24
Transform: AffineTransform_float_3_3
Parameters: 1 -7.59802e-05 0.000439003 7.60197e-05 1 -4.49666e-05 -0.000438996 4.50334e-05 1 -0.00618129 0.0475932 -0.00703558
FixedParameters: 0 0 0

#Transform 25
Transform: AffineTransform_float_3_3
Parameters: 1 -0.000176843 0.000353078 0.000177157 1 -0.000443937 -0.000352921 0.000444062 1 -0.0107033 0.100224 -0.0168895
FixedParameters: 0 0 0

#Transform 26
Transform: AffineTransform_float_3_3
Parameters: 1 -0.000311883 0.000174209 0.000312117 0.999999 -0.000670945 -0.000173791 0.000671054 1 -0.0122998 0.0787799 -0.0369786
FixedParameters: 0 0 0

#Transform 27
Transform: AffineTransform_float_3_3
Parameters: 1 -0.000201838 0.000169193 0.000202162 0.999999 -0.000956965 -0.000168807 0.000957033 0.999999 -0.0249548 0.105347 -0.0278444
FixedParameters: 0 0 0

#Transform 28
Transform: AffineTransform_float_3_3
Parameters: 1 -0.000295766 0.000349198 0.000296234 0.999999 -0.000670896 -0.000348801 0.000671103 0.999999 -0.0206433 0.0747459 -0.0339906
FixedParameters: 0 0 0

#Transform 29
Transform: AffineTransform_float_3_3
Parameters: 1 -0.000415086 -0.000128721 0.000414913 0.999999 -0.000671053 0.000129278 0.000670946 1 -0.0403942 0.0560937 -0.0206831
FixedParameters: 0 0 0

#Transform 30
Transform: AffineTransform_float_3_3
Parameters: 1 -0.000414999 2.25439e-06 0.000415001 0.999999 -0.000612999 -1.7456e-06 0.000613 1 -0.0422039 0.0650396 -0.0387777
FixedParameters: 0 0 0

#Transform 31
Transform: AffineTransform_float_3_3
Parameters: 1 -0.0004151 -0.000155735 0.0004149 0.999999 -0.000639064 0.000156266 0.000639935 1 -0.0493221 0.0349364 -0.0367625
FixedParameters: 0 0 0

#Transform 32
Transform: AffineTransform_float_3_3
Parameters: 1 -0.000671865 0.000155584 0.000671135 1 -0.000868896 -0.000155417 0.000869105 0.999999 -0.0475843 0.0395949 -0.0560922
FixedParameters: 0 0 0

#Transform 33
Transform: AffineTransform_float_3_3
Parameters: 1 -0.000517737 0.000179758 0.000518263 0.999999 -0.00146391 -0.000179241 0.00146409 0.999999 -0.0504733 0.00703136 -0.0747791
FixedParameters: 0 0 0

#Transform 34
Transform: AffineTransform_float_3_3
Parameters: 1 -0.000414825 0.000120603 0.000415174 0.999999 -0.00145395 -0.000119396 0.00145405 0.999999 -0.0542707 0.0216381 -0.0929779
FixedParameters: 0 0 0

#Transform 35
Transform: AffineTransform_float_3_3
Parameters: 1 -0.000415077 -6.75285e-05 0.000414924 1 -0.00113603 6.74714e-05 0.00113597 1 -0.0556833 0.0578076 -0.103516
FixedParameters: 0 0 0

#Transform 36
Transform: AffineTransform_float_3_3
Parameters: 1 -0.000473679 0.000232655 0.00047332 0.999999 -0.00138289 -0.000231346 0.00138211 0.999999 -0.0500467 0.038401 -0.109848
FixedParameters: 0 0 0

#Transform 37
Transform: AffineTransform_float_3_3
Parameters: 1 -0.000414822 0.000140526 0.000415178 0.999999 -0.00126794 -0.000140474 0.00126806 0.999999 -0.0582529 0.0364599 -0.0666164
FixedParameters: 0 0 0

#Transform 38
Transform: AffineTransform_float_3_3
Parameters: 1 -0.000414669 0.000276497 0.000414331 0.999999 -0.00119689 -0.000276504 0.00119712 0.999999 -0.07663 0.0561155 -0.0616128
FixedParameters: 0 0 0

#Transform 39
Transform: AffineTransform_float_3_3
Parameters: 1 -0.000414732 0.000210529 0.000414269 0.999999 -0.00127591 -0.000210472 0.00127609 0.999999 -0.0835694 0.0503232 -0.0408801
FixedParameters: 0 0 0

#Transform 40
Transform: AffineTransform_float_3_3
Parameters: 1 -0.000414489 0.000366579 0.000414512 0.999999 -0.00139585 -0.000366422 0.00139615 0.999999 -0.0745834 0.089577 -0.0688075
FixedParameters: 0 0 0

#Transform 41
Transform: AffineTransform_float_3_3
Parameters: 1 -0.00041454 0.000426448 0.00041446 1 -0.00107982 -0.000425553 0.00108018 1 -0.0795862 0.0678089 -0.12311
FixedParameters: 0 0 0

#Transform 42
Transform: AffineTransform_float_3_3
Parameters: 1 -0.000117891 8.61491e-05 0.000118109 0.999999 -0.00126399 -8.58508e-05 0.00126401 0.999999 -0.0943663 0.0822728 -0.167119
FixedParameters: 0 0 0

#Transform 43
Transform: AffineTransform_float_3_3
Parameters: 1 -0.000134128 -0.000111847 0.000133872 1 -0.00113902 0.000112153 0.00113899 1 -0.107677 -0.040184 -0.0933235
FixedParameters: 0 0 0

#Transform 44
Transform: AffineTransform_float_3_3
Parameters: 1 -3.98147e-05 0.000176042 3.91853e-05 1 -0.00105299 -0.000175959 0.00105301 1 -0.110891 0.0108777 -0.0581307
FixedParameters: 0 0 0

#Transform 45
Transform: AffineTransform_float_3_3
Parameters: 1 -0.000219809 0.000176238 0.000219191 1 -0.00108396 -0.000175763 0.00108404 1 -0.104082 -0.0114681 -0.0306081
FixedParameters: 0 0 0

#Transform 46
Transform: AffineTransform_float_3_3
Parameters: 1 -7.37659e-05 0.000176098 7.4234e-05 0.999999 -0.00132999 -0.000175901 0.00133001 0.999999 -0.114208 0.085696 -0.131026
FixedParameters: 0 0 0

#Transform 47
Transform: AffineTransform_float_3_3
Parameters: 1 0.000163026 2.18049e-05 -0.000162974 1 -0.001197 -2.21951e-05 0.001197 1 -0.116113 0.0510784 -0.181532
FixedParameters: 0 0 0

#Transform 48
Transform: AffineTransform_float_3_3
Parameters: 1 0.000142097 0.000108873 -0.000141903 0.999999 -0.000892015 -0.000109127 0.000891984 0.999999 -0.147912 0.0691927 -0.214175
FixedParameters: 0 0 0

#Transform 49
Transform: AffineTransform_float_3_3
Parameters: 1 0.000384886 -0.000228192 -0.000385114 1 -0.000498912 0.000227808 0.000499088 1 -0.160886 0.0251326 -0.12441
FixedParameters: 0 0 0

#Transform 50
Transform: AffineTransform_float_3_3
Parameters: 1 0.000381989 -0.000228019 -0.000382012 1 -5.09129e-05 0.000227981 5.00871e-05 1 -0.161679 -0.0206226 -0.0976096
FixedParameters: 0 0 0

#Transform 51
Transform: AffineTransform_float_3_3
Parameters: 1 0.000454989 -3.71306e-05 -0.000455011 1 -0.000286983 3.78694e-05 0.000287017 1 -0.165149 0.0392218 -0.0895352
FixedParameters: 0 0 0

#Transform 52
Transform: AffineTransform_float_3_3
Parameters: 1 0.000339085 0.000186846 -0.000338915 1 -0.000454063 -0.000187154 0.000453936 1 -0.149093 0.0747155 -0.156014
FixedParameters: 0 0 0

#Transform 53
Transform: AffineTransform_float_3_3
Parameters: 1 0.000581005 1.17246e-05 -0.000580994 0.999999 -0.000474007 -1.22754e-05 0.000473993 1 -0.160561 0.0785437 -0.181621
FixedParameters: 0 0 0

#Transform 54
Transform: AffineTransform_float_3_3
Parameters: 1 0.000589884 -0.0002283 -0.000590115 0.999999 -0.000507865 0.0002277 0.000508134 1 -0.161025 0.0705432 -0.186362
FixedParameters: 0 0 0

#Transform 55
Transform: AffineTransform_float_3_3
Parameters: 0.999999 0.000665846 -0.000389263 -0.000666153 0.999999 -0.000394741 0.000388737 0.000395259 1 -0.17207 0.0212378 -0.142064
FixedParameters: 0 0 0

#Transform 56
Transform: AffineTransform_float_3_3
Parameters: 1 0.000589924 -0.000387115 -0.000590075 1 -0.000194772 0.000387885 0.000195229 1 -0.169459 0.00521881 -0.131765
FixedParameters: 0 0 0

#Transform 57
Transform: AffineTransform_float_3_3
Parameters: 0.999999 0.000607878 -0.000419177 -0.000608122 1 -0.000290745 0.000418823 0.000291255 1 -0.172996 -0.00134234 -0.108249
FixedParameters: 0 0 0

#Transform 58
Transform: AffineTransform_float_3_3
Parameters: 1 0.000393988 -9.1052e-05 -0.000394012 1 -0.000131964 9.0948e-05 0.000132036 1 -0.154017 0.0822678 -0.156545
FixedParameters: 0 0 0

#Transform 59
Transform: AffineTransform_float_3_3
Parameters: 1 0.000393985 -7.50764e-05 -0.000394014 1 -0.00019397 7.49235e-05 0.00019403 1 -0.151281 0.0724646 -0.21432
FixedParameters: 0 0 0

#Transform 60
Transform: AffineTransform_float_3_3
Parameters: 1 0.000394418 0.000396585 -0.000393582 1 -0.00105316 -0.000397415 0.00105284 1 -0.142739 0.0502838 -0.283538
FixedParameters: 0 0 0

#Transform 61
Transform: AffineTransform_float_3_3
Parameters: 1 0.000621764 -0.000279525 -0.000622235 1 -0.000843827 0.000278475 0.000844174 1 -0.16978 0.0288041 -0.268607
FixedParameters: 0 0 0

#Transform 62
Transform: AffineTransform_float_3_3
Parameters: 1 0.000394109 0.0001437 -0.00039389 0.999999 -0.000762056 -0.0001443 0.000761943 0.999999 -0.169932 0.0137743 -0.337687
FixedParameters: 0 0 0

#Transform 63
Transform: AffineTransform_float_3_3
Parameters: 1 0.000393839 -0.000209302 -0.00039416 0.999999 -0.000767917 0.000208697 0.000768082 0.999999 -0.157558 -0.00490481 -0.248604
FixedParameters: 0 0 0

#Transform 64
Transform: AffineTransform_float_3_3
Parameters: 1 0.00039377 -0.000228398 -0.00039423 1 -0.00100991 0.000227602 0.00101009 1 -0.143356 0.0523003 -0.291191
FixedParameters: 0 0 0

#Transform 65
Transform: AffineTransform_float_3_3
Parameters: 1 0.000393826 -0.000153447 -0.000394174 1 -0.00113394 0.000153553 0.00113406 1 -0.148564 0.059357 -0.302286
FixedParameters: 0 0 0

#Transform 66
Transform: AffineTransform_float_3_3
Parameters: 1 0.000535821 -0.00017156 -0.00053618 1 -0.00104491 0.00017144 0.00104509 0.999999 -0.150062 0.0323413 -0.270641
FixedParameters: 0 0 0

#Transform 67
Transform: AffineTransform_float_3_3
Parameters: 1 0.000393878 -0.000279172 -0.000394121 1 -0.00043589 0.000278828 0.00043611 1 -0.144311 0.0484577 -0.210252
FixedParameters: 0 0 0

#Transform 68
Transform: AffineTransform_float_3_3
Parameters: 1 0.000393868 -0.000279187 -0.000394132 1 -0.00047389 0.000278813 0.00047411 1 -0.164855 0.0256658 -0.205487
FixedParameters: 0 0 0

#Transform 69
Transform: AffineTransform_float_3_3
Parameters: 1 0.00021199 -4.20528e-05 -0.00021201 1 -0.000248991 4.19472e-05 0.000249009 1 -0.154615 0.0432559 -0.230193
FixedParameters: 0 0 0

#Transform 70
Transform: AffineTransform_float_3_3
Parameters: 1 0.00039298 -6.41202e-05 -0.000393019 1 -0.000305975 6.38797e-05 0.000306025 1 -0.149724 0.0518024 -0.23543
FixedParameters: 0 0 0

#Transform 71
Transform: AffineTransform_float_3_3
Parameters: 0.999999 0.00067793 -0.000279169 -0.000678069 0.999999 -0.000248811 0.000278832 0.000248189 1 -0.171273 0.0865176 -0.254611
FixedParameters: 0 0 0

#Transform 72
Transform: AffineTransform_float_3_3
Parameters: 1 0.00114303 -0.000278891 -0.00114297 1 9.53189e-05 0.000279108 -9.46811e-05 1 -0.200819 0.100963 -0.246923
FixedParameters: 0 0 0

#Transform 73
Transform: AffineTransform_float_3_3
Parameters: 0.999999 0.00143502 -0.000278914 -0.00143498 0.999999 6.04003e-05 0.000279086 -5.95996e-05 1 -0.223278 0.0304837 -0.218295
FixedParameters: 0 0 0

#Transform 74
Transform: AffineTransform_float_3_3
Parameters: 0.999998 0.00165528 -0.000277318 -0.00165472 0.999998 0.00101646 0.000278681 -0.00101554 1 -0.222338 0.0547175 -0.169504
FixedParameters: 0 0 0

#Transform 75
Transform: AffineTransform_float_3_3
Parameters: 0.999999 0.00120501 0.000444685 -0.00120599 0.999997 0.00222647 -0.000442315 -0.00222754 0.999998 -0.192062 0.108866 -0.104561
FixedParameters: 0 0 0

#Transform 76
Transform: AffineTransform_float_3_3
Parameters: 1 0.00089528 0.000426517 -0.000896723 0.999998 0.00169362 -0.000425483 -0.00169338 0.999999 -0.167876 0.0642241 -0.130047
FixedParameters: 0 0 0

#Transform 77
Transform: AffineTransform_float_3_3
Parameters: 1 0.000892503 0.000426043 -0.000893497 0.999999 0.00116762 -0.000424957 -0.00116838 0.999999 -0.16489 0.0973306 -0.140101
FixedParameters: 0 0 0

#Transform 78
Transform: AffineTransform_float_3_3
Parameters: 1 0.000905479 0.000426109 -0.000906521 0.999999 0.00122361 -0.000424891 -0.00122439 0.999999 -0.15721 0.110701 -0.189636
FixedParameters: 0 0 0

#Transform 79
Transform: AffineTransform_float_3_3
Parameters: 0.999999 0.000948137 -0.000135041 -0.000947863 0.999999 0.00101113 0.000135958 -0.00101087 1 -0.184661 0.130458 -0.230796
FixedParameters: 0 0 0

#Transform 80
Transform: AffineTransform_float_3_3
Parameters: 0.999999 0.000846052 -8.04525e-05 -0.000845948 1 0.000647068 8.05473e-05 -0.000646932 1 -0.180925 0.0696352 -0.233385
FixedParameters: 0 0 0

#Transform 81
Transform: AffineTransform_float_3_3
Parameters: 0.999999 0.000762153 -0.000310623 -0.000761846 0.999999 0.000494237 0.000310376 -0.000493763 1 -0.191418 0.0574587 -0.201351
FixedParameters: 0 0 0

#Transform 82
Transform: AffineTransform_float_3_3
Parameters: 1 0.000135314 0.000365884 -0.000135685 0.999999 -0.000859049 -0.000366116 0.00085895 0.999999 -0.166669 0.0397192 -0.158771
FixedParameters: 0 0 0

#Transform 83
Transform: AffineTransform_float_3_3
Parameters: 1 -0.000300545 0.000532823 0.000302455 0.999996 -0.00273184 -0.000532176 0.00273216 0.999996 -0.167305 0.00214764 -0.109624
FixedParameters: 0 0 0

#Transform 84
Transform: AffineTransform_float_3_3
Parameters: 1 -0.000641363 0.000803114 0.000643638 0.999995 -0.00328849 -0.000800888 0.00328852 0.999995 -0.171309 -0.000292544 -0.137951
FixedParameters: 0 0 0

#Transform 85
Transform: AffineTransform_float_3_3
Parameters: 1 -0.000485081 0.000359244 0.000485918 0.999996 -0.00256282 -0.000357756 0.00256317 0.999996 -0.172137 0.0440585 -0.135016
FixedParameters: 0 0 0

#Transform 86
Transform: AffineTransform_float_3_3
Parameters: 1 -0.000206293 0.000319458 0.000206708 0.999997 -0.00221493 -0.000319543 0.00221507 0.999998 -0.17945 0.088115 -0.209724
FixedParameters: 0 0 0

#Transform 87
Transform: AffineTransform_float_3_3
Parameters: 1 0.000132213 0.000124775 -0.000131787 0.999998 -0.00170401 -0.000125225 0.00170398 0.999998 -0.19217 0.0646916 -0.240191
FixedParameters: 0 0 0

#Transform 88
Transform: AffineTransform_float_3_3
Parameters: 1 0.000193246 0.000207772 -0.000192754 1 -0.00118304 -0.000208228 0.00118296 1 -0.185391 0.0367705 -0.257564
FixedParameters: 0 0 0

#Transform 89
Transform: AffineTransform_float_3_3
Parameters: 1 0.000435054 7.46859e-05 -0.000434946 0.999999 -0.000722032 -7.5314e-05 0.000721967 0.999999 -0.20025 -0.026505 -0.16947
FixedParameters: 0 0 0

#Transform 90
Transform: AffineTransform_float_3_3
Parameters: 1 0.000518041 0.000245914 -0.000517959 1 -0.000166127 -0.000246086 0.000165873 1 -0.208685 -0.0123995 -0.157319
FixedParameters: 0 0 0

#Transform 91
Transform: AffineTransform_float_3_3
Parameters: 1 0.000249094 0.000341932 -0.000248907 1 -0.000274085 -0.000341068 0.000273915 1 -0.20655 0.0227037 -0.129361
FixedParameters: 0 0 0

#Transform 92
Transform: AffineTransform_float_3_3
Parameters: 1 0.000249229 0.000527892 -0.000248771 1 -0.000434131 -0.000527108 0.000433869 1 -0.184329 0.0629305 -0.184115
FixedParameters: 0 0 0

#Transform 93
Transform: AffineTransform_float_3_3
Parameters: 1 0.000512126 0.000224713 -0.000511874 0.999999 -0.000560115 -0.000225287 0.000559884 1 -0.198087 0.0750046 -0.214338
FixedParameters: 0 0 0

#Transform 94
Transform: AffineTransform_float_3_3
Parameters: 0.999999 0.000498391 0.000547643 -0.000498608 0.999999 -0.000715273 -0.000548356 0.000714726 0.999999 -0.202257 0.0709562 -0.220926
FixedParameters: 0 0 0

#Transform 95
Transform: AffineTransform_float_3_3
Parameters: 0.999999 0.000707046 0.000134758 -0.000706953 0.999999 -0.000342095 -0.000135242 0.000341904 1 -0.219531 0.0674775 -0.14098
FixedParameters: 0 0 0

#Transform 96
Transform: AffineTransform_float_3_3
Parameters: 1 0.00061698 0.000297041 -0.000617019 1 6.58167e-05 -0.00029696 -6.51832e-05 1 -0.225628 0.0667403 -0.116817
FixedParameters: 0 0 0

#Transform 97
Transform: AffineTransform_float_3_3
Parameters: 0.999999 0.000693916 0.00047712 -0.000693083 0.999999 0.000173669 -0.000477879 -0.000174332 1 -0.228677 0.0817746 -0.0753534
FixedParameters: 0 0 0

#Transform 98
Transform: AffineTransform_float_3_3
Parameters: 0.999999 0.000584998 0.000410003 -0.000585002 1 4.76015e-06 -0.000409997 -5.23985e-06 1 -0.221489 0.124889 -0.144602
FixedParameters: 0 0 0

#Transform 99
Transform: AffineTransform_float_3_3
Parameters: 0.999999 0.000622955 0.000426065 -0.000623044 1 0.000103735 -0.000425935 -0.000104265 1 -0.219577 0.0968877 -0.23671
FixedParameters: 0 0 0

#Transform 100
Transform: AffineTransform_float_3_3
Parameters: 1 0.000357986 0.000239021 -0.000358014 1 5.79144e-05 -0.000238979 -5.80856e-05 1 -0.209068 0.0805346 -0.248652
FixedParameters: 0 0 0

#Transform 101
Transform: AffineTransform_float_3_3
Parameters: 0.999999 0.000737021 -6.67604e-05 -0.000736978 0.999999 0.000325049 6.72395e-05 -0.00032495 1 -0.230799 0.0415968 -0.173147
FixedParameters: 0 0 0

#Transform 102
Transform: AffineTransform_float_3_3
Parameters: 0.999999 0.000511019 0.00051798 -0.00051098 1 -3.82647e-05 -0.000518019 3.77353e-05 1 -0.229973 0.0555748 -0.114402
FixedParameters: 0 0 0

#Transform 103
Transform: AffineTransform_float_3_3
Parameters: 0.999999 0.000534179 0.000517815 -0.000533821 1 -0.000345276 -0.000517184 0.000345724 1 -0.253887 0.0476917 -0.0899842
FixedParameters: 0 0 0

#Transform 104
Transform: AffineTransform_float_3_3
Parameters: 1 0.000433386 0.00111685 -0.000432614 1 -0.000345483 -0.00111715 0.000345516 1 -0.238315 0.0934236 -0.091706
FixedParameters: 0 0 0

#Transform 105
Transform: AffineTransform_float_3_3
Parameters: 1 0.00025011 0.000984719 -0.000248891 1 -0.00112625 -0.000985281 0.00112675 0.999999 -0.239483 0.0381163 -0.0922497
FixedParameters: 0 0 0

#Transform 106
Transform: AffineTransform_float_3_3
Parameters: 0.999999 0.000143389 0.000851767 -0.000141612 0.999998 -0.00163112 -0.000851232 0.00163088 0.999999 -0.228247 0.0691213 -0.201775
FixedParameters: 0 0 0

#Transform 107
Transform: AffineTransform_float_3_3
Parameters: 1 0.000250251 0.0010527 -0.000248749 1 -0.00118826 -0.0010533 0.00118774 0.999998 -0.200167 0.0568031 -0.28668
FixedParameters: 0 0 0

#Transform 108
Transform: AffineTransform_float_3_3
Parameters: 1 0.000186618 0.000608811 -0.000185382 1 -0.00101511 -0.000609189 0.00101489 1 -0.204344 0.0443007 -0.28149
FixedParameters: 0 0 0

#Transform 109
Transform: AffineTransform_float_3_3
Parameters: 1 0.000249207 0.000608915 -0.000248793 1 -0.000339151 -0.000609084 0.000339848 1 -0.206295 0.0375115 -0.229583
FixedParameters: 0 0 0

#Transform 110
Transform: AffineTransform_float_3_3
Parameters: 1 0.000248886 0.000609046 -0.000249114 1 0.000186848 -0.000608953 -0.000187152 1 -0.197713 0.0094274 -0.153422
FixedParameters: 0 0 0

#Transform 111
Transform: AffineTransform_float_3_3
Parameters: 0.999999 0.000422886 0.000609079 -0.000423114 1 0.000186742 -0.000608921 -0.000187257 1 -0.214544 0.0406235 -0.166771
FixedParameters: 0 0 0

#Transform 112
Transform: AffineTransform_float_3_3
Parameters: 1 0.000248832 0.000609068 -0.000249168 1 0.000275848 -0.000608931 -0.000276152 1 -0.202137 0.0679945 -0.150415
FixedParameters: 0 0 0

#Transform 113
Transform: AffineTransform_float_3_3
Parameters: 1 0.000173811 0.000609054 -0.000174189 1 0.000310894 -0.000608946 -0.000311106 1 -0.191719 0.0979359 -0.2431
FixedParameters: 0 0 0

#Transform 114
Transform: AffineTransform_float_3_3
Parameters: 1 0.000175696 0.000609087 -0.000175304 1 0.000498893 -0.000608912 -0.000499107 0.999999 -0.191767 0.105958 -0.252416
FixedParameters: 0 0 0

#Transform 115
Transform: AffineTransform_float_3_3
Parameters: 1 0.00026074 0.000609111 -0.00026026 1 0.000426841 -0.000609889 -0.000426159 0.999999 -0.193704 0.100805 -0.251631
FixedParameters: 0 0 0

#Transform 116
Transform: AffineTransform_float_3_3
Parameters: 0.999999 0.000361572 0.000609254 -0.000361428 0.999999 0.000702779 -0.000609746 -0.00070322 0.999999 -0.189105 0.0853697 -0.190433
FixedParameters: 0 0 0

#Transform 117
Transform: AffineTransform_float_3_3
Parameters: 0.999999 0.000419527 0.000609325 -0.000420473 0.999999 0.000775743 -0.000609673 -0.000776255 0.999999 -0.190383 0.0903801 -0.179991
FixedParameters: 0 0 0

#Transform 118
Transform: AffineTransform_float_3_3
Parameters: 1 0.000357468 0.000609312 -0.000358532 0.999999 0.000872781 -0.000609687 -0.000873217 0.999999 -0.191013 0.0871975 -0.170488
FixedParameters: 0 0 0

#Transform 119
Transform: AffineTransform_float_3_3
Parameters: 1 0.000282799 0.000609093 -0.000283201 1 0.000329827 -0.000608906 -0.000330172 1 -0.187268 0.131363 -0.219215
FixedParameters: 0 0 0

#Transform 120
Transform: AffineTransform_float_3_3
Parameters: 0.999999 0.000338942 0.000676028 -0.000339057 1 8.47708e-05 -0.000675971 -8.52291e-05 1 -0.192882 0.0946787 -0.221648
FixedParameters: 0 0 0

#Transform 121
Transform: AffineTransform_float_3_3
Parameters: 1 0.000274886 0.000609051 -0.000274114 1 0.000186833 -0.000608948 -0.000187167 1 -0.187188 0.0975668 -0.204574
FixedParameters: 0 0 0

#Transform 122
Transform: AffineTransform_float_3_3
Parameters: 1 0.000499974 0.000274048 -0.000500026 1 9.5863e-05 -0.000273952 -9.6137e-05 1 -0.20077 0.0156093 -0.161406
FixedParameters: 0 0 0

#Transform 123
Transform: AffineTransform_float_3_3
Parameters: 1 0.000342846 0.000531099 -0.000343154 1 0.000289818 -0.0005309 -0.000290182 1 -0.190627 0.0541047 -0.170216
FixedParameters: 0 0 0

#Transform 124
Transform: AffineTransform_float_3_3
Parameters: 1 0.000270827 0.000348135 -0.000271173 1 0.000496905 -0.000347865 -0.000497094 1 -0.193664 0.0676877 -0.145286
FixedParameters: 0 0 0

#Transform 125
Transform: AffineTransform_float_3_3
Parameters: 0.999999 0.000244732 0.000795082 -0.000245269 1 0.000337805 -0.000794917 -0.000337195 0.999999 -0.181597 0.122896 -0.220239
FixedParameters: 0 0 0

#Transform 126
Transform: AffineTransform_float_3_3
Parameters: 1 0.000324684 0.000590174 -0.000325316 1 0.000535808 -0.000589825 -0.000536191 0.999999 -0.184304 0.141096 -0.240696
FixedParameters: 0 0 0

#Transform 127
Transform: AffineTransform_float_3_3
Parameters: 1 0.000305791 0.00045614 -0.000306209 1 0.00045786 -0.00045586 -0.000458139 1 -0.186579 0.0954905 -0.224261
FixedParameters: 0 0 0

#Transform 128
Transform: AffineTransform_float_3_3
Parameters: 0.999999 0.00070383 0.000189631 -0.000704169 1 0.000895867 -0.000188369 -0.000896133 0.999999 -0.207494 0.076565 -0.170402
FixedParameters: 0 0 0

#Transform 129
Transform: AffineTransform_float_3_3
Parameters: 0.999999 0.000428416 0.000590424 -0.000429584 1 0.000989747 -0.000589575 -0.000990254 1 -0.206928 0.0677059 -0.160569
FixedParameters: 0 0 0

#Transform 130
Transform: AffineTransform_float_3_3
Parameters: 1 0.000316551 0.000590241 -0.000316449 0.999999 0.000760813 -0.000589759 -0.000761186 0.999999 -0.195515 0.0930079 -0.145488
FixedParameters: 0 0 0

#Transform 131
Transform: AffineTransform_float_3_3
Parameters: 1 -0.000153947 0.000590014 0.000154053 1 -8.99091e-05 -0.000589986 9.00908e-05 1 -0.177871 0.088753 -0.20864
FixedParameters: 0 0 0

#Transform 132
Transform: AffineTransform_float_3_3
Parameters: 1 -0.000234682 0.000590126 0.000234317 1 -0.000537862 -0.000589874 0.000538138 0.999999 -0.176118 0.0779079 -0.303977
FixedParameters: 0 0 0

#Transform 133
Transform: AffineTransform_float_3_3
Parameters: 1 -0.000294815 0.000590092 0.000295185 1 -0.000312826 -0.000589907 0.000313174 1 -0.174805 0.0959708 -0.325113
FixedParameters: 0 0 0

#Transform 134
Transform: AffineTransform_float_3_3
Parameters: 1 -0.000240093 0.000353937 0.000239907 1 0.000262085 -0.000354063 -0.000261915 1 -0.182117 0.0535665 -0.251966
FixedParameters: 0 0 0

#Transform 135
Transform: AffineTransform_float_3_3
Parameters: 1 -0.000168195 0.000589944 0.000167805 1 0.000331099 -0.000590055 -0.000330901 1 -0.177569 0.0918747 -0.243536
FixedParameters: 0 0 0

#Transform 136
Transform: AffineTransform_float_3_3
Parameters: 1 -0.000325274 0.000589848 0.000325725 1 0.000465192 -0.000590151 -0.000464808 0.999999 -0.174101 0.0591136 -0.200269
FixedParameters: 0 0 0

#Transform 137
Transform: AffineTransform_float_3_3
Parameters: 1 -0.00023902 0.000325985 0.000238979 1 6.30779e-05 -0.000326015 -6.29221e-05 1 -0.18279 0.0957403 -0.223765
FixedParameters: 0 0 0

#Transform 138
Transform: AffineTransform_float_3_3
Parameters: 1 -0.000571017 0.000145934 0.000570983 1 0.000116083 -0.000146066 -0.000115917 1 -0.179977 0.0876552 -0.292544
FixedParameters: 0 0 0

#Transform 139
Transform: AffineTransform_float_3_3
Parameters: 1 -0.000497956 0.000227097 0.000498044 1 -0.000194887 -0.000227903 0.000195113 1 -0.195971 0.0794681 -0.296965
FixedParameters: 0 0 0

#Transform 140
Transform: AffineTransform_float_3_3
Parameters: 1 -0.000419043 -9.28072e-05 0.000418957 1 -0.000460039 9.31927e-05 0.000459961 1 -0.204295 0.0319255 -0.246285
FixedParameters: 0 0 0

#Transform 141
Transform: AffineTransform_float_3_3
Parameters: 1 -0.000570881 0.000146465 0.000571119 1 -0.000813917 -0.000145535 0.000814083 0.999999 -0.200845 0.0451843 -0.209745
FixedParameters: 0 0 0

#Transform 142
Transform: AffineTransform_float_3_3
Parameters: 1 -0.000570507 0.000409688 0.000571494 0.999999 -0.00120477 -0.000409312 0.00120523 0.999999 -0.206711 0.0305855 -0.171714
FixedParameters: 0 0 0

#Transform 143
Transform: AffineTransform_float_3_3
Parameters: 0.999999 -0.000669266 0.000495991 0.000669733 0.999998 -0.00147967 -0.000495009 0.00148033 0.999999 -0.215694 0.0492641 -0.117854
FixedParameters: 0 0 0

#Transform 144
Transform: AffineTransform_float_3_3
Parameters: 0.999999 -0.000718935 0.000582316 0.000720065 0.999998 -0.00182958 -0.000581683 0.00183042 0.999998 -0.205001 0.0761152 -0.208206
FixedParameters: 0 0 0

#Transform 145
Transform: AffineTransform_float_3_3
Parameters: 0.999999 -0.000784646 0.00020039 0.000784353 0.999998 -0.00177184 -0.00019861 0.00177216 0.999998 -0.227316 0.0409335 -0.274912
FixedParameters: 0 0 0

#Transform 146
Transform: AffineTransform_float_3_3
Parameters: 1 -0.000912587 0.00020089 0.000912415 0.999998 -0.00207082 -0.000199111 0.00207118 0.999998 -0.242664 0.00176441 -0.250098
FixedParameters: 0 0 0

#Transform 147
Transform: AffineTransform_float_3_3
Parameters: 0.999999 -0.000569967 0.000468261 0.000571033 0.999998 -0.00221074 -0.000466739 0.00221027 0.999998 -0.258159 0.0167178 -0.163302
FixedParameters: 0 0 0

#Transform 148
Transform: AffineTransform_float_3_3
Parameters: 0.999999 -0.000568142 0.00118138 0.000570857 0.999997 -0.00242033 -0.00117962 0.00242067 0.999997 -0.27196 0.00895403 -0.125183
FixedParameters: 0 0 0

#Transform 149
Transform: AffineTransform_float_3_3
Parameters: 0.999998 -0.000387364 0.00159613 0.000391634 0.999995 -0.00290438 -0.00159487 0.00290562 0.999994 -0.25359 0.0222969 -0.0728492
FixedParameters: 0 0 0

#Transform 150
Transform: AffineTransform_float_3_3
Parameters: 0.999998 -0.000735426 0.00180129 0.000741575 0.999995 -0.00309667 -0.00179871 0.00309733 0.999993 -0.229901 0.0256277 -0.124615
FixedParameters: 0 0 0

#Transform 151
Transform: AffineTransform_float_3_3
Parameters: 0.999999 -0.000494488 0.00144321 0.00049751 0.999997 -0.00243328 -0.00144179 0.00243472 0.999996 -0.224918 0.0421952 -0.193472
FixedParameters: 0 0 0

#Transform 152
Transform: AffineTransform_float_3_3
Parameters: 0.999998 -0.000567445 0.00156629 0.000571554 0.999998 -0.00227011 -0.00156471 0.00227089 0.999996 -0.217105 0.0502292 -0.257113
FixedParameters: 0 0 0

#Transform 153
Transform: AffineTransform_float_3_3
Parameters: 0.999999 -0.000389216 0.000982708 0.000390784 0.999999 -0.00181562 -0.000982291 0.00181638 0.999998 -0.216115 0.0312347 -0.241285
FixedParameters: 0 0 0

#Transform 154
Transform: AffineTransform_float_3_3
Parameters: 0.999999 -0.000569355 0.00113783 0.000571644 0.999999 -0.00144635 -0.00113617 0.00144665 0.999999 -0.209262 -0.00028531 -0.197754
FixedParameters: 0 0 0

#Transform 155
Transform: AffineTransform_float_3_3
Parameters: 1 -0.000312874 0.00098236 0.000313127 1 -0.00114669 -0.000982642 0.00114731 0.999999 -0.225438 -0.0119262 -0.168771
FixedParameters: 0 0 0

#Transform 156
Transform: AffineTransform_float_3_3
Parameters: 1 -0.000570034 0.000982562 0.000570968 1 -0.00098444 -0.000982439 0.000984561 0.999999 -0.214188 0.0114204 -0.172382
FixedParameters: 0 0 0

#Transform 157
Transform: AffineTransform_float_3_3
Parameters: 1 -0.000348281 0.000982256 0.00034872 0.999999 -0.000732658 -0.000981746 0.000732342 0.999999 -0.210462 0.0335192 -0.15318
FixedParameters: 0 0 0

#Transform 158
Transform: AffineTransform_float_3_3
Parameters: 0.999999 -0.000288877 0.00134924 0.000290122 0.999999 -0.000831609 -0.00134876 0.00083239 0.999998 -0.203481 0.102894 -0.205134
FixedParameters: 0 0 0

#Transform 159
Transform: AffineTransform_float_3_3
Parameters: 1 -6.7044e-05 0.00111806 6.79558e-05 0.999999 -0.000854924 -0.00111794 0.000855075 0.999999 -0.212681 0.101592 -0.222501
FixedParameters: 0 0 0

#Transform 160
Transform: AffineTransform_float_3_3
Parameters: 0.999999 -0.000196886 0.000982223 0.000198113 1 -0.00113381 -0.000981775 0.00113419 0.999999 -0.212426 0.0828729 -0.21082
FixedParameters: 0 0 0

#Transform 161
Transform: AffineTransform_float_3_3
Parameters: 0.999999 -8.43979e-05 0.000982052 8.46019e-05 1 -0.000612917 -0.000981948 0.000613083 1 -0.219241 0.0603594 -0.159894
FixedParameters: 0 0 0

#Transform 162
Transform: AffineTransform_float_3_3
Parameters: 1 -0.000108404 0.000982067 0.000108596 1 -0.000606894 -0.000981935 0.000607107 1 -0.210248 0.0281711 -0.160906
FixedParameters: 0 0 0

#Transform 163
Transform: AffineTransform_float_3_3
Parameters: 0.999999 -0.000255573 0.000812134 0.000255426 1 -0.000524792 -0.000811865 0.000525207 0.999999 -0.218268 0.0459725 -0.156028
FixedParameters: 0 0 0

#Transform 164
Transform: AffineTransform_float_3_3
Parameters: 1 -0.000235298 0.00106916 0.000235702 1 -0.000656748 -0.00106885 0.000657252 0.999999 -0.208072 0.0871425 -0.224256
FixedParameters: 0 0 0

#Transform 165
Transform: AffineTransform_float_3_3
Parameters: 0.999999 -0.000194163 0.00090418 0.000194836 0.999999 -0.000924824 -0.00090382 0.000925176 0.999999 -0.211763 0.0830949 -0.237839
FixedParameters: 0 0 0

#Transform 166
Transform: AffineTransform_float_3_3
Parameters: 1 -0.000322114 0.000957299 0.000322886 0.999999 -0.000924691 -0.000957702 0.000925309 0.999999 -0.209758 0.088433 -0.23011
FixedParameters: 0 0 0

#Transform 167
Transform: AffineTransform_float_3_3
Parameters: 0.999999 -8.9475e-05 0.000722065 8.95248e-05 0.999999 -0.000726935 -0.000721935 0.000727064 0.999999 -0.220968 0.0348673 -0.178588
FixedParameters: 0 0 0

#Transform 168
Transform: AffineTransform_float_3_3
Parameters: 0.999999 -0.000304244 0.000817282 0.000305755 0.999999 -0.00092475 -0.000816717 0.000925249 0.999999 -0.212203 0.0305356 -0.193354
FixedParameters: 0 0 0

#Transform 169
Transform: AffineTransform_float_3_3
Parameters: 1 -0.000195672 0.000670095 0.000196327 1 -0.000488868 -0.000669904 0.000489131 0.999999 -0.21253 0.0413872 -0.180046
FixedParameters: 0 0 0

#Transform 170
Transform: AffineTransform_float_3_3
Parameters: 0.999999 -0.000241511 0.000896132 0.000241488 1 -0.000544784 -0.000895869 0.000545217 1 -0.20161 0.0921588 -0.229506
FixedParameters: 0 0 0

#Transform 171
Transform: AffineTransform_float_3_3
Parameters: 1 -0.000100745 0.000415062 0.000101255 1 -0.000613958 -0.000414938 0.000614042 0.999999 -0.221283 0.0913238 -0.229719
FixedParameters: 0 0 0

#Transform 172
Transform: AffineTransform_float_3_3
Parameters: 1 -3.56775e-05 0.000415028 3.53224e-05 0.999999 -0.000776985 -0.000414972 0.000777014 0.999999 -0.222668 0.0727813 -0.233418
FixedParameters: 0 0 0

#Transform 173
Transform: AffineTransform_float_3_3
Parameters: 1 -9.68742e-05 0.000415029 9.71257e-05 1 -0.00030296 -0.00041497 0.00030304 1 -0.217731 0.0262111 -0.165065
FixedParameters: 0 0 0

#Transform 174
Transform: AffineTransform_float_3_3
Parameters: 1 -0.000124899 0.00062202 0.000125101 1 -0.000161922 -0.000622979 0.000162078 1 -0.215331 0.0575849 -0.174815
FixedParameters: 0 0 0

#Transform 175
Transform: AffineTransform_float_3_3
Parameters: 1 -0.00018585 0.000655042 0.00018515 1 -0.000228879 -0.000654957 0.000229122 1 -0.207399 0.075618 -0.192156
FixedParameters: 0 0 0

#Transform 176
Transform: AffineTransform_float_3_3
Parameters: 0.999999 -0.000171932 0.000689017 0.000172068 1 -9.88814e-05 -0.000688983 9.91185e-05 1 -0.214705 0.0964747 -0.248562
FixedParameters: 0 0 0

#Transform 177
Transform: AffineTransform_float_3_3
Parameters: 1 -0.000260106 0.000414934 0.000259894 1 0.000255108 -0.000415066 -0.000254892 1 -0.223491 0.125946 -0.283503
FixedParameters: 0 0 0

#Transform 178
Transform: AffineTransform_float_3_3
Parameters: 1 -0.00017541 0.000511859 0.000175589 0.999999 0.000802089 -0.000512141 -0.00080191 0.999999 -0.219783 0.0387463 -0.229654
FixedParameters: 0 0 0

#Transform 179
Transform: AffineTransform_float_3_3
Parameters: 1 -0.000175392 0.000539872 0.000174608 0.999999 0.000727094 -0.000539127 -0.000726905 0.999999 -0.216305 0.096695 -0.188869
FixedParameters: 0 0 0

#Transform 180
Transform: AffineTransform_float_3_3
Parameters: 0.999999 -4.56873e-05 0.000959967 4.53126e-05 0.999999 0.000716044 -0.000960033 -0.000715956 1 -0.247236 0.0475312 -0.126307
FixedParameters: 0 0 0

#Transform 181
Transform: AffineTransform_float_3_3
Parameters: 1 9.99685e-05 0.00121 -0.000100031 1 2.5879e-05 -0.00121 -2.6121e-05 1 -0.251809 0.102808 -0.0717722
FixedParameters: 0 0 0

#Transform 182
Transform: AffineTransform_float_3_3
Parameters: 1 -0.000139801 0.00102303 0.000140199 1 -0.000194857 -0.00102297 0.000195143 1 -0.243547 0.121017 -0.16027
FixedParameters: 0 0 0

#Transform 183
Transform: AffineTransform_float_3_3
Parameters: 0.999999 -0.000363563 0.000760208 0.000364436 1 -0.000573723 -0.00075979 0.000574276 0.999999 -0.251438 0.0831715 -0.266204
FixedParameters: 0 0 0

#Transform 184
Transform: AffineTransform_float_3_3
Parameters: 0.999999 -0.000570563 0.000760327 0.000571436 0.999999 -0.000573565 -0.000759671 0.000574433 0.999999 -0.240904 0.0813374 -0.311631
FixedParameters: 0 0 0

#Transform 185
Transform: AffineTransform_float_3_3
Parameters: 0.999999 -0.000570521 0.000605451 0.000571478 0.999999 -0.000790654 -0.000604548 0.000791344 0.999999 -0.253373 0.037083 -0.261359
FixedParameters: 0 0 0

#Transform 186
Transform: AffineTransform_float_3_3
Parameters: 0.999999 -0.000570252 0.000652654 0.000570748 0.999999 -0.00114563 -0.000652346 0.00114637 0.999999 -0.269608 0.0434373 -0.18075
FixedParameters: 0 0 0

#Transform 187
Transform: AffineTransform_float_3_3
Parameters: 0.999999 -0.000569859 0.000760855 0.000571141 0.999998 -0.00150057 -0.000760143 0.00150043 0.999998 -0.277271 0.0428461 -0.10051
FixedParameters: 0 0 0

#Transform 188
Transform: AffineTransform_float_3_3
Parameters: 1 -0.000568738 0.00102726 0.000571262 0.999998 -0.00220342 -0.00102574 0.00220359 0.999997 -0.274577 0.0514818 -0.116983
FixedParameters: 0 0 0

#Transform 189
Transform: AffineTransform_float_3_3
Parameters: 1 -0.000569047 0.000933195 0.000570953 0.999997 -0.00209447 -0.000931807 0.00209453 0.999998 -0.276977 0.0470901 -0.135747
FixedParameters: 0 0 0

#Transform 190
Transform: AffineTransform_float_3_3
Parameters: 0.999999 -0.00056968 0.00066613 0.000571319 0.999998 -0.00198262 -0.000664868 0.00198338 0.999998 -0.270305 0.0678996 -0.202959
FixedParameters: 0 0 0

#Transform 191
Transform: AffineTransform_float_3_3
Parameters: 1 -0.000569899 0.00076682 0.000571102 0.999999 -0.00143656 -0.00076618 0.00143744 0.999998 -0.262638 0.0643306 -0.259784
FixedParameters: 0 0 0

#Transform 192
Transform: AffineTransform_float_3_3
Parameters: 0.999999 -0.000570267 0.000583716 0.000570733 0.999999 -0.00125567 -0.000583283 0.00125633 0.999999 -0.260466 0.0235601 -0.255244
FixedParameters: 0 0 0

#Transform 193
Transform: AffineTransform_float_3_3
