#Insight Transform File V1.0
#Transform 0
Transform: AffineTransform_float_3_3
Parameters: 1 -2.74467e-07 0.000573 -2.74467e-07 1 0.000479 -0.000573 -0.000479 0.999999 -0.0110644 -0.00658048 0.00610172
FixedParameters: 0 0 0

#Transform 1
Transform: AffineTransform_float_3_3
Parameters: 1 -5.516e-08 0.000394 -5.516e-08 1 0.00014 -0.000394 -0.00014 1 0.0212097 -0.0385329 -0.0145968
FixedParameters: 0 0 0

#Transform 2
Transform: AffineTransform_float_3_3
Parameters: 1 -0.000357886 0.000256158 0.000358113 1 -0.000442908 -0.000255841 0.000443091 1 0.0414297 0.014916 -0.0200223
FixedParameters: 0 0 0

#Transform 3
Transform: AffineTransform_float_3_3
Parameters: 0.999999 -0.000197846 0.00138402 0.000198153 1 -0.000110726 -0.00138398 0.000111274 0.999999 0.0129333 -0.0330645 -0.0401138
FixedParameters: 0 0 0

#Transform 4
Transform: AffineTransform_float_3_3
Parameters: 0.999999 -0.000750988 -0.000107079 0.000751011 0.999999 0.00010492 0.000106921 -0.00010508 1 0.0403537 -0.00845802 -0.0318256
FixedParameters: 0 0 0

#Transform 5
Transform: AffineTransform_float_3_3
Parameters: 1 -0.000408999 3.11616e-06 0.000409001 1 -0.000283999 -2.88384e-06 0.000284001 1 0.0390604 0.0479895 -0.0234375
FixedParameters: 0 0 0

#Transform 6
Transform: AffineTransform_float_3_3
Parameters: 0.999999 -0.000750869 0.000259378 0.00075113 0.999999 -0.000503805 -0.000258621 0.000504194 1 0.0361421 0.00775711 -0.0363814
FixedParameters: 0 0 0

#Transform 7
Transform: AffineTransform_float_3_3
Parameters: 1 -0.000294073 -0.000101789 0.000293927 0.999999 -0.00071903 0.000101211 0.00071897 0.999999 0.044996 0.0652083 -0.0566527
FixedParameters: 0 0 0

#Transform 8
Transform: AffineTransform_float_3_3
Parameters: 1 -0.000170599 0.00116506 0.000170402 1 -0.000344802 -0.00116494 0.000344199 1 -0.00896017 -0.0599374 -0.0332076
FixedParameters: 0 0 0

#Transform 9
Transform: AffineTransform_float_3_3
Parameters: 0.999999 -6.63176e-05 0.000867052 6.66822e-05 0.999999 -0.000786942 -0.000866948 0.000787058 1 -0.0104918 0.064691 -0.0593476
FixedParameters: 0 0 0

#Transform 10
Transform: AffineTransform_float_3_3
Parameters: 1 0.000295909 0.00115377 -0.000295091 0.999999 -0.000787341 -0.00115423 0.000787659 0.999999 -0.039987 0.0429675 -0.0513437
FixedParameters: 0 0 0

#Transform 11
Transform: AffineTransform_float_3_3
Parameters: 1 0.000192179 0.00112197 -0.00019182 1 -0.000160215 -0.00112203 0.000159785 1 -0.0426037 -0.0528956 -0.0405624
FixedParameters: 0 0 0

#Transform 12
Transform: AffineTransform_float_3_3
Parameters: 0.999999 0.00055756 0.000723568 -0.000557439 0.999999 -0.000774403 -0.000724431 0.000773596 0.999999 -0.0517738 0.0407281 -0.110952
FixedParameters: 0 0 0

#Transform 13
Transform: AffineTransform_float_3_3
Parameters: 1 0.000279751 -0.000146477 -0.000280248 0.999998 -0.00170496 0.000145522 0.00170504 0.999998 -0.0499917 0.0340842 -0.190126
FixedParameters: 0 0 0

#Transform 14
Transform: AffineTransform_float_3_3
Parameters: 1 0.000143007 4.898e-05 -0.000142993 1 -0.000140007 -4.902e-05 0.000139993 1 -0.0589529 -0.0682037 -0.0834496
FixedParameters: 0 0 0

#Transform 15
Transform: AffineTransform_float_3_3
Parameters: 1 0.000451985 7.60899e-05 -0.000452015 1 0.000198966 -7.591e-05 -0.000199034 1 -0.0594404 -0.0701599 -0.0623548
FixedParameters: 0 0 0

#Transform 16
Transform: AffineTransform_float_3_3
Parameters: 1 0.000176022 0.000147974 -0.000175978 1 -0.000147026 -0.000148026 0.000146974 1 -0.0536147 -0.0630655 -0.102925
FixedParameters: 0 0 0

#Transform 17
Transform: AffineTransform_float_3_3
Parameters: 0.999999 4.6868e-05 -0.000781007 -4.7132e-05 1 -0.000168963 0.000780992 0.000169037 0.999999 -0.0399088 -0.0893376 -0.119842
FixedParameters: 0 0 0

#Transform 18
Transform: AffineTransform_float_3_3
Parameters: 1 0.000172338 -0.00105827 -0.000173662 0.999999 -0.00157082 0.00105773 0.00157118 0.999998 -0.0441426 0.0492591 -0.201024
FixedParameters: 0 0 0

#Transform 19
Transform: AffineTransform_float_3_3
Parameters: 0.999999 4.4735e-05 -0.00127108 -4.72661e-05 0.999999 -0.00178294 0.00127092 0.00178206 0.999997 -0.050815 0.0582323 -0.203742
FixedParameters: 0 0 0

#Transform 20
Transform: AffineTransform_float_3_3
Parameters: 1 0.000585884 -0.000116587 -0.000586117 1 -0.00100193 0.000116413 0.00100207 0.999999 -0.0734716 -0.0320965 -0.107727
FixedParameters: 0 0 0

#Transform 21
Transform: AffineTransform_float_3_3
Parameters: 1 -0.000206808 -0.00115604 0.000207192 1 0.000165761 0.00115597 -0.000166239 1 -0.0399692 -0.0684293 -0.0883696
FixedParameters: 0 0 0

#Transform 22
Transform: AffineTransform_float_3_3
Parameters: 1 6.2061e-05 0.00018698 -6.2939e-05 1 -0.000326012 -0.000187021 0.000325988 1 -0.0632432 -0.0955415 -0.128133
FixedParameters: 0 0 0

#Transform 23
Transform: AffineTransform_float_3_3
Parameters: 1 0.000320018 0.000237976 -0.000319982 1 -7.40761e-05 -0.000238024 7.39238e-05 1 -0.0655021 -0.0747432 -0.101198
FixedParameters: 0 0 0

#Transform 24
Transform: AffineTransform_float_3_3
Parameters: 1 0.000147045 0.000290977 -0.000146955 1 -0.000154043 -0.000291023 0.000153957 1 -0.056485 -0.0387756 -0.114839
FixedParameters: 0 0 0

#Transform 25
Transform: AffineTransform_float_3_3
Parameters: 1 0.000435893 -9.35027e-05 -0.000436107 0.999999 -0.00115296 9.24972e-05 0.00115304 1 -0.0617701 0.0539886 -0.178776
FixedParameters: 0 0 0

#Transform 26
Transform: AffineTransform_float_3_3
Parameters: 1 0.000494246 0.000115957 -0.000493754 0.999997 -0.00211006 -0.000117043 0.00211094 0.999998 -0.064849 0.0413907 -0.173893
FixedParameters: 0 0 0

#Transform 27
Transform: AffineTransform_float_3_3
Parameters: 0.999999 0.00077005 4.10598e-05 -0.000769949 0.999999 -0.00122103 -4.19401e-05 0.00122097 1 -0.0566991 -0.00582048 -0.091227
FixedParameters: 0 0 0

#Transform 28
Transform: AffineTransform_float_3_3
Parameters: 1 0.000189443 0.000337752 -0.000188557 0.999999 -0.00131006 -0.000338247 0.00130994 0.999999 -0.0593367 0.0193166 -0.0903473
FixedParameters: 0 0 0

#Transform 29
Transform: AffineTransform_float_3_3
Parameters: 1 0.0001892 0.000268859 -0.000188801 0.999999 -0.00074305 -0.00026814 0.000742949 0.999999 -0.0667432 -0.0787511 -0.104087
FixedParameters: 0 0 0

#Transform 30
Transform: AffineTransform_float_3_3
Parameters: 1 0.000317244 0.000153497 -0.000316755 0.999998 -0.00158705 -0.000154503 0.00158795 0.999998 -0.057761 -0.0155226 -0.100088
FixedParameters: 0 0 0

#Transform 31
Transform: AffineTransform_float_3_3
Parameters: 1 0.000144545 0.000288728 -0.000143454 0.999998 -0.00188704 -0.000289271 0.00188696 0.999998 -0.0514768 0.0054411 -0.111094
FixedParameters: 0 0 0

#Transform 32
Transform: AffineTransform_float_3_3
Parameters: 1 0.000542652 0.000419157 -0.000542348 0.999998 -0.00155323 -0.000419843 0.00155377 0.999998 -0.0611172 0.0121731 -0.114777
FixedParameters: 0 0 0

#Transform 33
Transform: AffineTransform_float_3_3
Parameters: 0.999999 0.000353962 0.000669492 -0.000353039 0.999999 -0.00143624 -0.000669507 0.00143576 0.999998 -0.0592003 0.0384801 -0.0949975
FixedParameters: 0 0 0

#Transform 34
Transform: AffineTransform_float_3_3
Parameters: 0.999999 0.000557552 0.000468344 -0.000556449 0.999999 -0.00117726 -0.000468655 0.00117674 0.999999 -0.0608258 -0.0132039 -0.119226
FixedParameters: 0 0 0

#Transform 35
Transform: AffineTransform_float_3_3
Parameters: 0.999999 0.000738945 -3.90456e-05 -0.000739054 0.999998 -0.00141497 3.79543e-05 0.00141503 0.999999 -0.0534264 0.0219846 -0.169532
FixedParameters: 0 0 0

#Transform 36
Transform: AffineTransform_float_3_3
Parameters: 0.999999 0.000736035 -0.001095 -0.000738966 0.999996 -0.00271019 0.001093 0.00271081 0.999995 -0.0220625 0.0506938 -0.241881
FixedParameters: 0 0 0

#Transform 37
Transform: AffineTransform_float_3_3
Parameters: 0.999999 0.000848814 -0.00010156 -0.000849184 0.999998 -0.00183791 9.94393e-05 0.00183809 0.999999 -0.0484249 0.00170572 -0.159365
FixedParameters: 0 0 0

#Transform 38
Transform: AffineTransform_float_3_3
Parameters: 1 0.000667988 -3.72091e-05 -0.000668011 0.999999 -0.000312975 3.67909e-05 0.000313025 1 -0.0554579 -0.101231 -0.104962
FixedParameters: 0 0 0

#Transform 39
Transform: AffineTransform_float_3_3
Parameters: 0.999999 0.000646264 0.000469636 -0.000646735 0.999999 -0.000562304 -0.000470363 0.000561696 0.999999 -0.0523265 -0.0870257 -0.120559
FixedParameters: 0 0 0

#Transform 40
Transform: AffineTransform_float_3_3
Parameters: 1 0.000497074 0.00041391 -0.000496925 1 -0.000180206 -0.000414089 0.000179794 1 -0.0504441 -0.0691446 -0.128093
FixedParameters: 0 0 0

#Transform 41
Transform: AffineTransform_float_3_3
Parameters: 1 0.000974276 0.00034723 -0.000973725 0.999999 -0.000790338 -0.00034877 0.00079066 0.999999 -0.0539785 -0.0553699 -0.157157
FixedParameters: 0 0 0

#Transform 42
Transform: AffineTransform_float_3_3
Parameters: 1 0.000941375 0.000332942 -0.000941625 0.999999 -0.00112431 -0.000334059 0.00112369 1 -0.0542538 0.0462928 -0.158479
FixedParameters: 0 0 0

#Transform 43
Transform: AffineTransform_float_3_3
Parameters: 0.999999 0.000698679 0.000591197 -0.00069832 0.999999 -0.00114941 -0.000591802 0.00114859 0.999999 -0.0536098 0.0789329 -0.149376
FixedParameters: 0 0 0

#Transform 44
Transform: AffineTransform_float_3_3
Parameters: 0.999999 0.000749368 0.000574519 -0.00074963 0.999999 -0.00064143 -0.00057548 0.000640568 0.999999 -0.0465502 0.0543588 -0.0843768
FixedParameters: 0 0 0

#Transform 45
Transform: AffineTransform_float_3_3
Parameters: 1 0.000748911 0.000648103 -0.000749089 0.999999 0.000136515 -0.000647897 -0.000137485 1 -0.0440143 -0.0758621 -0.0729875
FixedParameters: 0 0 0

#Transform 46
Transform: AffineTransform_float_3_3
Parameters: 1 0.000749162 0.000800849 -0.000749838 0.999999 -0.0002026 -0.000801152 0.0002024 0.999999 -0.0505206 -0.0761362 -0.093602
FixedParameters: 0 0 0

#Transform 47
Transform: AffineTransform_float_3_3
Parameters: 0.999999 0.000514742 0.000555239 -0.000515258 1 0.000464714 -0.00055576 -0.000465286 0.999999 -0.0655992 -0.0464261 -0.105475
FixedParameters: 0 0 0

#Transform 48
Transform: AffineTransform_float_3_3
Parameters: 0.999999 0.000808092 0.000130433 -0.000807909 1 -0.000701106 -0.000130566 0.000700895 0.999999 -0.0600437 0.0213904 -0.17254
FixedParameters: 0 0 0

#Transform 49
Transform: AffineTransform_float_3_3
Parameters: 0.999999 0.000788726 0.000548958 -0.000788273 0.999999 -0.00132143 -0.000550042 0.00132157 0.999999 -0.0467326 0.0452937 -0.150869
FixedParameters: 0 0 0

#Transform 50
Transform: AffineTransform_float_3_3
Parameters: 1 0.000598322 0.000812763 -0.000597678 0.999999 -0.000396486 -0.000813237 0.000395513 0.999999 -0.0456747 0.0179558 -0.0758492
FixedParameters: 0 0 0

#Transform 51
Transform: AffineTransform_float_3_3
Parameters: 0.999999 0.00068998 0.00063802 -0.000690019 1 2.95598e-05 -0.000637979 -3.04402e-05 1 -0.0613607 -0.0375904 -0.096295
FixedParameters: 0 0 0

#Transform 52
Transform: AffineTransform_float_3_3
Parameters: 1 0.000620765 0.00101214 -0.000620234 1 0.000231372 -0.00101186 -0.000232628 1 -0.0600192 -0.0902843 -0.0992704
FixedParameters: 0 0 0

#Transform 53
Transform: AffineTransform_float_3_3
Parameters: 0.999999 0.000602159 0.000689861 -0.000601841 1 -0.000230415 -0.000690138 0.000230584 0.999999 -0.059973 -0.0376193 -0.118498
FixedParameters: 0 0 0

#Transform 54
Transform: AffineTransform_float_3_3
Parameters: 1 0.000602573 0.000920626 -0.000602427 0.999999 -0.000622555 -0.000921375 0.000621445 1 -0.0516613 0.0482013 -0.150685
FixedParameters: 0 0 0

#Transform 55
Transform: AffineTransform_float_3_3
Parameters: 0.999999 0.000811204 0.000940964 -0.000809796 0.999999 -0.00127876 -0.000942036 0.00127824 0.999998 -0.0466029 0.0476257 -0.180579
FixedParameters: 0 0 0

#Transform 56
Transform: AffineTransform_float_3_3
Parameters: 0.999999 0.000789301 0.00101299 -0.000787699 0.999999 -0.0012838 -0.00101401 0.0012832 0.999998 -0.0434146 0.00552656 -0.108671
FixedParameters: 0 0 0

#Transform 57
Transform: AffineTransform_float_3_3
Parameters: 0.999999 0.000961329 0.000992683 -0.000960673 1 -0.000330954 -0.000992318 0.000330047 1 -0.0469728 -0.0186302 -0.0887016
FixedParameters: 0 0 0

#Transform 58
Transform: AffineTransform_float_3_3
Parameters: 0.999999 0.00102406 0.000992941 -0.00102394 1 -5.80168e-05 -0.000993058 5.69831e-05 0.999999 -0.053648 -0.045134 -0.12142
FixedParameters: 0 0 0

#Transform 59
Transform: AffineTransform_float_3_3
Parameters: 1 0.000609951 0.000829037 -0.00061005 1 5.94942e-05 -0.000828964 -5.95056e-05 0.999999 -0.0518476 -0.0821701 -0.123171
FixedParameters: 0 0 0

#Transform 60
Transform: AffineTransform_float_3_3
Parameters: 0.999999 0.000873515 0.000992547 -0.000872484 0.999999 -0.000519866 -0.000992454 0.000519133 1 -0.0456905 -0.0082553 -0.139382
FixedParameters: 0 0 0

#Transform 61
Transform: AffineTransform_float_3_3
Parameters: 1 0.000873819 0.000788094 -0.000873182 0.999999 -0.00103769 -0.000788907 0.00103731 0.999999 -0.0622518 0.0798588 -0.167372
FixedParameters: 0 0 0

#Transform 62
Transform: AffineTransform_float_3_3
Parameters: 0.999999 0.00118052 0.000698125 -0.00117948 0.999999 -0.000741825 -0.000698874 0.000740176 1 -0.056471 0.0228873 -0.108383
FixedParameters: 0 0 0

#Transform 63
Transform: AffineTransform_float_3_3
Parameters: 0.999999 0.00125321 0.000819682 -0.00125279 0.999999 -0.000254027 -0.000820317 0.000252972 0.999999 -0.0625661 -0.0047284 -0.101432
FixedParameters: 0 0 0

#Transform 64
Transform: AffineTransform_float_3_3
Parameters: 0.999999 0.000886973 0.000868027 -0.000887026 0.999999 3.023e-05 -0.000867973 -3.07699e-05 0.999999 -0.0459989 -0.0415474 -0.10718
FixedParameters: 0 0 0

#Transform 65
Transform: AffineTransform_float_3_3
Parameters: 0.999999 0.00114552 0.000912343 -0.00114548 0.999999 -0.000574046 -0.000912657 0.000572955 1 -0.0579216 -0.00741678 -0.106311
FixedParameters: 0 0 0

#Transform 66
Transform: AffineTransform_float_3_3
Parameters: 1 0.000988435 0.000690378 -0.000988566 1 -0.000629683 -0.000691622 0.000629317 0.999999 -0.0574279 -0.0012598 -0.106837
FixedParameters: 0 0 0

#Transform 67
Transform: AffineTransform_float_3_3
Parameters: 0.999999 0.000822792 0.00100535 -0.000822209 1 -0.000787828 -0.00100565 0.000787174 0.999999 -0.0547112 0.0462068 -0.127174
FixedParameters: 0 0 0

#Transform 68
Transform: AffineTransform_float_3_3
Parameters: 0.999999 0.000956737 0.00112938 -0.000956263 1 -0.000653081 -0.00113062 0.000651919 0.999999 -0.0567126 -0.0318021 -0.111786
FixedParameters: 0 0 0

#Transform 69
Transform: AffineTransform_float_3_3
Parameters: 0.999999 0.0008601 0.00126525 -0.000858901 1 -0.000869088 -0.00126575 0.000868912 0.999999 -0.0551436 0.00855 -0.124462
FixedParameters: 0 0 0

#Transform 70
Transform: AffineTransform_float_3_3
Parameters: 0.999998 0.00117745 0.00119155 -0.00117755 0.999999 -0.000380404 -0.00119245 0.000378597 0.999999 -0.0591677 -0.0225915 -0.111191
FixedParameters: 0 0 0

#Transform 71
Transform: AffineTransform_float_3_3
Parameters: 1 0.000904718 0.000699072 -0.000903283 0.999999 -0.00102663 -0.000699927 0.00102537 0.999999 -0.0535599 0.0281761 -0.15577
FixedParameters: 0 0 0

#Transform 72
Transform: AffineTransform_float_3_3
Parameters: 0.999999 0.00106024 0.00081138 -0.00105876 0.999999 -0.00152986 -0.000813621 0.00152914 0.999999 -0.0557281 0.032912 -0.164491
FixedParameters: 0 0 0

#Transform 73
Transform: AffineTransform_float_3_3
Parameters: 0.999999 0.000914759 0.00102322 -0.000914241 0.999999 0.000235065 -0.00102279 -0.000235936 1 -0.0596098 -0.0725171 -0.0997045
FixedParameters: 0 0 0

#Transform 74
Transform: AffineTransform_float_3_3
Parameters: 0.999999 0.000915091 0.000908908 -0.000914908 0.999999 -0.000100832 -0.000909092 0.000100168 0.999999 -0.0574155 -0.0726288 -0.10603
FixedParameters: 0 0 0

#Transform 75
Transform: AffineTransform_float_3_3
Parameters: 0.999998 0.000914675 0.00130323 -0.000914327 1 0.000249809 -0.00130277 -0.000250192 0.999999 -0.0563882 -0.056596 -0.114541
FixedParameters: 0 0 0

#Transform 76
Transform: AffineTransform_float_3_3
Parameters: 0.999999 0.00116528 0.00100967 -0.00116472 1 -0.000282177 -0.00101033 0.000280823 1 -0.0590685 -0.0276904 -0.136758
FixedParameters: 0 0 0

#Transform 77
Transform: AffineTransform_float_3_3
Parameters: 0.999999 0.00104244 0.000951516 -0.00104156 1 -0.000464992 -0.000951484 0.000464009 1 -0.0611735 0.0517232 -0.146435
FixedParameters: 0 0 0

#Transform 78
Transform: AffineTransform_float_3_3
Parameters: 1 0.000992859 0.000523376 -0.000992141 0.999998 -0.00163752 -0.000525626 0.00163748 0.999999 -0.058989 0.0903339 -0.184714
FixedParameters: 0 0 0

#Transform 79
Transform: AffineTransform_float_3_3
Parameters: 0.999999 0.00113977 0.000586511 -0.00113923 0.999999 -0.00130767 -0.00058849 0.00130733 0.999999 -0.0569756 0.0845959 -0.134424
FixedParameters: 0 0 0

#Transform 80
Transform: AffineTransform_float_3_3
Parameters: 0.999999 0.000923356 0.000909639 -0.000923645 1 -0.000390841 -0.000910361 0.00039016 0.999999 -0.0446943 -0.0666737 -0.0941637
FixedParameters: 0 0 0

#Transform 81
Transform: AffineTransform_float_3_3
Parameters: 0.999999 0.000882307 0.00102374 -0.000881692 0.999999 -0.000300903 -0.00102427 0.000300097 1 -0.0529393 -0.0657605 -0.100457
FixedParameters: 0 0 0

#Transform 82
Transform: AffineTransform_float_3_3
Parameters: 0.999998 0.000979655 0.00137253 -0.000978345 1 -0.000478344 -0.00137247 0.000476656 0.999999 -0.06315 -0.037582 -0.119459
FixedParameters: 0 0 0

#Transform 83
Transform: AffineTransform_float_3_3
Parameters: 0.999999 0.00141115 0.00116261 -0.00140985 0.999998 -0.00098664 -0.00116439 0.000985358 0.999999 -0.0629512 -0.0194472 -0.146422
FixedParameters: 0 0 0

#Transform 84
Transform: AffineTransform_float_3_3
Parameters: 0.999999 0.00114201 0.000714384 -0.00114099 0.999999 -0.00141582 -0.000715616 0.00141518 0.999998 -0.0645255 0.0592498 -0.173852
FixedParameters: 0 0 0

#Transform 85
Transform: AffineTransform_float_3_3
Parameters: 0.999999 0.00113191 0.000714554 -0.00113108 0.999998 -0.00127881 -0.000716446 0.00127719 0.999999 -0.0560441 0.0184787 -0.128802
FixedParameters: 0 0 0

#Transform 86
Transform: AffineTransform_float_3_3
Parameters: 0.999999 0.00126231 0.00126569 -0.00126169 0.999999 -0.000249597 -0.00126631 0.000247402 0.999999 -0.0475948 -0.0386865 -0.0712215
FixedParameters: 0 0 0

#Transform 87
Transform: AffineTransform_float_3_3
Parameters: 0.999998 0.00101949 0.0017573 -0.00102051 1 0.000289208 -0.0017567 -0.000291792 0.999999 -0.0362828 -0.0619912 -0.0868568
FixedParameters: 0 0 0

#Transform 88
Transform: AffineTransform_float_3_3
Parameters: 0.999998 0.00135883 0.00153515 -0.00135917 0.999999 0.000111914 -0.00153485 -0.000114086 0.999999 -0.0486026 -0.0268236 -0.10599
FixedParameters: 0 0 0

#Transform 89
Transform: AffineTransform_float_3_3
Parameters: 0.999998 0.00117109 0.001274 -0.00116991 0.999999 -0.000853492 -0.001275 0.000851508 0.999999 -0.0569055 0.01689 -0.145846
FixedParameters: 0 0 0

#Transform 90
Transform: AffineTransform_float_3_3
Parameters: 0.999999 0.00115612 0.00133416 -0.00115388 0.999998 -0.00159054 -0.00133584 0.00158946 0.999998 -0.0463286 0.0697429 -0.173185
FixedParameters: 0 0 0

#Transform 91
Transform: AffineTransform_float_3_3
Parameters: 0.999998 0.0014104 0.00128156 -0.0014106 0.999999 -0.000313808 -0.00128244 0.000312192 0.999999 -0.042364 -0.0307358 -0.0801149
FixedParameters: 0 0 0

#Transform 92
Transform: AffineTransform_float_3_3
Parameters: 0.999999 0.00100749 0.00133639 -0.00100852 1 0.000385653 -0.00133561 -0.000386346 0.999999 -0.046944 -0.0505363 -0.0769433
FixedParameters: 0 0 0

#Transform 93
Transform: AffineTransform_float_3_3
Parameters: 0.999999 0.00120572 0.00133625 -0.00120628 1 0.000209389 -0.00133575 -0.000210611 0.999999 -0.0525997 -0.0216744 -0.0991955
FixedParameters: 0 0 0

#Transform 94
Transform: AffineTransform_float_3_3
Parameters: 0.999999 0.000888159 0.00127159 -0.000888841 1 0.000660871 -0.00127141 -0.00066213 0.999999 -0.0509259 -0.0608254 -0.0953748
FixedParameters: 0 0 0

#Transform 95
Transform: AffineTransform_float_3_3
Parameters: 0.999998 0.0012169 0.00105797 -0.0012161 0.999999 -0.000847288 -0.00105903 0.000845712 0.999999 -0.0465138 0.053846 -0.167843
FixedParameters: 0 0 0

#Transform 96
Transform: AffineTransform_float_3_3
Parameters: 0.999999 0.00119525 0.00103155 -0.00119375 0.999998 -0.00121023 -0.00103344 0.00120877 0.999998 -0.0525057 0.0346603 -0.1477
FixedParameters: 0 0 0

#Transform 97
Transform: AffineTransform_float_3_3
Parameters: 0.999999 0.0010331 0.000972898 -0.0010329 1 -9.9005e-05 -0.000973101 9.79948e-05 0.999999 -0.037048 -0.0502559 -0.0930146
FixedParameters: 0 0 0

#Transform 98
Transform: AffineTransform_float_3_3
Parameters: 0.999998 0.00122622 0.00149964 -0.00122678 0.999999 0.000518161 -0.00149936 -0.000520839 0.999998 -0.0562425 -0.0300858 -0.102506
FixedParameters: 0 0 0

#Transform 99
Transform: AffineTransform_float_3_3
Parameters: 0.999999 0.00091016 0.00149951 -0.000910841 1 0.000559635 -0.00149949 -0.000561366 0.999998 -0.0513455 -0.0932787 -0.101926
FixedParameters: 0 0 0

#Transform 100
Transform: AffineTransform_float_3_3
Parameters: 0.999998 0.00135034 0.00149869 -0.00135066 0.999999 -0.000227025 -0.0014993 0.000224976 0.999999 -0.0593921 -0.0274486 -0.119319
FixedParameters: 0 0 0

#Transform 101
Transform: AffineTransform_float_3_3
Parameters: 0.999998 0.00128937 0.00149782 -0.00128863 0.999999 -0.000915932 -0.00149918 0.000914069 0.999999 -0.0568907 0.0615485 -0.166173
FixedParameters: 0 0 0

#Transform 102
Transform: AffineTransform_float_3_3
Parameters: 0.999998 0.00117873 0.00148363 -0.00117627 0.999998 -0.00116575 -0.00148537 0.00116425 0.999998 -0.0504061 0.0207067 -0.161023
FixedParameters: 0 0 0

#Transform 103
Transform: AffineTransform_float_3_3
Parameters: 0.999999 0.00114356 0.00140836 -0.00114344 1 0.00030939 -0.00140865 -0.000311611 0.999999 -0.05336 -0.0587691 -0.0870063
FixedParameters: 0 0 0

#Transform 104
Transform: AffineTransform_float_3_3
Parameters: 0.999998 0.00115294 0.00154305 -0.00115306 1 3.82209e-05 -0.00154295 -4.0779e-05 0.999999 -0.0541485 -0.0536386 -0.115856
FixedParameters: 0 0 0

#Transform 105
Transform: AffineTransform_float_3_3
Parameters: 0.999998 0.00135105 0.00140695 -0.00135095 0.999999 -3.49008e-05 -0.00140705 3.30991e-05 0.999999 -0.0625351 -0.00056254 -0.139716
FixedParameters: 0 0 0

#Transform 106
Transform: AffineTransform_float_3_3
Parameters: 0.999998 0.00125146 0.00142272 -0.00125054 0.999998 -0.00102378 -0.00142428 0.00102222 0.999999 -0.0536264 -0.0165156 -0.172693
FixedParameters: 0 0 0

#Transform 107
Transform: AffineTransform_float_3_3
Parameters: 0.999998 0.00126137 0.00118755 -0.00126063 0.999998 -0.0011525 -0.00118945 0.0011515 0.999998 -0.0473179 -0.0041775 -0.152159
FixedParameters: 0 0 0

#Transform 108
Transform: AffineTransform_float_3_3
Parameters: 0.999999 0.00143058 0.00116828 -0.00142942 0.999999 -0.000501671 -0.00116872 0.000499329 0.999999 -0.0578755 -0.0278987 -0.114546
FixedParameters: 0 0 0

#Transform 109
Transform: AffineTransform_float_3_3
Parameters: 0.999998 0.00121896 0.00142304 -0.00121904 1 2.82653e-05 -0.00142297 -2.97346e-05 0.999999 -0.0530723 -0.0677348 -0.126856
FixedParameters: 0 0 0

#Transform 110
Transform: AffineTransform_float_3_3
Parameters: 0.999998 0.00150947 0.00125944 -0.00150853 0.999999 -0.000372901 -0.00126056 0.000371098 0.999999 -0.0591378 -0.0421633 -0.152004
FixedParameters: 0 0 0

#Transform 111
Transform: AffineTransform_float_3_3
Parameters: 0.999999 0.00119267 0.00138557 -0.00119033 0.999998 -0.00120265 -0.00138743 0.00120035 0.999999 -0.0584722 0.0246191 -0.158659
FixedParameters: 0 0 0

#Transform 112
Transform: AffineTransform_float_3_3
Parameters: 0.999998 0.00121479 0.00119219 -0.00121421 0.999999 -0.000663449 -0.00119281 0.000662552 0.999999 -0.060616 0.0181645 -0.126355
FixedParameters: 0 0 0

#Transform 113
Transform: AffineTransform_float_3_3
Parameters: 0.999999 0.00112185 0.00149412 -0.00112215 1 0.000102324 -0.00149388 -0.000103676 0.999999 -0.0497525 -0.0712652 -0.122833
FixedParameters: 0 0 0

#Transform 114
Transform: AffineTransform_float_3_3
Parameters: 0.999999 0.00123836 0.00126465 -0.00123864 0.999999 -0.000285567 -0.00126435 0.000283435 0.999999 -0.0602348 -0.0285803 -0.144639
FixedParameters: 0 0 0

#Transform 115
Transform: AffineTransform_float_3_3
Parameters: 0.999999 0.00127781 0.00120914 -0.00127719 0.999999 -0.000672545 -0.00120986 0.000670455 0.999999 -0.0589203 0.0324569 -0.180302
FixedParameters: 0 0 0

#Transform 116
Transform: AffineTransform_float_3_3
Parameters: 0.999998 0.00122147 0.00121051 -0.00122052 0.999998 -0.00121948 -0.00121249 0.00121752 0.999998 -0.0565297 0.0378463 -0.179217
FixedParameters: 0 0 0

#Transform 117
Transform: AffineTransform_float_3_3
Parameters: 0.999998 0.00116987 0.0015401 -0.00117013 1 8.4198e-05 -0.0015399 -8.68017e-05 0.999999 -0.0494887 -0.0669276 -0.0989247
FixedParameters: 0 0 0

#Transform 118
Transform: AffineTransform_float_3_3
Parameters: 0.999998 0.00114008 0.00161194 -0.00113992 1 -4.88376e-05 -0.00161205 4.61622e-05 0.999998 -0.0547232 -0.0626271 -0.107804
FixedParameters: 0 0 0

#Transform 119
Transform: AffineTransform_float_3_3
Parameters: 0.999998 0.00133451 0.00158057 -0.00133349 0.999999 -0.000322108 -0.00158143 0.00032089 0.999998 -0.0629201 0.00275549 -0.157802
FixedParameters: 0 0 0

#Transform 120
Transform: AffineTransform_float_3_3
Parameters: 0.999998 0.00122386 0.00154853 -0.00122213 0.999998 -0.00120489 -0.00155047 0.0012031 0.999998 -0.0554927 -0.00157174 -0.183657
FixedParameters: 0 0 0

#Transform 121
Transform: AffineTransform_float_3_3
Parameters: 0.999998 0.00128059 0.00158972 -0.00127841 0.999998 -0.00100303 -0.00159128 0.00100096 0.999998 -0.0559353 0.0126509 -0.146784
FixedParameters: 0 0 0

#Transform 122
Transform: AffineTransform_float_3_3
Parameters: 0.999997 0.00152935 0.00153365 -0.00152865 0.999999 -0.000231345 -0.00153335 0.000229655 0.999999 -0.0528508 -0.0154737 -0.114005
FixedParameters: 0 0 0

#Transform 123
Transform: AffineTransform_float_3_3
Parameters: 0.999998 0.00127826 0.00195149 -0.00127874 0.999999 0.000378506 -0.00195052 -0.000380494 0.999998 -0.0602867 -0.0450657 -0.115249
FixedParameters: 0 0 0

#Transform 124
Transform: AffineTransform_float_3_3
Parameters: 0.999999 0.00122802 0.00133707 -0.00122699 0.999999 -0.000759642 -0.00133793 0.000758358 0.999999 -0.0460236 0.0454181 -0.176767
FixedParameters: 0 0 0

#Transform 125
Transform: AffineTransform_float_3_3
Parameters: 0.999998 0.00131084 0.0014193 -0.00130916 0.999999 -0.00129786 -0.0014207 0.00129614 0.999998 -0.0534672 0.0205491 -0.168532
FixedParameters: 0 0 0

#Transform 126
Transform: AffineTransform_float_3_3
Parameters: 0.999998 0.00145165 0.00169444 -0.00145035 0.999999 -0.000384458 -0.00169556 0.000382539 0.999998 -0.0597913 -0.0251513 -0.11981
FixedParameters: 0 0 0

#Transform 127
Transform: AffineTransform_float_3_3
Parameters: 0.999998 0.00145004 0.00178678 -0.00145096 0.999999 0.000538409 -0.00178622 -0.000540592 0.999999 -0.0575834 -0.0534504 -0.109979
FixedParameters: 0 0 0

#Transform 128
Transform: AffineTransform_float_3_3
Parameters: 0.999997 0.00145115 0.00157686 -0.00145085 0.999999 -9.7288e-05 -0.00157714 9.57115e-05 0.999999 -0.0596623 -0.044 -0.133766
FixedParameters: 0 0 0

#Transform 129
Transform: AffineTransform_float_3_3
Parameters: 0.999997 0.00145219 0.0015689 -0.00145081 0.999998 -0.000760278 -0.0015691 0.000757723 0.999999 -0.0625789 0.0571494 -0.177691
FixedParameters: 0 0 0

#Transform 130
Transform: AffineTransform_float_3_3
Parameters: 0.999997 0.00145172 0.00165737 -0.00145028 0.999999 -0.000436404 -0.00165763 0.000433594 0.999998 -0.0656453 -0.0394604 -0.143195
FixedParameters: 0 0 0

#Transform 131
Transform: AffineTransform_float_3_3
Parameters: 0.999998 0.0014518 0.00179335 -0.0014512 0.999999 -0.000449604 -0.00179465 0.000446396 0.999999 -0.0592307 -0.0452947 -0.12759
FixedParameters: 0 0 0

#Transform 132
Transform: AffineTransform_float_3_3
Parameters: 0.999997 0.00145152 0.0018886 -0.00145048 0.999999 -0.00027774 -0.0018894 0.000275258 0.999998 -0.0618781 -0.006197 -0.145819
FixedParameters: 0 0 0

#Transform 133
Transform: AffineTransform_float_3_3
Parameters: 0.999998 0.00157016 0.00157585 -0.00156984 0.999999 -0.000737476 -0.00157716 0.000734526 0.999999 -0.0685583 0.00472568 -0.196114
FixedParameters: 0 0 0

#Transform 134
Transform: AffineTransform_float_3_3
Parameters: 0.999997 0.00153067 0.00153934 -0.00152933 0.999998 -0.00108536 -0.00154066 0.00108264 0.999998 -0.0567168 0.0139555 -0.168802
FixedParameters: 0 0 0

#Transform 135
Transform: AffineTransform_float_3_3
Parameters: 0.999998 0.00174158 0.00140928 -0.00174142 0.999999 -0.000415455 -0.00140972 0.000412546 0.999999 -0.06024 -0.0158111 -0.121817
FixedParameters: 0 0 0

#Transform 136
Transform: AffineTransform_float_3_3
Parameters: 0.999997 0.00174109 0.0015729 -0.00174091 0.999999 -5.67385e-05 -0.0015731 5.32613e-05 0.999999 -0.0689855 -0.0381238 -0.142048
FixedParameters: 0 0 0

#Transform 137
Transform: AffineTransform_float_3_3
Parameters: 0.999998 0.00129935 0.0016665 -0.00129964 0.999999 0.000385835 -0.0016655 -0.000388165 0.999998 -0.0568832 -0.0597143 -0.137226
FixedParameters: 0 0 0

#Transform 138
Transform: AffineTransform_float_3_3
Parameters: 0.999997 0.00181286 0.00166507 -0.00181215 0.999998 -0.000514019 -0.00166593 0.000511981 0.999998 -0.063628 -0.00986941 -0.17167
FixedParameters: 0 0 0

#Transform 139
Transform: AffineTransform_float_3_3
Parameters: 0.999997 0.00145592 0.00166031 -0.00145407 0.999999 -0.00116042 -0.00166169 0.00115758 0.999998 -0.0613359 0.0122687 -0.174919
FixedParameters: 0 0 0

#Transform 140
Transform: AffineTransform_float_3_3
Parameters: 0.999998 0.00164305 0.00159092 -0.00164195 0.999999 -0.000662615 -0.00159209 0.000660386 0.999999 -0.0602086 -0.017185 -0.128348
FixedParameters: 0 0 0

#Transform 141
Transform: AffineTransform_float_3_3
Parameters: 0.999997 0.00166164 0.00166336 -0.00166136 0.999998 -0.000385764 -0.00166364 0.000383236 0.999998 -0.0619995 -0.0132934 -0.122952
FixedParameters: 0 0 0

#Transform 142
Transform: AffineTransform_float_3_3
Parameters: 0.999997 0.00138197 0.00169002 -0.00138203 0.999999 1.46644e-05 -0.00168998 -1.63355e-05 0.999998 -0.0615717 -0.0706749 -0.133199
FixedParameters: 0 0 0

#Transform 143
Transform: AffineTransform_float_3_3
Parameters: 0.999997 0.0016752 0.00165079 -0.00167579 0.999998 -0.000125767 -0.00165121 0.000122234 0.999998 -0.0588327 -0.0347463 -0.135454
FixedParameters: 0 0 0

#Transform 144
Transform: AffineTransform_float_3_3
Parameters: 0.999998 0.00141014 0.00175309 -0.00140886 0.999999 -0.000649472 -0.00175391 0.000646528 0.999999 -0.0606684 0.0149334 -0.15935
FixedParameters: 0 0 0

#Transform 145
Transform: AffineTransform_float_3_3
Parameters: 0.999997 0.0017288 0.00162715 -0.0017282 0.999999 -0.000491813 -0.00162785 0.000489187 0.999998 -0.058161 -0.0256042 -0.133549
FixedParameters: 0 0 0

#Transform 146
Transform: AffineTransform_float_3_3
Parameters: 0.999997 0.00151425 0.0018768 -0.00151375 0.999999 -0.000136841 -0.00187721 0.000134158 0.999998 -0.0606312 -0.0293286 -0.131229
FixedParameters: 0 0 0

#Transform 147
Transform: AffineTransform_float_3_3
Parameters: 0.999998 0.00146045 0.00169647 -0.00146055 0.999999 0.000320523 -0.00169553 -0.000323477 0.999998 -0.0678609 -0.0338811 -0.140275
FixedParameters: 0 0 0

#Transform 148
Transform: AffineTransform_float_3_3
Parameters: 0.999997 0.00153651 0.00182442 -0.00153749 0.999999 0.000269196 -0.00182459 -0.000271804 0.999999 -0.0613847 -0.0362031 -0.146634
FixedParameters: 0 0 0

#Transform 149
Transform: AffineTransform_float_3_3
Parameters: 0.999997 0.00152316 0.00188106 -0.00152184 0.999998 -0.000617864 -0.00188194 0.000615135 0.999998 -0.0630419 0.0340809 -0.159953
FixedParameters: 0 0 0

#Transform 150
Transform: AffineTransform_float_3_3
Parameters: 0.999998 0.00152329 0.00169985 -0.00152171 0.999998 -0.000759589 -0.00170116 0.00075741 0.999999 -0.0618746 0.0248307 -0.164059
FixedParameters: 0 0 0

#Transform 151
Transform: AffineTransform_float_3_3
Parameters: 0.999997 0.00132647 0.00201135 -0.00132653 0.999999 0.000261333 -0.00201065 -0.000264668 0.999998 -0.055561 -0.0838068 -0.129854
FixedParameters: 0 0 0

#Transform 152
Transform: AffineTransform_float_3_3
Parameters: 0.999997 0.0014689 0.00155009 -0.00146909 0.999999 5.97229e-05 -0.00154991 -6.22768e-05 0.999999 -0.0655644 -0.0631557 -0.140492
FixedParameters: 0 0 0

#Transform 153
Transform: AffineTransform_float_3_3
Parameters: 0.999998 0.00152136 0.00171357 -0.00152164 0.999999 0.000370394 -0.00171244 -0.000372606 0.999999 -0.0653152 -0.0340971 -0.14558
FixedParameters: 0 0 0

#Transform 154
Transform: AffineTransform_float_3_3
Parameters: 0.999998 0.00152193 0.00167306 -0.00152207 0.999999 4.04536e-05 -0.00167294 -4.25462e-05 0.999998 -0.0651655 -0.0632949 -0.145713
FixedParameters: 0 0 0

#Transform 155
Transform: AffineTransform_float_3_3
Parameters: 0.999998 0.00161196 0.00156901 -0.00161104 0.999999 -0.000614529 -0.00156999 0.000612471 0.999998 -0.0686331 0.0798082 -0.19833
FixedParameters: 0 0 0

#Transform 156
Transform: AffineTransform_float_3_3
Parameters: 0.999997 0.00143023 0.00165307 -0.00142776 0.999998 -0.00135236 -0.00165493 0.00134964 0.999997 -0.0588727 0.0349444 -0.195793
FixedParameters: 0 0 0

#Transform 157
Transform: AffineTransform_float_3_3
Parameters: 0.999997 0.00174589 0.00128079 -0.00174511 0.999998 -0.000692237 -0.00128221 0.000689763 0.999999 -0.0621874 -0.0211894 -0.1387
FixedParameters: 0 0 0

#Transform 158
Transform: AffineTransform_float_3_3
Parameters: 0.999996 0.00174529 0.00193273 -0.00174571 0.999999 -0.000153375 -0.00193226 0.000149628 0.999998 -0.0642996 -0.0101073 -0.128197
FixedParameters: 0 0 0

#Transform 159
Transform: AffineTransform_float_3_3
Parameters: 0.999996 0.00149233 0.00207148 -0.00149267 0.999999 0.000322909 -0.00207051 -0.000326091 0.999998 -0.0639927 -0.0759049 -0.153954
FixedParameters: 0 0 0

#Transform 160
Transform: AffineTransform_float_3_3
Parameters: 0.999997 0.00185313 0.00166386 -0.00185287 0.999999 -7.70832e-05 -0.00166414 7.39164e-05 0.999998 -0.0716949 -0.0437486 -0.173226
FixedParameters: 0 0 0

#Transform 161
Transform: AffineTransform_float_3_3
Parameters: 0.999997 0.00175904 0.00161878 -0.00175696 0.999997 -0.00126285 -0.00162122 0.00125915 0.999998 -0.0710754 0.0154312 -0.204591
FixedParameters: 0 0 0

#Transform 162
Transform: AffineTransform_float_3_3
Parameters: 0.999998 0.00157771 0.0014171 -0.00157629 0.999998 -0.00120424 -0.0014199 0.00120176 0.999999 -0.0634343 0.0356113 -0.199032
FixedParameters: 0 0 0

#Transform 163
Transform: AffineTransform_float_3_3
Parameters: 0.999998 0.00143982 0.00141918 -0.00144018 0.999999 0.000123956 -0.00141982 -0.000126045 0.999999 -0.058049 -0.0920772 -0.138865
FixedParameters: 0 0 0

#Transform 164
Transform: AffineTransform_float_3_3
Parameters: 0.999998 0.00166608 0.00149091 -0.00166592 0.999998 -5.54838e-05 -0.00149109 5.25158e-05 0.999999 -0.0672594 -0.0596858 -0.146768
FixedParameters: 0 0 0

#Transform 165
Transform: AffineTransform_float_3_3
Parameters: 0.999998 0.00143481 0.00175516 -0.00143519 0.999999 0.000107481 -0.00175585 -0.00010952 0.999999 -0.0679856 -0.00506388 -0.14908
FixedParameters: 0 0 0

#Transform 166
Transform: AffineTransform_float_3_3
Parameters: 0.999997 0.00173976 0.00167421 -0.00173824 0.999999 -0.000456912 -0.00167479 0.000453088 0.999999 -0.0697551 0.00176455 -0.17708
FixedParameters: 0 0 0

#Transform 167
Transform: AffineTransform_float_3_3
Parameters: 0.999998 0.00146053 0.00128426 -0.00145947 0.999998 -0.00119388 -0.00128674 0.00119212 0.999999 -0.0640857 0.0531189 -0.171442
FixedParameters: 0 0 0

#Transform 168
Transform: AffineTransform_float_3_3
Parameters: 0.999997 0.00150515 0.00162201 -0.00150285 0.999998 -0.00132444 -0.00162399 0.00132156 0.999998 -0.0642607 0.086979 -0.149754
FixedParameters: 0 0 0

#Transform 169
Transform: AffineTransform_float_3_3
Parameters: 0.999998 0.00152819 0.0013006 -0.00152681 0.999999 -0.000916988 -0.0013014 0.000915013 0.999998 -0.0542966 0.0177755 -0.0993406
FixedParameters: 0 0 0

#Transform 170
Transform: AffineTransform_float_3_3
Parameters: 0.999997 0.00134281 0.00173492 -0.00134419 0.999999 0.00068667 -0.00173408 -0.00068933 0.999999 -0.0617655 -0.0974944 -0.0761686
FixedParameters: 0 0 0

#Transform 171
Transform: AffineTransform_float_3_3
Parameters: 0.999998 0.00139007 0.00154184 -0.00139094 0.999999 0.000605856 -0.00154116 -0.000607143 0.999998 -0.0620921 -0.0902646 -0.102859
FixedParameters: 0 0 0

#Transform 172
Transform: AffineTransform_float_3_3
Parameters: 0.999998 0.00124886 0.0015839 -0.00125014 0.999999 0.000720021 -0.0015831 -0.000721978 0.999998 -0.0579455 -0.0645008 -0.104817
FixedParameters: 0 0 0

#Transform 173
Transform: AffineTransform_float_3_3
Parameters: 0.999999 0.00138975 0.00119113 -0.00138825 0.999999 -0.000627655 -0.00119287 0.000626343 0.999999 -0.0577589 0.041344 -0.160956
FixedParameters: 0 0 0

#Transform 174
Transform: AffineTransform_float_3_3
Parameters: 0.999998 0.00135003 0.00146313 -0.00134797 0.999998 -0.00138698 -0.00146587 0.00138502 0.999998 -0.0545595 0.0930198 -0.162382
FixedParameters: 0 0 0

#Transform 175
Transform: AffineTransform_float_3_3
Parameters: 0.999999 0.00142747 0.00105737 -0.00142653 0.999999 -0.000441509 -0.00105763 0.000440491 1 -0.0580027 0.0189811 -0.0732657
FixedParameters: 0 0 0

#Transform 176
Transform: AffineTransform_float_3_3
Parameters: 0.999997 0.00165706 0.00181186 -0.00165793 0.999998 0.000514997 -0.00181114 -0.000518003 0.999998 -0.0528389 0.0262256 -0.0720335
FixedParameters: 0 0 0

#Transform 177
Transform: AffineTransform_float_3_3
Parameters: 0.999998 0.00135806 0.00145587 -0.00135894 0.999999 0.000642023 -0.00145513 -0.000643977 0.999998 -0.0515521 -0.0542154 -0.0804324
FixedParameters: 0 0 0

#Transform 178
Transform: AffineTransform_float_3_3
Parameters: 0.999998 0.0013432 0.00137981 -0.0013428 0.999999 -0.000142853 -0.00138019 0.000141146 0.999999 -0.0548191 0.0291495 -0.135538
FixedParameters: 0 0 0

#Transform 179
Transform: AffineTransform_float_3_3
Parameters: 0.999999 0.00133007 0.00120882 -0.00132893 0.999998 -0.000889608 -0.00121018 0.000887391 0.999999 -0.0552162 0.0631351 -0.161276
FixedParameters: 0 0 0

#Transform 180
Transform: AffineTransform_float_3_3
Parameters: 0.999998 0.00147591 0.00143909 -0.00147609 0.999999 6.08759e-05 -0.00143891 -6.31238e-05 0.999999 -0.0522176 -0.0351322 -0.0824198
FixedParameters: 0 0 0

#Transform 181
Transform: AffineTransform_float_3_3
Parameters: 0.999998 0.00124998 0.00192367 -0.00125103 0.999999 0.000532595 -0.00192233 -0.000534404 0.999998 -0.0525142 -0.0389179 -0.0891223
FixedParameters: 0 0 0

#Transform 182
Transform: AffineTransform_float_3_3
Parameters: 0.999998 0.00134075 0.00163103 -0.00134225 0.999999 0.000764813 -0.00162997 -0.000767187 0.999999 -0.0478847 -0.0494595 -0.10152
FixedParameters: 0 0 0

#Transform 183
Transform: AffineTransform_float_3_3
Parameters: 0.999997 0.00132462 0.00173653 -0.00132438 0.999999 -0.000356301 -0.00173747 0.0003547 0.999999 -0.0582818 0.0552229 -0.135408
FixedParameters: 0 0 0

#Transform 184
Transform: AffineTransform_float_3_3
Parameters: 0.999998 0.00130289 0.00116801 -0.00130211 0.999999 -0.000762522 -0.00116899 0.000761478 0.999999 -0.0453085 0.0928909 -0.155142
FixedParameters: 0 0 0

#Transform 185
Transform: AffineTransform_float_3_3
Parameters: 0.999998 0.00124538 0.00148752 -0.00124663 0.999999 0.000419146 -0.00148748 -0.000420853 0.999999 -0.0442966 -0.0673303 -0.0867188
FixedParameters: 0 0 0

#Transform 186
Transform: AffineTransform_float_3_3
Parameters: 0.999998 0.00138107 0.00148787 -0.00138193 0.999999 0.000626945 -0.00148713 -0.000629055 0.999998 -0.0463928 -0.0234204 -0.0982416
FixedParameters: 0 0 0

#Transform 187
Transform: AffineTransform_float_3_3
