#Insight Transform File V1.0
#Transform 0
Transform: AffineTransform_float_3_3
Parameters: 0.999999 -0.000996107 -0.00108067 0.000999891 0.999996 0.00267992 0.00107732 -0.00268108 0.999996 0.00293605 -0.024098 0.164649
FixedParameters: 0 0 0

#Transform 1
Transform: AffineTransform_float_3_3
Parameters: 0.999998 -0.000743569 -0.00141187 0.000749431 0.999993 0.00384995 0.00140912 -0.00385105 0.999991 -0.00871183 0.0138198 0.168283
FixedParameters: 0 0 0

#Transform 2
Transform: AffineTransform_float_3_3
Parameters: 0.999999 -0.000747263 -0.00111716 0.000749735 0.999998 0.00155416 0.00111584 -0.00155583 0.999998 0.000162686 0.00446186 0.0816697
FixedParameters: 0 0 0

#Transform 3
Transform: AffineTransform_float_3_3
Parameters: 0.999999 -0.000831507 -0.00100041 0.000831492 0.999999 0.000492169 0.000999591 -0.000492832 1 0.0118616 -0.0199771 0.0321977
FixedParameters: 0 0 0

#Transform 4
Transform: AffineTransform_float_3_3
Parameters: 0.999998 -0.0011273 -0.00117767 0.0011287 0.999999 0.000595672 0.00117733 -0.000597328 0.999999 0.0264816 -0.0545886 0.0127632
FixedParameters: 0 0 0

#Transform 5
Transform: AffineTransform_float_3_3
Parameters: 0.999998 -0.00118584 -0.00115123 0.00118716 0.999998 0.00187564 0.00114877 -0.00187737 0.999997 0.0346325 -0.0659926 0.0658792
FixedParameters: 0 0 0

#Transform 6
Transform: AffineTransform_float_3_3
Parameters: 0.999998 -0.00133096 -0.000963211 0.00133404 0.999994 0.00315972 0.000958789 -0.00316128 0.999995 0.0493129 -0.07927 0.148428
FixedParameters: 0 0 0

#Transform 7
Transform: AffineTransform_float_3_3
Parameters: 0.999999 -0.00118581 -0.000800255 0.00118719 0.999995 0.00274205 0.000796747 -0.00274295 0.999996 0.0567062 -0.0397643 0.110538
FixedParameters: 0 0 0

#Transform 8
Transform: AffineTransform_float_3_3
Parameters: 0.999999 -0.00118705 -0.000566994 0.00118795 0.999998 0.00167833 0.000565007 -0.00167867 0.999999 0.055546 0.0314414 0.0598866
FixedParameters: 0 0 0

#Transform 9
Transform: AffineTransform_float_3_3
Parameters: 0.999999 -0.0013291 -0.000655833 0.0013299 0.999998 0.00137813 0.000654167 -0.00137887 0.999999 0.0582865 0.0361912 0.0447738
FixedParameters: 0 0 0

#Transform 10
Transform: AffineTransform_float_3_3
Parameters: 0.999999 -0.00118699 -0.000624914 0.00118801 0.999998 0.00161126 0.000623086 -0.00161174 0.999998 0.0394939 0.0824534 0.0426985
FixedParameters: 0 0 0

#Transform 11
Transform: AffineTransform_float_3_3
Parameters: 0.999999 -0.00118741 -0.000428652 0.0011876 0.999999 0.00139049 0.000427348 -0.00139151 0.999999 0.0209415 0.073407 0.0413071
FixedParameters: 0 0 0

#Transform 12
Transform: AffineTransform_float_3_3
Parameters: 0.999999 -0.00104947 -0.000638878 0.00104953 0.999999 0.000835331 0.000637124 -0.00083567 1 0.0184418 0.033981 0.0328531
FixedParameters: 0 0 0

#Transform 13
Transform: AffineTransform_float_3_3
Parameters: 0.999999 -0.00118801 -0.000560983 0.00118799 1 -1.46665e-05 0.000561017 1.43335e-05 1 0.0291744 0.0209222 0.0147709
FixedParameters: 0 0 0

#Transform 14
Transform: AffineTransform_float_3_3
Parameters: 0.999999 -0.00118833 -0.000560291 0.00118767 0.999999 -0.000596666 0.000560709 0.000596334 0.999999 0.0210969 -0.0192641 -0.0097597
FixedParameters: 0 0 0

#Transform 15
Transform: AffineTransform_float_3_3
Parameters: 1 -0.000836728 -0.000561407 0.000837272 0.999999 0.00048553 0.000560594 -0.000485469 0.999999 0.0203028 -0.0548737 0.0338439
FixedParameters: 0 0 0

#Transform 16
Transform: AffineTransform_float_3_3
Parameters: 1 -0.000605906 -0.0002842 0.000606093 1 0.000329828 0.0002838 -0.000329172 1 0.0149262 -0.125526 0.046315
FixedParameters: 0 0 0

#Transform 17
Transform: AffineTransform_float_3_3
Parameters: 0.999999 -0.000645632 -0.000569417 0.000646367 0.999999 0.000645632 0.000569582 -0.000646367 0.999999 0.0186499 -0.130383 0.0544887
FixedParameters: 0 0 0

#Transform 18
Transform: AffineTransform_float_3_3
Parameters: 1 -0.000592939 -0.000240151 0.000593061 1 0.000253858 0.000239849 -0.000254142 1 0.00972699 -0.0771522 0.0267568
FixedParameters: 0 0 0

#Transform 19
Transform: AffineTransform_float_3_3
Parameters: 1 -0.000454012 -0.00018997 0.000453987 1 -6.60862e-05 0.00019003 6.59137e-05 1 -0.00109428 -0.0341229 -0.00476383
FixedParameters: 0 0 0

#Transform 20
Transform: AffineTransform_float_3_3
Parameters: 1 -0.000248025 -0.000113945 0.000247975 1 -0.000221028 0.000114055 0.000220972 1 -0.0146073 -0.00557508 -0.000180587
FixedParameters: 0 0 0

#Transform 21
Transform: AffineTransform_float_3_3
Parameters: 1 -0.000286004 -4.69725e-05 0.000285995 1 -9.60134e-05 4.70275e-05 9.59865e-05 1 -0.0138785 0.0593213 0.00407233
FixedParameters: 0 0 0

#Transform 22
Transform: AffineTransform_float_3_3
Parameters: 1 -0.000230005 -0.00011399 0.000229995 1 -4.30262e-05 0.00011401 4.39738e-05 1 -0.0149386 0.0588756 0.0117926
FixedParameters: 0 0 0

#Transform 23
Transform: AffineTransform_float_3_3
Parameters: 1 -0.000460978 -8.91111e-05 0.000461021 1 0.000240959 8.88889e-05 -0.000241041 1 0.0110409 0.0413469 0.0307263
FixedParameters: 0 0 0

#Transform 24
Transform: AffineTransform_float_3_3
Parameters: 0.999999 -0.000667924 -0.000351143 0.000668075 1 0.000213765 0.000350857 -0.000214234 1 0.0314367 0.0278294 0.0283751
FixedParameters: 0 0 0

#Transform 25
Transform: AffineTransform_float_3_3
Parameters: 0.999999 -0.000866874 -0.000359301 0.000867124 0.999999 0.000347688 0.000358698 -0.000348311 1 0.0479656 0.00949789 0.0594312
FixedParameters: 0 0 0

#Transform 26
Transform: AffineTransform_float_3_3
Parameters: 0.999999 -0.000723695 -0.000555396 0.000723303 0.999999 0.000547598 0.000554603 -0.000548401 0.999999 0.0454306 -0.0217184 0.1257
FixedParameters: 0 0 0

#Transform 27
Transform: AffineTransform_float_3_3
Parameters: 0.999999 -0.00049932 -0.000540629 0.000500681 0.999999 0.00125873 0.00054037 -0.00125927 0.999999 0.0328567 -0.0901444 0.210474
FixedParameters: 0 0 0

#Transform 28
Transform: AffineTransform_float_3_3
Parameters: 1 -9.96088e-05 -0.000402097 0.000100391 1 0.000972961 0.000401903 -0.000973041 1 0.0215748 -0.0550902 0.178526
FixedParameters: 0 0 0

#Transform 29
Transform: AffineTransform_float_3_3
Parameters: 1 -3.69354e-05 -8.90268e-05 3.70646e-05 0.999999 0.000725996 8.89731e-05 -0.000726003 0.999999 0.0156368 -0.0324271 0.117984
FixedParameters: 0 0 0

#Transform 30
Transform: AffineTransform_float_3_3
Parameters: 1 -0.000257845 -0.00036411 0.000258155 1 0.000426906 0.00036389 -0.000426094 1 0.0106936 -0.030688 0.0817507
FixedParameters: 0 0 0

#Transform 31
Transform: AffineTransform_float_3_3
Parameters: 1 4.40432e-05 -8.89786e-05 -4.39568e-05 1 0.000485004 8.90213e-05 -0.000484996 1 -0.00632536 0.0519377 0.0721096
FixedParameters: 0 0 0

#Transform 32
Transform: AffineTransform_float_3_3
Parameters: 1 5.41252e-05 -0.00022397 -5.38748e-05 1 0.000559012 0.00022403 -0.000558988 1 -0.00642589 0.0457104 0.0625539
FixedParameters: 0 0 0

#Transform 33
Transform: AffineTransform_float_3_3
Parameters: 1 -1.69841e-05 -8.9003e-05 1.70159e-05 1 0.000178998 8.8997e-05 -0.000179002 1 -0.00523808 0.0703739 0.066374
FixedParameters: 0 0 0

#Transform 34
Transform: AffineTransform_float_3_3
Parameters: 1 0.000156993 -0.000176006 -0.000157007 1 -3.99724e-05 0.000175994 4.00276e-05 1 0.022931 0.0692068 0.0366971
FixedParameters: 0 0 0

#Transform 35
Transform: AffineTransform_float_3_3
Parameters: 1 -3.40844e-05 -0.000558995 3.39156e-05 1 -0.000151019 0.000559005 0.000150981 1 0.0184477 0.0642649 0.0637245
FixedParameters: 0 0 0

#Transform 36
Transform: AffineTransform_float_3_3
Parameters: 0.999999 -0.000474069 -0.000534938 0.00047393 1 -0.000130254 0.000535061 0.000129746 1 0.019384 0.00180759 0.0639589
FixedParameters: 0 0 0

#Transform 37
Transform: AffineTransform_float_3_3
Parameters: 1 -0.000272921 -0.000416051 0.000273079 1 0.000188886 0.000415948 -0.000189114 1 0.00708737 -0.082439 0.0688914
FixedParameters: 0 0 0

#Transform 38
Transform: AffineTransform_float_3_3
Parameters: 1 -4.29976e-05 -0.000237 4.30024e-05 1 9.98981e-06 0.000237 -1.00102e-05 1 -0.00452524 -0.0716828 0.0641567
FixedParameters: 0 0 0

#Transform 39
Transform: AffineTransform_float_3_3
Parameters: 1 0.00033802 -0.000163959 -0.00033798 1 0.000120055 0.000164041 -0.000119945 1 -0.0132112 -0.0745759 0.0488665
FixedParameters: 0 0 0

#Transform 40
Transform: AffineTransform_float_3_3
Parameters: 1 0.000181987 4.70484e-05 -0.000182012 1 0.000265991 -4.69516e-05 -0.000266009 1 -0.0244527 0.00685543 0.0458611
FixedParameters: 0 0 0

#Transform 41
Transform: AffineTransform_float_3_3
Parameters: 1 0.000249039 -0.000219956 -0.000248961 1 0.000176055 0.000220044 -0.000175945 1 -0.0364251 0.0276862 0.0438956
FixedParameters: 0 0 0

#Transform 42
Transform: AffineTransform_float_3_3
Parameters: 1 0.000171105 -0.000275935 -0.000170895 1 0.000382047 0.000276065 -0.000381953 1 -0.0344936 0.0593772 0.052314
FixedParameters: 0 0 0

#Transform 43
Transform: AffineTransform_float_3_3
Parameters: 1 0.000213905 -0.000455044 -0.000214095 1 -0.000207903 0.000454955 0.000208097 1 -0.0235397 0.0971779 0.0511755
FixedParameters: 0 0 0

#Transform 44
Transform: AffineTransform_float_3_3
Parameters: 1 2.105e-05 -0.000454998 -2.09499e-05 1 0.00011001 0.000455002 -0.00010999 1 -0.0198959 0.0937288 0.0943946
FixedParameters: 0 0 0

#Transform 45
Transform: AffineTransform_float_3_3
Parameters: 1 0.000144799 -0.000455064 -0.000145201 1 -0.000441934 0.000454936 0.000442066 1 -0.0304232 0.0524861 0.0839609
FixedParameters: 0 0 0

#Transform 46
Transform: AffineTransform_float_3_3
Parameters: 1 -9.19813e-05 -0.000445004 9.20187e-05 1 4.19591e-05 0.000444996 -4.20409e-05 1 -0.0209381 -0.0695509 0.0808933
FixedParameters: 0 0 0

#Transform 47
Transform: AffineTransform_float_3_3
Parameters: 1 0.000106073 -0.000524985 -0.000105927 1 0.000139056 0.000525015 -0.000139944 1 -0.0443017 -0.068315 0.0744593
FixedParameters: 0 0 0

#Transform 48
Transform: AffineTransform_float_3_3
Parameters: 1 0.000211039 -0.000443981 -0.00021096 1 8.90937e-05 0.000444019 -8.89063e-05 1 -0.0510489 -0.0515512 0.0545418
FixedParameters: 0 0 0

#Transform 49
Transform: AffineTransform_float_3_3
Parameters: 1 8.29789e-05 -0.000479004 -8.30211e-05 1 -4.39602e-05 0.000478996 4.40397e-05 1 -0.0498544 -0.0505404 0.03696
FixedParameters: 0 0 0

#Transform 50
Transform: AffineTransform_float_3_3
Parameters: 1 0.000351991 -0.00030701 -0.000352009 1 -2.78919e-05 0.00030699 2.81081e-05 1 -0.0575099 0.0254893 0.0189496
FixedParameters: 0 0 0

#Transform 51
Transform: AffineTransform_float_3_3
Parameters: 1 0.000456943 -0.000267097 -0.000457056 1 -0.000211878 0.000266903 0.000212122 1 -0.0684543 0.0248799 0.00638317
FixedParameters: 0 0 0

#Transform 52
Transform: AffineTransform_float_3_3
Parameters: 1 0.000284865 -0.000336114 -0.000285135 1 -0.000400904 0.000335886 0.000401096 1 -0.0676551 0.0672091 0.00391753
FixedParameters: 0 0 0

#Transform 53
Transform: AffineTransform_float_3_3
Parameters: 1 0.000419901 -0.000324128 -0.000420099 1 -0.000305864 0.000323871 0.000306136 1 -0.0644246 0.059557 -0.00410645
FixedParameters: 0 0 0

#Transform 54
Transform: AffineTransform_float_3_3
Parameters: 1 0.000112275 -0.000594137 -0.000112726 0.999999 -0.00122093 0.000594863 0.00122107 0.999999 -0.0452787 0.0861726 -0.0191949
FixedParameters: 0 0 0

#Transform 55
Transform: AffineTransform_float_3_3
Parameters: 1 0.000274392 -0.000474352 -0.000275609 0.999999 -0.00128287 0.000474647 0.00128313 0.999999 -0.0437072 0.0468336 -0.00284584
FixedParameters: 0 0 0

#Transform 56
Transform: AffineTransform_float_3_3
Parameters: 1 3.88232e-05 -0.000474014 -3.91768e-05 1 -0.000372981 0.000473985 0.000373018 1 -0.046438 -0.0462937 0.0491379
FixedParameters: 0 0 0

#Transform 57
Transform: AffineTransform_float_3_3
Parameters: 1 0.000375951 -0.000247075 -0.000376049 1 -0.000199907 0.000246925 0.000200093 1 -0.0491487 -0.0440068 0.0336776
FixedParameters: 0 0 0

#Transform 58
Transform: AffineTransform_float_3_3
Parameters: 1 0.000409893 -0.000387113 -0.000410107 1 -0.000276841 0.000386886 0.000277159 1 -0.055392 -0.0645448 0.00796006
FixedParameters: 0 0 0

#Transform 59
Transform: AffineTransform_float_3_3
Parameters: 1 0.000229807 -0.000406109 -0.000229193 1 -0.000474907 0.000405891 0.000475093 1 -0.0609121 -0.00322172 0.00119358
FixedParameters: 0 0 0

#Transform 60
Transform: AffineTransform_float_3_3
Parameters: 1 0.000457845 -0.000284249 -0.000458155 0.999999 -0.00054487 0.00028375 0.00054513 1 -0.0461768 0.0146084 -0.00673224
FixedParameters: 0 0 0

#Transform 61
Transform: AffineTransform_float_3_3
Parameters: 1 0.000430591 -0.000392449 -0.000431408 1 -0.00104183 0.000391551 0.00104217 1 -0.0508723 0.0724572 -0.0161087
FixedParameters: 0 0 0

#Transform 62
Transform: AffineTransform_float_3_3
Parameters: 1 0.000327167 -0.000589463 -0.000328834 0.999999 -0.00141381 0.000589535 0.00141419 0.999999 -0.0536401 0.0674246 0.0018769
FixedParameters: 0 0 0

#Transform 63
Transform: AffineTransform_float_3_3
Parameters: 1 0.000160385 -0.000482205 -0.000160614 0.999999 -0.00127492 0.000481796 0.00127508 0.999999 -0.0476224 0.03936 0.0239854
FixedParameters: 0 0 0

#Transform 64
Transform: AffineTransform_float_3_3
Parameters: 1 0.000292839 -0.000284166 -0.000292161 1 -0.000565917 0.000283835 0.000566083 1 -0.0621886 0.0178235 0.0501702
FixedParameters: 0 0 0

#Transform 65
Transform: AffineTransform_float_3_3
Parameters: 1 0.000305901 -0.000404075 -0.000306099 1 -0.000245876 0.000403925 0.000246124 1 -0.0623729 -0.0215289 0.037427
FixedParameters: 0 0 0

#Transform 66
Transform: AffineTransform_float_3_3
Parameters: 1 0.000430851 -0.000413155 -0.000430149 1 -0.000360822 0.000412845 0.000361178 1 -0.0714177 0.0315126 0.0189926
FixedParameters: 0 0 0

#Transform 67
Transform: AffineTransform_float_3_3
Parameters: 1 0.000498938 -0.000279111 -0.000499062 1 -0.000221861 0.000278889 0.000222139 1 -0.0685033 0.0301005 0.0142994
FixedParameters: 0 0 0

#Transform 68
Transform: AffineTransform_float_3_3
Parameters: 1 0.000665946 -0.000204174 -0.000666053 0.999999 -0.000260864 0.000204826 0.000261136 1 -0.0880393 0.0571364 0.0110151
FixedParameters: 0 0 0

#Transform 69
Transform: AffineTransform_float_3_3
Parameters: 1 0.000588968 -0.000178105 -0.000589032 1 -0.000178895 0.000177895 0.000178105 1 -0.0866055 0.0311103 0.00942161
FixedParameters: 0 0 0

#Transform 70
Transform: AffineTransform_float_3_3
Parameters: 1 0.000427873 -0.000215253 -0.000428127 0.999999 -0.000590908 0.000214747 0.000591092 1 -0.071326 0.0616733 0.00336537
FixedParameters: 0 0 0

#Transform 71
Transform: AffineTransform_float_3_3
Parameters: 1 0.000385756 -0.000215438 -0.000386244 1 -0.00113392 0.000214562 0.00113408 1 -0.069717 0.059822 -0.015937
FixedParameters: 0 0 0

#Transform 72
Transform: AffineTransform_float_3_3
Parameters: 0.999999 0.000302019 -0.000757391 -0.000302981 0.999999 -0.00129477 0.000757608 0.00129523 0.999999 -0.0809217 0.0680967 0.0134787
FixedParameters: 0 0 0

#Transform 73
Transform: AffineTransform_float_3_3
Parameters: 1 0.000220264 -0.00064925 -0.000220736 1 -0.00113386 0.00064875 0.00113414 0.999999 -0.0697758 0.0450126 0.0260135
FixedParameters: 0 0 0

#Transform 74
Transform: AffineTransform_float_3_3
Parameters: 0.999999 0.000187545 -0.000799106 -0.000188454 1 -0.000568849 0.000798892 0.00056915 0.999999 -0.0772115 -0.055909 0.054659
FixedParameters: 0 0 0

#Transform 75
Transform: AffineTransform_float_3_3
Parameters: 0.999999 0.000406969 -0.000649019 -0.000407031 1 -4.77358e-05 0.00064898 4.72641e-05 1 -0.0817838 0.00270544 0.0634018
FixedParameters: 0 0 0

#Transform 76
Transform: AffineTransform_float_3_3
Parameters: 0.999999 0.000597159 -0.000648853 -0.00059784 1 0.000245388 0.000649146 -0.000244612 1 -0.0861058 0.00339851 0.0477556
FixedParameters: 0 0 0

#Transform 77
Transform: AffineTransform_float_3_3
Parameters: 0.999999 0.000356017 -0.00064899 -0.000355982 1 2.7231e-05 0.000649009 -2.67689e-05 1 -0.093781 0.048136 0.0309116
FixedParameters: 0 0 0

#Transform 78
Transform: AffineTransform_float_3_3
Parameters: 0.999999 0.000422174 -0.000648886 -0.000422826 1 0.000268274 0.000649113 -0.000267726 1 -0.0935504 0.055158 0.0356921
FixedParameters: 0 0 0

#Transform 79
Transform: AffineTransform_float_3_3
Parameters: 1 0.000317445 -0.00110887 -0.000317556 1 0.000400352 0.00110913 -0.000400648 1 -0.0988737 0.071412 0.0347466
FixedParameters: 0 0 0

#Transform 80
Transform: AffineTransform_float_3_3
Parameters: 1 0.000398187 -0.00103793 -0.000397813 1 0.000180413 0.00103807 -0.000179587 1 -0.097455 0.0554283 0.0391793
FixedParameters: 0 0 0

#Transform 81
Transform: AffineTransform_float_3_3
Parameters: 1 0.000394476 -0.00109783 -0.000394523 1 0.000434433 0.00109817 -0.000433567 1 -0.10357 0.0517303 0.0470866
FixedParameters: 0 0 0

#Transform 82
Transform: AffineTransform_float_3_3
Parameters: 1 0.000393316 -0.00109289 -0.000392685 1 0.000288429 0.00109311 -0.00028857 1 -0.101626 0.0615758 0.0425359
FixedParameters: 0 0 0

#Transform 83
Transform: AffineTransform_float_3_3
Parameters: 1 0.000155643 -0.00109305 -0.000156358 1 -0.000326829 0.00109395 0.000327171 1 -0.0870582 0.0331903 0.0152168
FixedParameters: 0 0 0

#Transform 84
Transform: AffineTransform_float_3_3
Parameters: 1 -2.28122e-05 -0.00119099 2.11877e-05 1 -0.000682026 0.00119102 0.000681973 0.999999 -0.0779075 0.048656 0.0282432
FixedParameters: 0 0 0

#Transform 85
Transform: AffineTransform_float_3_3
Parameters: 0.999999 0.000156001 -0.00130112 -0.000157 0.999999 -0.000768796 0.00130088 0.000768203 0.999999 -0.0911357 0.0078483 0.0308328
FixedParameters: 0 0 0

#Transform 86
Transform: AffineTransform_float_3_3
Parameters: 0.999999 -2.26797e-05 -0.00141899 2.13203e-05 1 -0.000479031 0.00141901 0.000478968 0.999999 -0.0976907 -0.038293 0.0556069
FixedParameters: 0 0 0

#Transform 87
Transform: AffineTransform_float_3_3
Parameters: 0.999999 0.000122686 -0.00144003 -0.000123315 1 -0.000218823 0.00143997 0.000218177 0.999999 -0.103324 -0.0428354 0.0565172
FixedParameters: 0 0 0

#Transform 88
Transform: AffineTransform_float_3_3
Parameters: 0.999998 -2.16587e-05 -0.001633 2.13413e-05 1 0.000208965 0.00163299 -0.000209036 0.999998 -0.110521 -0.0287838 0.0580715
FixedParameters: 0 0 0

#Transform 89
Transform: AffineTransform_float_3_3
Parameters: 0.999999 0.000160725 -0.00155192 -0.000160275 1 0.000467249 0.00155207 -0.000466751 0.999998 -0.11486 0.0492444 0.0458661
FixedParameters: 0 0 0

#Transform 90
Transform: AffineTransform_float_3_3
Parameters: 0.999999 0.000206825 -0.00155189 -0.000206176 1 0.00053132 0.00155211 -0.000531679 0.999998 -0.107696 0.0528068 0.0476546
FixedParameters: 0 0 0

#Transform 91
Transform: AffineTransform_float_3_3
Parameters: 0.999999 0.000327404 -0.00147491 -0.000327597 1 0.000273483 0.00147509 -0.000273517 0.999999 -0.10821 0.0864959 0.0411574
FixedParameters: 0 0 0

#Transform 92
Transform: AffineTransform_float_3_3
Parameters: 0.999999 0.000208072 -0.00155186 -0.000206929 0.999999 0.000690321 0.00155214 -0.000690677 0.999998 -0.111757 0.0741128 0.0549047
FixedParameters: 0 0 0

#Transform 93
Transform: AffineTransform_float_3_3
Parameters: 0.999999 7.95508e-05 -0.00155197 -7.94489e-05 1 0.000355124 0.00155203 -0.000354877 0.999998 -0.106156 0.0794195 0.0350944
FixedParameters: 0 0 0

#Transform 94
Transform: AffineTransform_float_3_3
Parameters: 0.999999 -2.21862e-05 -0.001552 2.18137e-05 1 -0.000120034 0.001552 0.000119966 0.999999 -0.10051 0.0667107 0.0240471
FixedParameters: 0 0 0

#Transform 95
Transform: AffineTransform_float_3_3
Parameters: 0.999999 6.01132e-05 -0.001552 -5.98882e-05 1 7.2093e-05 0.001552 -7.29068e-05 0.999999 -0.0993319 0.0410358 0.0840393
FixedParameters: 0 0 0

#Transform 96
Transform: AffineTransform_float_3_3
Parameters: 0.999999 3.96951e-05 -0.00132398 -3.93049e-05 1 0.000525052 0.00132402 -0.000524948 0.999999 -0.10652 -0.0338929 0.123086
FixedParameters: 0 0 0

#Transform 97
Transform: AffineTransform_float_3_3
Parameters: 0.999999 9.40661e-05 -0.00143893 -9.29335e-05 0.999999 0.000741134 0.00143907 -0.000740865 0.999998 -0.110069 -0.0638789 0.0904721
FixedParameters: 0 0 0

#Transform 98
Transform: AffineTransform_float_3_3
Parameters: 0.999998 8.59802e-05 -0.0016839 -8.40194e-05 1 0.00117614 0.0016841 -0.00117586 0.999998 -0.114213 -0.017886 0.0828936
FixedParameters: 0 0 0

#Transform 99
Transform: AffineTransform_float_3_3
Parameters: 0.999999 8.01907e-05 -0.00186291 -7.7809e-05 1 0.00117615 0.00186309 -0.00117585 0.999997 -0.109031 0.011832 0.0841421
FixedParameters: 0 0 0

#Transform 100
Transform: AffineTransform_float_3_3
Parameters: 0.999999 8.01237e-05 -0.00180591 -7.7876e-05 1 0.00117614 0.00180609 -0.00117586 0.999997 -0.115053 0.062682 0.0836796
FixedParameters: 0 0 0

#Transform 101
Transform: AffineTransform_float_3_3
Parameters: 0.999998 8.09038e-05 -0.00193588 -7.80958e-05 0.999999 0.00150015 0.00193612 -0.00149985 0.999997 -0.122309 0.0699728 0.100744
FixedParameters: 0 0 0

#Transform 102
Transform: AffineTransform_float_3_3
Parameters: 0.999998 0.00012508 -0.00197581 -0.000121919 0.999999 0.00155924 0.00197619 -0.00155876 0.999997 -0.123174 0.0954788 0.11459
FixedParameters: 0 0 0

#Transform 103
Transform: AffineTransform_float_3_3
Parameters: 0.999998 0.000390941 -0.00188539 -0.00038806 0.999998 0.00155973 0.00188561 -0.00155927 0.999997 -0.128164 0.0791435 0.108256
FixedParameters: 0 0 0

#Transform 104
Transform: AffineTransform_float_3_3
Parameters: 0.999998 0.000265191 -0.00189069 -0.000262808 1 0.0011595 0.00189131 -0.0011585 0.999997 -0.125022 0.0803185 0.0941252
FixedParameters: 0 0 0

#Transform 105
Transform: AffineTransform_float_3_3
Parameters: 0.999998 0.000189746 -0.00177081 -0.000188255 1 0.000985335 0.00177119 -0.000985666 0.999998 -0.124656 0.0907966 0.0854855
FixedParameters: 0 0 0

#Transform 106
Transform: AffineTransform_float_3_3
Parameters: 0.999998 0.000238297 -0.00198173 -0.000236702 1 0.00115947 0.00198228 -0.00115853 0.999998 -0.12354 0.077031 0.108121
FixedParameters: 0 0 0

#Transform 107
Transform: AffineTransform_float_3_3
Parameters: 0.999998 0.000261701 -0.00196764 -0.000258301 0.999999 0.00137251 0.00196736 -0.00137249 0.999997 -0.134695 0.013984 0.14822
FixedParameters: 0 0 0

#Transform 108
Transform: AffineTransform_float_3_3
Parameters: 0.999998 6.68297e-05 -0.00208588 -6.21717e-05 0.999999 0.00183613 0.00208512 -0.00183587 0.999996 -0.127805 -0.0226629 0.160908
FixedParameters: 0 0 0

#Transform 109
Transform: AffineTransform_float_3_3
Parameters: 0.999998 7.23269e-05 -0.00204488 -6.96725e-05 0.999998 0.00162714 0.00204512 -0.00162685 0.999996 -0.11915 -0.00617969 0.137663
FixedParameters: 0 0 0

#Transform 110
Transform: AffineTransform_float_3_3
Parameters: 0.999998 2.34273e-05 -0.00193196 -1.95726e-05 0.999999 0.00177404 0.00193204 -0.00177396 0.999996 -0.112381 0.0199288 0.141915
FixedParameters: 0 0 0

#Transform 111
Transform: AffineTransform_float_3_3
Parameters: 0.999998 8.48417e-05 -0.00193188 -8.21597e-05 0.999999 0.00147016 0.00193212 -0.00147084 0.999997 -0.118703 0.0448777 0.127309
FixedParameters: 0 0 0

#Transform 112
Transform: AffineTransform_float_3_3
Parameters: 0.999998 8.96883e-05 -0.00199584 -8.63111e-05 0.999999 0.00184818 0.00199616 -0.00184783 0.999997 -0.113009 0.0697567 0.150059
FixedParameters: 0 0 0

#Transform 113
Transform: AffineTransform_float_3_3
Parameters: 0.999998 1.92567e-05 -0.00208097 -1.57452e-05 0.999999 0.00156404 0.00208103 -0.00156496 0.999996 -0.109699 0.0883888 0.152638
FixedParameters: 0 0 0

#Transform 114
Transform: AffineTransform_float_3_3
Parameters: 0.999998 7.35699e-05 -0.00197691 -7.14297e-05 0.999999 0.00130014 0.0019771 -0.00129986 0.999997 -0.112269 0.110907 0.138169
FixedParameters: 0 0 0

#Transform 115
Transform: AffineTransform_float_3_3
Parameters: 0.999998 -2.35522e-05 -0.00232903 2.64477e-05 1 0.00105094 0.00232897 -0.00105106 0.999996 -0.119568 0.114543 0.144763
FixedParameters: 0 0 0

#Transform 116
Transform: AffineTransform_float_3_3
Parameters: 0.999998 -4.04666e-05 -0.00208903 4.25332e-05 0.999999 0.000733913 0.00208897 -0.000734086 0.999998 -0.119244 0.0763292 0.137147
FixedParameters: 0 0 0

#Transform 117
Transform: AffineTransform_float_3_3
Parameters: 0.999998 4.12428e-05 -0.00201794 -3.77569e-05 0.999998 0.00160708 0.00201806 -0.00160692 0.999996 -0.130275 -0.0135193 0.194223
FixedParameters: 0 0 0

#Transform 118
Transform: AffineTransform_float_3_3
Parameters: 0.999998 0.000168436 -0.00202872 -0.000165566 0.999998 0.00169334 0.00202828 -0.00169366 0.999997 -0.132717 -0.0100834 0.176803
FixedParameters: 0 0 0

#Transform 119
Transform: AffineTransform_float_3_3
Parameters: 0.999999 0.000193421 -0.00181564 -0.00019058 0.999998 0.00188435 0.00181536 -0.00188365 0.999996 -0.127797 0.0205684 0.176593
FixedParameters: 0 0 0

#Transform 120
Transform: AffineTransform_float_3_3
Parameters: 0.999998 0.000217042 -0.00208068 -0.000213957 0.999999 0.00146245 0.00208131 -0.00146155 0.999997 -0.137451 0.0471953 0.155724
FixedParameters: 0 0 0

#Transform 121
Transform: AffineTransform_float_3_3
Parameters: 0.999998 0.000255957 -0.00207964 -0.000253043 0.999999 0.00142153 0.00208036 -0.00142147 0.999997 -0.141692 0.0669662 0.148344
FixedParameters: 0 0 0

#Transform 122
Transform: AffineTransform_float_3_3
Parameters: 0.999997 0.000203859 -0.00233767 -0.000200139 0.999998 0.00165147 0.00233833 -0.00165053 0.999996 -0.140574 0.0853272 0.154543
FixedParameters: 0 0 0

#Transform 123
Transform: AffineTransform_float_3_3
Parameters: 0.999998 0.000282798 -0.00209962 -0.000280202 0.999999 0.00133259 0.00210037 -0.00133241 0.999997 -0.135275 0.100803 0.146722
FixedParameters: 0 0 0

#Transform 124
Transform: AffineTransform_float_3_3
Parameters: 0.999998 0.000193258 -0.00229781 -0.000190743 0.999999 0.00098244 0.00229819 -0.000982558 0.999997 -0.123783 0.118553 0.146289
FixedParameters: 0 0 0

#Transform 125
Transform: AffineTransform_float_3_3
Parameters: 0.999997 0.000199134 -0.0022419 -0.000197865 1 0.000506445 0.0022421 -0.000505555 0.999998 -0.121624 0.102033 0.15944
FixedParameters: 0 0 0

#Transform 126
Transform: AffineTransform_float_3_3
Parameters: 0.999997 0.000165136 -0.00224884 -0.000162865 0.999999 0.000949368 0.00224915 -0.000949631 0.999997 -0.121917 0.0519916 0.20078
FixedParameters: 0 0 0

#Transform 127
Transform: AffineTransform_float_3_3
Parameters: 0.999997 0.000189772 -0.00223776 -0.000187226 0.999999 0.00123942 0.00223823 -0.00123858 0.999996 -0.134835 0.00709332 0.212586
FixedParameters: 0 0 0

#Transform 128
Transform: AffineTransform_float_3_3
Parameters: 0.999998 0.000311484 -0.00225552 -0.000307516 0.999999 0.0015447 0.00225648 -0.0015443 0.999997 -0.145588 0.0216704 0.186576
FixedParameters: 0 0 0

#Transform 129
Transform: AffineTransform_float_3_3
Parameters: 0.999998 0.000263029 -0.00230166 -0.00025997 0.999999 0.0013166 0.00230235 -0.0013154 0.999997 -0.153834 0.0313059 0.166849
FixedParameters: 0 0 0

#Transform 130
Transform: AffineTransform_float_3_3
Parameters: 0.999997 0.000357074 -0.00209848 -0.000353924 0.999999 0.00146575 0.00209952 -0.00146425 0.999996 -0.149557 0.0658458 0.139874
FixedParameters: 0 0 0

#Transform 131
Transform: AffineTransform_float_3_3
Parameters: 0.999998 0.000423932 -0.00221925 -0.000420067 0.999999 0.00177194 0.00222075 -0.00177106 0.999996 -0.153106 0.0707135 0.151486
FixedParameters: 0 0 0

#Transform 132
Transform: AffineTransform_float_3_3
Parameters: 0.999998 0.000310019 -0.00223872 -0.000307982 0.999999 0.000901691 0.00223928 -0.000901308 0.999997 -0.14656 0.0952462 0.130344
FixedParameters: 0 0 0

#Transform 133
Transform: AffineTransform_float_3_3
Parameters: 0.999998 0.00032416 -0.00225284 -0.000322842 1 0.000514729 0.00225217 -0.000514271 0.999998 -0.130455 0.113415 0.123113
FixedParameters: 0 0 0

#Transform 134
Transform: AffineTransform_float_3_3
Parameters: 0.999997 0.000234878 -0.00217201 -0.000234121 1 -5.54916e-05 0.00217199 5.65103e-05 0.999997 -0.11338 0.110886 0.111829
FixedParameters: 0 0 0

#Transform 135
Transform: AffineTransform_float_3_3
Parameters: 0.999997 0.000158232 -0.00245492 -0.00015777 1 0.000501389 0.00245508 -0.000501613 0.999997 -0.106945 0.0431363 0.151058
FixedParameters: 0 0 0

#Transform 136
Transform: AffineTransform_float_3_3
Parameters: 0.999998 0.000136617 -0.0022679 -0.000135383 0.999999 0.000713309 0.0022681 -0.000712692 0.999997 -0.105738 0.0446317 0.153531
FixedParameters: 0 0 0

#Transform 137
Transform: AffineTransform_float_3_3
Parameters: 0.999998 0.000184851 -0.00202383 -0.00018215 0.999999 0.00091437 0.00202417 -0.000914627 0.999997 -0.119033 0.0266165 0.127003
FixedParameters: 0 0 0

#Transform 138
Transform: AffineTransform_float_3_3
Parameters: 0.999997 0.000138354 -0.00218391 -0.000136646 1 0.0006203 0.00218309 -0.0006197 0.999998 -0.122025 0.0446381 0.0983639
FixedParameters: 0 0 0

#Transform 139
Transform: AffineTransform_float_3_3
Parameters: 0.999998 0.000278896 -0.00207275 -0.000277105 0.999999 0.000914576 0.00207225 -0.000914424 0.999998 -0.138815 0.0433819 0.082864
FixedParameters: 0 0 0

#Transform 140
Transform: AffineTransform_float_3_3
Parameters: 0.999998 0.000207336 -0.00191986 -0.000205664 0.999999 0.000696396 0.00191914 -0.000695603 0.999998 -0.135143 0.0717482 0.0751251
FixedParameters: 0 0 0

#Transform 141
Transform: AffineTransform_float_3_3
Parameters: 0.999998 0.000248256 -0.00201897 -0.000247745 1 0.0001265 0.00201903 -0.000126499 0.999998 -0.117551 0.0942939 0.0572111
FixedParameters: 0 0 0

#Transform 142
Transform: AffineTransform_float_3_3
Parameters: 0.999998 0.000170497 -0.00203404 -0.000170502 1 -0.000246654 0.00203396 0.000247347 0.999998 -0.111148 0.0951314 0.0519099
FixedParameters: 0 0 0

#Transform 143
Transform: AffineTransform_float_3_3
Parameters: 0.999998 6.08805e-05 -0.00210803 -6.21192e-05 1 -0.00053087 0.00210797 0.000531129 0.999997 -0.103385 0.0872207 0.0502732
FixedParameters: 0 0 0

#Transform 144
Transform: AffineTransform_float_3_3
Parameters: 0.999997 0.000131346 -0.00213498 -0.000131656 1 0.000161281 0.00213502 -0.00016172 0.999997 -0.105696 0.0177474 0.110462
FixedParameters: 0 0 0

#Transform 145
Transform: AffineTransform_float_3_3
Parameters: 0.999998 4.67797e-05 -0.00206298 -4.62201e-05 1 0.000378096 0.00206302 -0.000377904 0.999998 -0.106139 0.0421557 0.113805
FixedParameters: 0 0 0

#Transform 146
Transform: AffineTransform_float_3_3
Parameters: 0.999998 0.000105355 -0.00199593 -0.000103644 1 0.000679208 0.00199607 -0.000678791 0.999998 -0.116823 0.0320379 0.104679
FixedParameters: 0 0 0

#Transform 147
Transform: AffineTransform_float_3_3
Parameters: 0.999998 5.47454e-05 -0.00200398 -5.42544e-05 1 0.000372109 0.00200402 -0.000371891 0.999998 -0.115816 0.0452124 0.0847936
FixedParameters: 0 0 0

#Transform 148
Transform: AffineTransform_float_3_3
Parameters: 0.999998 0.000137334 -0.00204691 -0.000136665 1 0.000652281 0.00204709 -0.00065172 0.999997 -0.120693 0.0555549 0.0737975
FixedParameters: 0 0 0

#Transform 149
Transform: AffineTransform_float_3_3
Parameters: 0.999997 0.000109853 -0.00219591 -0.000108148 0.999999 0.000843239 0.00219609 -0.000843761 0.999997 -0.121143 0.0767752 0.0766825
FixedParameters: 0 0 0

#Transform 150
Transform: AffineTransform_float_3_3
Parameters: 0.999998 0.000103291 -0.00225999 -0.000102708 1 0.000129233 0.00226002 -0.000128767 0.999998 -0.105407 0.0968324 0.0554603
FixedParameters: 0 0 0

#Transform 151
Transform: AffineTransform_float_3_3
Parameters: 0.999997 1.88492e-05 -0.002153 -1.91507e-05 1 -6.99589e-05 0.002153 7.00407e-05 0.999997 -0.0986064 0.0916828 0.0589324
FixedParameters: 0 0 0

#Transform 152
Transform: AffineTransform_float_3_3
Parameters: 0.999998 3.08901e-05 -0.00209002 -3.11097e-05 1 -0.000530936 0.00208998 0.000531065 0.999997 -0.102742 0.0977654 0.0602423
FixedParameters: 0 0 0

#Transform 153
Transform: AffineTransform_float_3_3
Parameters: 0.999998 6.29999e-05 -0.0017 -6.29999e-05 1 1.071e-07 0.0017 1.071e-07 0.999998 -0.10667 0.0247471 0.0974933
FixedParameters: 0 0 0

#Transform 154
Transform: AffineTransform_float_3_3
Parameters: 0.999999 0.000150767 -0.00185294 -0.000150234 1 0.000413279 0.00185306 -0.000413721 0.999998 -0.117464 0.0436117 0.114451
FixedParameters: 0 0 0

#Transform 155
Transform: AffineTransform_float_3_3
Parameters: 0.999998 0.000335088 -0.00195181 -0.00033391 1 0.000558653 0.00195219 -0.000557347 0.999998 -0.121579 0.032635 0.0934942
FixedParameters: 0 0 0

#Transform 156
Transform: AffineTransform_float_3_3
Parameters: 0.999998 0.000191868 -0.00209792 -0.000191133 1 0.000413402 0.00209808 -0.000413598 0.999997 -0.135785 0.0491601 0.0852314
FixedParameters: 0 0 0

#Transform 157
Transform: AffineTransform_float_3_3
Parameters: 0.999998 0.000304029 -0.00199884 -0.000302972 1 0.000514606 0.00199816 -0.000514393 0.999998 -0.141905 0.0677354 0.0662642
FixedParameters: 0 0 0

#Transform 158
Transform: AffineTransform_float_3_3
Parameters: 0.999997 0.00024145 -0.00216584 -0.000239548 0.999999 0.000670521 0.00216616 -0.000669479 0.999998 -0.136642 0.0762798 0.057754
FixedParameters: 0 0 0

#Transform 159
Transform: AffineTransform_float_3_3
Parameters: 0.999998 0.000337651 -0.00202389 -0.000336347 1 0.000322681 0.00202411 -0.000321317 0.999998 -0.124548 0.10463 0.0365603
FixedParameters: 0 0 0

#Transform 160
Transform: AffineTransform_float_3_3
Parameters: 0.999997 0.000180476 -0.00219804 -0.000181525 1 -0.000238601 0.00219795 0.000238397 0.999997 -0.119226 0.0896916 0.0422605
FixedParameters: 0 0 0

#Transform 161
Transform: AffineTransform_float_3_3
Parameters: 0.999997 3.14328e-05 -0.00213502 -3.3567e-05 0.999999 -0.00073393 0.00213498 0.000734069 0.999998 -0.108223 0.109105 0.031989
FixedParameters: 0 0 0

#Transform 162
Transform: AffineTransform_float_3_3
Parameters: 0.999997 8.20504e-05 -0.002203 -8.19491e-05 1 2.31806e-05 0.002203 -2.28193e-05 0.999997 -0.113108 0.0387748 0.0785264
FixedParameters: 0 0 0

#Transform 163
Transform: AffineTransform_float_3_3
Parameters: 0.999997 0.00023347 -0.00214095 -0.000232528 1 0.000220498 0.00214105 -0.000219501 0.999997 -0.118299 0.0400448 0.0982626
FixedParameters: 0 0 0

#Transform 164
Transform: AffineTransform_float_3_3
Parameters: 0.999998 0.000230203 -0.00195286 -0.000228798 1 0.000615448 0.00195314 -0.000615551 0.999998 -0.125893 0.0373035 0.0906903
FixedParameters: 0 0 0

#Transform 165
Transform: AffineTransform_float_3_3
Parameters: 0.999998 0.000191637 -0.00211194 -0.000191362 1 0.000302405 0.00211206 -0.000301596 0.999997 -0.122611 0.0584221 0.0731497
FixedParameters: 0 0 0

#Transform 166
Transform: AffineTransform_float_3_3
Parameters: 0.999998 0.000196849 -0.00202792 -0.00019515 1 0.000419397 0.00202808 -0.000418602 0.999998 -0.116772 0.0771943 0.0683232
FixedParameters: 0 0 0

#Transform 167
Transform: AffineTransform_float_3_3
Parameters: 0.999998 7.64973e-05 -0.00230502 -7.75025e-05 1 -0.000217822 0.00230598 0.000218177 0.999998 -0.107042 0.102759 0.0518132
FixedParameters: 0 0 0

#Transform 168
Transform: AffineTransform_float_3_3
Parameters: 0.999997 0.000123107 -0.00216011 -0.000124892 0.999999 -0.000875732 0.00215989 0.000876268 0.999998 -0.102434 0.120913 0.0411317
FixedParameters: 0 0 0

#Transform 169
Transform: AffineTransform_float_3_3
Parameters: 0.999998 8.75437e-05 -0.00231502 -8.74558e-05 1 -0.000196798 0.00231498 0.000197203 0.999998 -0.103032 0.0707515 0.0902737
FixedParameters: 0 0 0

#Transform 170
Transform: AffineTransform_float_3_3
Parameters: 0.999997 0.000160748 -0.00220695 -0.000160254 1 0.000338355 0.00220705 -0.000338646 0.999998 -0.107357 0.0640215 0.110394
FixedParameters: 0 0 0

#Transform 171
Transform: AffineTransform_float_3_3
Parameters: 0.999997 0.00021714 -0.00221389 -0.000216859 1 0.000515482 0.00221411 -0.000514521 0.999998 -0.118916 0.0540487 0.102844
FixedParameters: 0 0 0

#Transform 172
Transform: AffineTransform_float_3_3
Parameters: 0.999997 0.000325021 -0.00220685 -0.000323979 1 0.000462716 0.00220715 -0.000462284 0.999998 -0.136429 0.0597555 0.0891242
FixedParameters: 0 0 0

#Transform 173
Transform: AffineTransform_float_3_3
Parameters: 0.999998 0.000325375 -0.00209078 -0.000323623 0.999999 0.000658678 0.00209121 -0.000657321 0.999997 -0.136073 0.0770174 0.0871256
FixedParameters: 0 0 0

#Transform 174
Transform: AffineTransform_float_3_3
Parameters: 0.999997 0.000244901 -0.0021739 -0.000244097 1 0.000415531 0.0021741 -0.000414468 0.999997 -0.125399 0.0776343 0.0797029
FixedParameters: 0 0 0

#Transform 175
Transform: AffineTransform_float_3_3
Parameters: 0.999998 0.0002275 -0.00227285 -0.000225501 1 0.000659514 0.00227315 -0.000659485 0.999997 -0.104664 0.0997965 0.0867531
FixedParameters: 0 0 0

#Transform 176
Transform: AffineTransform_float_3_3
Parameters: 0.999998 -0.000129113 -0.00231688 0.000126886 0.999999 -0.000912296 0.00231712 0.000911703 0.999997 -0.0934302 0.0812437 0.0460092
FixedParameters: 0 0 0

#Transform 177
Transform: AffineTransform_float_3_3
Parameters: 0.999997 -0.000128571 -0.00251792 0.000126428 1 -0.00062432 0.00251808 0.000623678 0.999996 -0.0807389 0.0810139 0.0600792
FixedParameters: 0 0 0

#Transform 178
Transform: AffineTransform_float_3_3
Parameters: 0.999998 -0.000127201 -0.00228899 0.000126798 1 -8.82905e-05 0.00228901 8.77091e-05 0.999998 -0.0935447 0.0211752 0.095401
FixedParameters: 0 0 0

#Transform 179
Transform: AffineTransform_float_3_3
Parameters: 0.999997 3.04357e-05 -0.00217899 -2.95641e-05 1 0.000200065 0.002179 -0.000199934 0.999997 -0.104713 0.0263271 0.0928142
FixedParameters: 0 0 0

#Transform 180
Transform: AffineTransform_float_3_3
Parameters: 0.999998 6.86184e-05 -0.00222498 -6.83813e-05 1 0.000278153 0.00222502 -0.000277848 0.999998 -0.113652 0.0381116 0.0899883
FixedParameters: 0 0 0

#Transform 181
Transform: AffineTransform_float_3_3
Parameters: 0.999997 8.38156e-05 -0.00221097 -8.31839e-05 1 0.000369185 0.00221103 -0.000368816 0.999998 -0.117457 0.0586311 0.0730146
FixedParameters: 0 0 0

#Transform 182
Transform: AffineTransform_float_3_3
Parameters: 0.999998 9.93501e-05 -0.00223194 -9.86494e-05 1 0.000605222 0.00223206 -0.00060478 0.999998 -0.121112 0.0782965 0.0723193
FixedParameters: 0 0 0

#Transform 183
Transform: AffineTransform_float_3_3
Parameters: 0.999997 6.87395e-05 -0.00220798 -6.72601e-05 1 0.000335149 0.00220802 -0.000334849 0.999998 -0.113512 0.0807822 0.0643166
FixedParameters: 0 0 0

#Transform 184
Transform: AffineTransform_float_3_3
Parameters: 0.999998 4.35347e-05 -0.00230301 -4.44674e-05 1 -0.000202898 0.00230299 0.000202101 0.999998 -0.10142 0.0986486 0.036903
FixedParameters: 0 0 0

#Transform 185
Transform: AffineTransform_float_3_3
Parameters: 0.999997 1.73258e-06 -0.002369 -3.26741e-06 1 -0.000534994 0.002369 0.000535006 0.999997 -0.102205 0.0991435 0.0486683
FixedParameters: 0 0 0

#Transform 186
Transform: AffineTransform_float_3_3
Parameters: 0.999998 5.10522e-05 -0.00209202 -5.29475e-05 1 -0.00045289 0.00209198 0.000453108 0.999997 -0.0989348 0.0826804 0.0503952
FixedParameters: 0 0 0

#Transform 187
Transform: AffineTransform_float_3_3
Parameters: 0.999997 2.77457e-05 -0.002444 -2.82541e-05 1 -0.000103931 0.002444 0.000104068 0.999997 -0.10224 0.0355006 0.0904301
FixedParameters: 0 0 0

#Transform 188
Transform: AffineTransform_float_3_3
Parameters: 0.999998 0.000182515 -0.00229096 -0.000181484 1 0.000225416 0.00229104 -0.000224583 0.999998 -0.107362 0.0341715 0.0917808
FixedParameters: 0 0 0

#Transform 189
Transform: AffineTransform_float_3_3
Parameters: 0.999996 6.85344e-05 -0.00258298 -6.84676e-05 1 0.000206177 0.00258301 -0.000206824 0.999996 -0.102162 0.041165 0.0865731
FixedParameters: 0 0 0

#Transform 190
Transform: AffineTransform_float_3_3
Parameters: 0.999998 0.000210409 -0.00226296 -0.00021059 1 0.000181477 0.00226304 -0.000180524 0.999998 -0.107675 0.048257 0.0756182
FixedParameters: 0 0 0

#Transform 191
Transform: AffineTransform_float_3_3
Parameters: 0.999998 0.000175963 -0.00229293 -0.000175037 1 0.000420403 0.00229308 -0.000419598 0.999998 -0.113536 0.0621658 0.0615208
FixedParameters: 0 0 0

#Transform 192
