#Insight Transform File V1.0
#Transform 0
Transform: AffineTransform_float_3_3
Parameters: 1 -0.000480136 -0.00097242 0.000482863 0.999995 0.00294753 0.000970582 -0.00294747 0.999995 0.00747533 -0.0735993 0.137202
FixedParameters: 0 0 0

#Transform 1
Transform: AffineTransform_float_3_3
Parameters: 1 -0.000415947 -0.000967753 0.000419051 0.999991 0.0041926 0.000965252 -0.0041924 0.99999 0.00617015 -0.0309452 0.14773
FixedParameters: 0 0 0

#Transform 2
Transform: AffineTransform_float_3_3
Parameters: 0.999999 -0.000626525 -0.00142809 0.000628475 0.999999 0.00173311 0.00142691 -0.0017339 0.999998 0.013436 -0.0146947 0.0633336
FixedParameters: 0 0 0

#Transform 3
Transform: AffineTransform_float_3_3
Parameters: 1 -0.000598502 -0.000843354 0.000599498 0.999999 0.000590494 0.000842646 -0.000591504 0.999999 0.0323582 -0.0209058 0.0227596
FixedParameters: 0 0 0

#Transform 4
Transform: AffineTransform_float_3_3
Parameters: 1 -0.000453216 -0.000986362 0.000453784 0.999999 0.000795553 0.00098564 -0.000795447 0.999999 0.0291299 -0.0662191 0.00306579
FixedParameters: 0 0 0

#Transform 5
Transform: AffineTransform_float_3_3
Parameters: 0.999999 -0.000876603 -0.00109492 0.000879398 0.999997 0.00219104 0.00109308 -0.00219196 0.999997 0.0423415 -0.0971792 0.0617107
FixedParameters: 0 0 0

#Transform 6
Transform: AffineTransform_float_3_3
Parameters: 1 -0.00105687 -0.000323713 0.00105813 0.999994 0.00351066 0.000320288 -0.00351034 0.999994 0.0652351 -0.0925765 0.138559
FixedParameters: 0 0 0

#Transform 7
Transform: AffineTransform_float_3_3
Parameters: 0.999999 -0.00129328 -0.000561987 0.00129573 0.999995 0.00308028 0.000558011 -0.00308073 0.999995 0.069333 -0.0924513 0.0905688
FixedParameters: 0 0 0

#Transform 8
Transform: AffineTransform_float_3_3
Parameters: 1 -0.000908051 -0.000477809 0.00090895 0.999997 0.00199057 0.000476192 -0.00199043 0.999998 0.0617876 -0.0260632 0.0512114
FixedParameters: 0 0 0

#Transform 9
Transform: AffineTransform_float_3_3
Parameters: 1 -0.000990487 -0.000291749 0.000990514 0.999998 0.00176471 0.000290252 -0.00176529 0.999999 0.0638988 -0.000738078 0.0314008
FixedParameters: 0 0 0

#Transform 10
Transform: AffineTransform_float_3_3
Parameters: 0.999999 -0.000990693 -0.000200523 0.000990306 0.999999 0.0015368 0.000198478 -0.0015372 0.999999 0.0612492 0.0240684 0.0268748
FixedParameters: 0 0 0

#Transform 11
Transform: AffineTransform_float_3_3
Parameters: 0.999999 -0.000808685 -0.000200275 0.000808314 0.999999 0.00157684 0.000198725 -0.00157716 0.999998 0.040278 0.0336641 0.0225026
FixedParameters: 0 0 0

#Transform 12
Transform: AffineTransform_float_3_3
Parameters: 0.999999 -0.000743791 -0.000199781 0.000744209 0.999999 0.00104985 0.000199219 -0.00105015 1 0.0333796 0.00987955 0.0161289
FixedParameters: 0 0 0

#Transform 13
Transform: AffineTransform_float_3_3
Parameters: 0.999999 -0.00108077 -0.000666374 0.00108123 1 0.00034528 0.000666627 -0.000345721 0.999999 0.0481619 0.0215891 0.00491309
FixedParameters: 0 0 0

#Transform 14
Transform: AffineTransform_float_3_3
Parameters: 1 -0.000910996 -0.000514007 0.000911004 0.999999 7.53174e-06 0.000513994 -7.46825e-06 1 0.0447047 -0.0187742 -0.0120209
FixedParameters: 0 0 0

#Transform 15
Transform: AffineTransform_float_3_3
Parameters: 1 -0.000436846 -0.00051713 0.000436154 1 0.000297774 0.00051687 -0.000298226 1 0.0380598 -0.0688386 0.0166455
FixedParameters: 0 0 0

#Transform 16
Transform: AffineTransform_float_3_3
Parameters: 1 -0.000179963 -0.000105063 0.000180037 1 0.000347981 0.000104937 -0.000348019 1 0.0239514 -0.135323 0.0301549
FixedParameters: 0 0 0

#Transform 17
Transform: AffineTransform_float_3_3
Parameters: 1 -0.000179817 -0.00040908 0.000179183 1 0.000447927 0.00040892 -0.000448073 1 0.0252809 -0.135194 0.0216657
FixedParameters: 0 0 0

#Transform 18
Transform: AffineTransform_float_3_3
Parameters: 1 -0.000179981 -0.000201017 0.000180019 1 9.49638e-05 0.000200983 -9.50362e-05 1 0.0236443 -0.0906736 0.00717948
FixedParameters: 0 0 0

#Transform 19
Transform: AffineTransform_float_3_3
Parameters: 1 -0.000180013 0.000152985 0.000179987 1 8.40275e-05 -0.000153015 -8.39725e-05 1 0.0245123 -0.0368883 -0.0110506
FixedParameters: 0 0 0

#Transform 20
Transform: AffineTransform_float_3_3
Parameters: 1 7.00214e-06 0.000153 -6.99786e-06 1 -1.40011e-05 -0.000153 1.39989e-05 1 0.00727532 -0.00842959 -0.00640636
FixedParameters: 0 0 0

#Transform 21
Transform: AffineTransform_float_3_3
Parameters: 1 -3.89441e-05 0.000165013 3.90559e-05 1 -0.000338994 -0.000164987 0.000339006 1 0.00120068 0.0283335 -0.0189292
FixedParameters: 0 0 0

#Transform 22
Transform: AffineTransform_float_3_3
Parameters: 1 -3.89479e-05 0.000537004 3.90521e-05 1 -9.6979e-05 -0.000536996 9.70209e-05 1 0.00625688 0.0301153 -0.0146273
FixedParameters: 0 0 0

#Transform 23
Transform: AffineTransform_float_3_3
Parameters: 1 -0.000187874 -0.000189125 0.000188126 1 0.000665964 0.000189875 -0.000666035 1 0.0210709 0.0130095 0.024814
FixedParameters: 0 0 0

#Transform 24
Transform: AffineTransform_float_3_3
Parameters: 1 -0.000354993 -5.80454e-05 0.000355007 1 0.000127979 5.79546e-05 -0.000128021 1 0.0422781 0.0147231 0.0131037
FixedParameters: 0 0 0

#Transform 25
Transform: AffineTransform_float_3_3
Parameters: 1 -0.000507806 -0.000420234 0.000507194 1 0.000461787 0.000420765 -0.000462214 1 0.0445367 7.30003e-05 0.0473764
FixedParameters: 0 0 0

#Transform 26
Transform: AffineTransform_float_3_3
Parameters: 1 -0.000507833 -0.000281301 0.000508166 0.999999 0.000592857 0.000280699 -0.000593142 1 0.0646261 -0.0255909 0.105038
FixedParameters: 0 0 0

#Transform 27
Transform: AffineTransform_float_3_3
Parameters: 1 -0.000103878 -9.41353e-05 0.000103124 0.999999 0.00130199 9.48658e-05 -0.00130201 0.999999 0.041383 -0.0881841 0.166704
FixedParameters: 0 0 0

#Transform 28
Transform: AffineTransform_float_3_3
Parameters: 1 -4.07239e-05 -0.000212053 4.0276e-05 0.999999 0.00130199 0.000211948 -0.00130201 0.999999 0.0344222 -0.0584105 0.165299
FixedParameters: 0 0 0

#Transform 29
Transform: AffineTransform_float_3_3
Parameters: 1 5.00822e-05 -9.39562e-05 -4.99177e-05 0.999999 0.000875004 9.40437e-05 -0.000874995 0.999999 0.0302434 -0.0318201 0.0987171
FixedParameters: 0 0 0

#Transform 30
Transform: AffineTransform_float_3_3
Parameters: 1 0.000109082 -9.39046e-05 -0.000108918 0.999999 0.00087501 9.40953e-05 -0.000874989 0.999999 0.0290722 -0.0321543 0.0678573
FixedParameters: 0 0 0

#Transform 31
Transform: AffineTransform_float_3_3
Parameters: 1 0.000226046 -9.38904e-05 -0.000225954 1 0.000485021 9.41096e-05 -0.000484979 1 0.00759222 0.0256677 0.0473629
FixedParameters: 0 0 0

#Transform 32
Transform: AffineTransform_float_3_3
Parameters: 1 0.000226037 -9.391e-05 -0.000225963 1 0.000398021 9.40899e-05 -0.000397979 1 0.00759594 0.0254241 0.0390746
FixedParameters: 0 0 0

#Transform 33
Transform: AffineTransform_float_3_3
Parameters: 1 0.000131073 -0.000183948 -0.000130927 1 0.000398024 0.000184052 -0.000397976 1 0.00927819 0.0628159 0.0447855
FixedParameters: 0 0 0

#Transform 34
Transform: AffineTransform_float_3_3
Parameters: 1 9.20147e-05 -0.000226994 -9.19852e-05 1 6.50209e-05 0.000227006 -6.49791e-05 1 0.0217876 0.0566039 0.00747764
FixedParameters: 0 0 0

#Transform 35
Transform: AffineTransform_float_3_3
Parameters: 1 -0.000199894 -0.000629034 0.000200106 1 0.000168874 0.000628966 -0.000169126 1 0.0311865 0.0546947 0.0445214
FixedParameters: 0 0 0

#Transform 36
Transform: AffineTransform_float_3_3
Parameters: 1 -0.000200118 -0.000330929 0.000200882 1 -0.000357066 0.000331072 0.000356934 1 0.031973 -0.00590125 0.0401748
FixedParameters: 0 0 0

#Transform 37
Transform: AffineTransform_float_3_3
Parameters: 1 2.90472e-05 -0.000209993 -2.89527e-05 1 0.000225006 0.000210007 -0.000224994 1 0.0162426 -0.0813833 0.0468421
FixedParameters: 0 0 0

#Transform 38
Transform: AffineTransform_float_3_3
Parameters: 1 9.39925e-05 -9.40075e-05 -9.40075e-05 1 -7.99912e-05 9.39925e-05 8.00088e-05 1 0.0117054 -0.0680667 0.0433592
FixedParameters: 0 0 0

#Transform 39
Transform: AffineTransform_float_3_3
Parameters: 1 0.000475998 9.10091e-06 -0.000476002 1 0.000211996 -8.89909e-06 -0.000212004 1 -0.00597338 -0.0838676 0.0368948
FixedParameters: 0 0 0

#Transform 40
Transform: AffineTransform_float_3_3
Parameters: 1 0.000300005 -9.39847e-05 -0.000299995 1 5.10282e-05 9.40153e-05 -5.09718e-05 1 -0.0139837 -0.0118404 0.0321968
FixedParameters: 0 0 0

#Transform 41
Transform: AffineTransform_float_3_3
Parameters: 1 0.000421027 -9.38766e-05 -0.000420972 1 0.000293039 9.41233e-05 -0.00029296 1 -0.0226028 0.00396107 0.0311571
FixedParameters: 0 0 0

#Transform 42
Transform: AffineTransform_float_3_3
Parameters: 1 0.000476019 -3.87672e-05 -0.000475981 1 0.000489018 3.92327e-05 -0.000488981 1 -0.0219086 0.0298216 0.0417179
FixedParameters: 0 0 0

#Transform 43
Transform: AffineTransform_float_3_3
Parameters: 1 0.000475971 -0.000161084 -0.000476028 1 -0.000176923 0.000160916 0.000177077 1 -0.00630887 0.0776988 0.0374128
FixedParameters: 0 0 0

#Transform 44
Transform: AffineTransform_float_3_3
Parameters: 1 0.000213106 -0.000533958 -0.000212894 1 0.000198114 0.000534042 -0.000197886 1 -0.00192516 0.0801605 0.0741216
FixedParameters: 0 0 0

#Transform 45
Transform: AffineTransform_float_3_3
Parameters: 1 0.000190773 -0.000549079 -0.000191228 1 -0.000414895 0.000548921 0.000414105 1 -0.0170949 0.0344577 0.0698187
FixedParameters: 0 0 0

#Transform 46
Transform: AffineTransform_float_3_3
Parameters: 1 6.30154e-05 -0.000319997 -6.29846e-05 1 4.80202e-05 0.000320003 -4.79798e-05 1 0.00163327 -0.0546454 0.0615122
FixedParameters: 0 0 0

#Transform 47
Transform: AffineTransform_float_3_3
Parameters: 1 0.000404133 -0.000381859 -0.000403867 1 0.000349154 0.000382141 -0.000348846 1 -0.0331101 -0.0779184 0.075195
FixedParameters: 0 0 0

#Transform 48
Transform: AffineTransform_float_3_3
Parameters: 1 0.000672002 -3.59576e-05 -0.000671997 1 6.30242e-05 3.60423e-05 -6.29758e-05 1 -0.0420987 -0.0611885 0.0400912
FixedParameters: 0 0 0

#Transform 49
Transform: AffineTransform_float_3_3
Parameters: 1 0.000420004 -3.59567e-05 -0.000419996 1 0.000103015 3.60433e-05 -0.000102985 1 -0.0368952 -0.0566016 0.0198695
FixedParameters: 0 0 0

#Transform 50
Transform: AffineTransform_float_3_3
Parameters: 1 0.000513006 -3.59102e-05 -0.000512994 1 0.000175018 3.60898e-05 -0.000174981 1 -0.0387744 -0.012339 0.0126376
FixedParameters: 0 0 0

#Transform 51
Transform: AffineTransform_float_3_3
Parameters: 0.999999 0.000746997 -3.605e-05 -0.000747002 0.999999 -6.69731e-05 3.59499e-05 6.70269e-05 1 -0.0543826 0.0126861 0.000493823
FixedParameters: 0 0 0

#Transform 52
Transform: AffineTransform_float_3_3
Parameters: 1 0.000543884 -0.00025225 -0.000544116 0.999999 -0.000459863 0.00025175 0.000460137 1 -0.0599156 0.0216909 -0.00631412
FixedParameters: 0 0 0

#Transform 53
Transform: AffineTransform_float_3_3
Parameters: 1 0.000595987 -3.62175e-05 -0.000596013 1 -0.000364978 3.57824e-05 0.000365021 1 -0.0436616 0.0333145 -0.0161134
FixedParameters: 0 0 0

#Transform 54
Transform: AffineTransform_float_3_3
Parameters: 1 0.000449513 -0.000514426 -0.000449487 1 -0.00094777 0.000513574 0.000948232 1 -0.0335335 0.0585648 -0.0146978
FixedParameters: 0 0 0

#Transform 55
Transform: AffineTransform_float_3_3
Parameters: 0.999999 0.000543512 -0.000514515 -0.000544488 1 -0.000947721 0.000514484 0.000948281 1 -0.043802 0.0348154 -0.0146143
FixedParameters: 0 0 0

#Transform 56
Transform: AffineTransform_float_3_3
Parameters: 1 0.000375883 -0.000514085 -0.000376117 1 -0.000226807 0.000513914 0.000227193 1 -0.0404075 -0.0629439 0.0433535
FixedParameters: 0 0 0

#Transform 57
Transform: AffineTransform_float_3_3
Parameters: 1 0.000494028 -0.000413966 -0.000493971 1 6.92045e-05 0.000414034 -6.87955e-05 1 -0.0425915 -0.048545 0.0335007
FixedParameters: 0 0 0

#Transform 58
Transform: AffineTransform_float_3_3
Parameters: 1 0.000395994 -3.00839e-05 -0.000396006 1 -0.000211988 2.9916e-05 0.000212012 1 -0.0397434 -0.0732475 0.0015959
FixedParameters: 0 0 0

#Transform 59
Transform: AffineTransform_float_3_3
Parameters: 0.999999 0.000844005 3.28666e-05 -0.000843994 0.999999 -0.000158028 -3.31333e-05 0.000157972 1 -0.0486654 -0.0236413 -0.00801726
FixedParameters: 0 0 0

#Transform 60
Transform: AffineTransform_float_3_3
Parameters: 0.999999 0.000835942 -0.000276175 -0.000836057 0.999999 -0.000209769 0.000275825 0.000209231 1 -0.0492615 -0.0151154 -0.0179161
FixedParameters: 0 0 0

#Transform 61
Transform: AffineTransform_float_3_3
Parameters: 0.999999 0.000572607 -0.000497452 -0.000572393 0.999999 -0.000789715 0.000497548 0.000789284 0.999999 -0.0443776 0.0486508 -0.0165013
FixedParameters: 0 0 0

#Transform 62
Transform: AffineTransform_float_3_3
Parameters: 1 0.000422314 -0.000497583 -0.000422686 0.999999 -0.00137879 0.000497417 0.00137921 0.999999 -0.0359248 0.0479892 -0.00922293
FixedParameters: 0 0 0

#Transform 63
Transform: AffineTransform_float_3_3
Parameters: 1 0.000339468 -0.000497364 -0.000339533 1 -0.00107083 0.000497637 0.00107117 1 -0.039684 0.0163238 0.0205869
FixedParameters: 0 0 0

#Transform 64
Transform: AffineTransform_float_3_3
Parameters: 1 0.000523941 -0.000115266 -0.000524058 0.999999 -0.000507939 0.000114734 0.00050806 1 -0.0466133 -0.00783665 0.0302229
FixedParameters: 0 0 0

#Transform 65
Transform: AffineTransform_float_3_3
Parameters: 0.999999 0.000701962 -0.000251106 -0.000701037 0.999999 -0.000150824 0.000250894 0.000151176 1 -0.0538419 -0.0199585 0.0210647
FixedParameters: 0 0 0

#Transform 66
Transform: AffineTransform_float_3_3
Parameters: 1 0.000598035 7.57231e-05 -0.000597965 0.999999 -0.000463045 -7.52768e-05 0.000462955 1 -0.0523496 -0.00329791 0.00394394
FixedParameters: 0 0 0

#Transform 67
Transform: AffineTransform_float_3_3
Parameters: 0.999999 0.00079895 -0.000145272 -0.000799049 0.999999 -0.000340884 0.000144727 0.000341116 1 -0.0620362 -0.0210463 -0.00846507
FixedParameters: 0 0 0

#Transform 68
Transform: AffineTransform_float_3_3
Parameters: 0.999999 0.000686915 -0.00038415 -0.000687084 0.999999 -0.000218736 0.000383849 0.000219264 1 -0.0685946 0.011718 0.0024039
FixedParameters: 0 0 0

#Transform 69
Transform: AffineTransform_float_3_3
Parameters: 0.999999 0.000799019 7.5797e-05 -0.00079898 0.999999 -0.000254061 -7.52029e-05 0.00025394 1 -0.0697363 0.00102775 -0.00634884
FixedParameters: 0 0 0

#Transform 70
Transform: AffineTransform_float_3_3
Parameters: 0.999999 0.000798875 -0.000359276 -0.000798124 0.999999 -0.000345713 0.000358724 0.000346287 1 -0.0708668 0.0187637 0.00312236
FixedParameters: 0 0 0

#Transform 71
Transform: AffineTransform_float_3_3
Parameters: 1 0.000567798 -0.000271421 -0.000568201 0.999999 -0.000741845 0.000270578 0.000742153 0.999999 -0.0658348 0.0335616 -0.012769
FixedParameters: 0 0 0

#Transform 72
Transform: AffineTransform_float_3_3
Parameters: 1 0.000302539 -0.000464301 -0.000302462 1 -0.000992861 0.0004647 0.000993142 1 -0.0609652 0.0486592 0.0201626
FixedParameters: 0 0 0

#Transform 73
Transform: AffineTransform_float_3_3
Parameters: 0.999999 0.000302109 -0.000852316 -0.000302892 1 -0.00104674 0.000851683 0.00104626 0.999999 -0.0564763 0.0209034 0.0276957
FixedParameters: 0 0 0

#Transform 74
Transform: AffineTransform_float_3_3
Parameters: 0.999999 0.000530821 -0.000796119 -0.000531179 1 -0.000224577 0.00079588 0.000224422 0.999999 -0.066518 -0.0665471 0.0396953
FixedParameters: 0 0 0

#Transform 75
Transform: AffineTransform_float_3_3
Parameters: 0.999999 0.000302836 -0.000721068 -0.000302163 1 -0.000226782 0.000720931 0.000227218 0.999999 -0.0641569 -0.0328572 0.0390965
FixedParameters: 0 0 0

#Transform 76
Transform: AffineTransform_float_3_3
Parameters: 0.999999 0.000618086 -0.000794932 -0.000617914 1 0.000108491 0.000795067 -0.000108509 0.999999 -0.081918 -0.0439572 0.0314833
FixedParameters: 0 0 0

#Transform 77
Transform: AffineTransform_float_3_3
Parameters: 1 0.000829479 -0.000888553 -0.000829521 0.999999 0.000539737 0.000888448 -0.000539263 1 -0.0905705 0.00730239 0.0366546
FixedParameters: 0 0 0

#Transform 78
Transform: AffineTransform_float_3_3
Parameters: 1 0.000559107 -0.000888933 -0.000558894 1 0.000119497 0.000889067 -0.000119503 0.999999 -0.0851042 0.0167546 0.0201713
FixedParameters: 0 0 0

#Transform 79
Transform: AffineTransform_float_3_3
Parameters: 1 0.000551279 -0.000888827 -0.000551722 1 0.00031349 0.000888173 -0.00031351 0.999999 -0.0848654 0.0450548 0.0326896
FixedParameters: 0 0 0

#Transform 80
Transform: AffineTransform_float_3_3
Parameters: 1 0.000551268 -0.000888834 -0.000551733 1 0.00030149 0.000888167 -0.00030151 0.999999 -0.0848726 0.0400748 0.034291
FixedParameters: 0 0 0

#Transform 81
Transform: AffineTransform_float_3_3
Parameters: 1 0.000551305 -0.00106684 -0.000551695 1 0.000286589 0.00106716 -0.000285412 1 -0.0853327 0.00800355 0.0366724
FixedParameters: 0 0 0

#Transform 82
Transform: AffineTransform_float_3_3
Parameters: 1 0.000551297 -0.000888816 -0.000551703 1 0.00033449 0.000888184 -0.00033351 0.999999 -0.0848675 0.0402199 0.0319864
FixedParameters: 0 0 0

#Transform 83
Transform: AffineTransform_float_3_3
Parameters: 1 0.000550575 -0.000889265 -0.000551426 0.999999 -0.00047851 0.000888737 0.00047849 1 -0.0848571 0.0176033 0.00633198
FixedParameters: 0 0 0

#Transform 84
Transform: AffineTransform_float_3_3
Parameters: 1 0.000105207 -0.00100908 -0.000105794 0.999999 -0.000785894 0.00100992 0.000786107 0.999999 -0.0761647 0.0193921 0.0201509
FixedParameters: 0 0 0

#Transform 85
Transform: AffineTransform_float_3_3
Parameters: 0.999999 0.000290993 -0.00132622 -0.000292006 0.999999 -0.000758613 0.00132578 0.000759386 0.999999 -0.0706362 -0.010687 0.0120476
FixedParameters: 0 0 0

#Transform 86
Transform: AffineTransform_float_3_3
Parameters: 0.999998 0.000537496 -0.00150118 -0.000538502 1 -0.000334192 0.00150082 0.000335807 0.999999 -0.0862781 -0.0539268 0.0397516
FixedParameters: 0 0 0

#Transform 87
Transform: AffineTransform_float_3_3
Parameters: 0.999999 0.000537772 -0.00145008 -0.000538228 1 -0.00015722 0.00144991 0.00015778 0.999999 -0.0900165 -0.0512213 0.0430456
FixedParameters: 0 0 0

#Transform 88
Transform: AffineTransform_float_3_3
Parameters: 0.999999 0.000251603 -0.0015399 -0.000251396 1 0.000392387 0.0015401 -0.000391613 0.999998 -0.0912483 -0.0356782 0.0547957
FixedParameters: 0 0 0

#Transform 89
Transform: AffineTransform_float_3_3
Parameters: 0.999999 0.000538802 -0.0014497 -0.000538196 0.999999 0.000554781 0.0014503 -0.000553219 0.999999 -0.10435 0.0259686 0.0369594
FixedParameters: 0 0 0

#Transform 90
Transform: AffineTransform_float_3_3
Parameters: 0.999999 0.000538966 -0.00144964 -0.000538032 0.999999 0.00066778 0.00145036 -0.000666219 0.999998 -0.104353 0.0230925 0.0379674
FixedParameters: 0 0 0

#Transform 91
Transform: AffineTransform_float_3_3
Parameters: 0.999999 0.000417701 -0.0014498 -0.000417298 1 0.000484605 0.0014502 -0.000483395 0.999999 -0.101904 0.0613883 0.0430379
FixedParameters: 0 0 0

#Transform 92
Transform: AffineTransform_float_3_3
Parameters: 0.999998 0.00053892 -0.00154568 -0.00053808 0.999999 0.000595832 0.00154532 -0.000595168 0.999998 -0.0981368 0.0461739 0.0312352
FixedParameters: 0 0 0

#Transform 93
Transform: AffineTransform_float_3_3
Parameters: 0.999999 0.00041934 -0.0014499 -0.000418659 1 0.000235607 0.0014501 -0.000234392 0.999999 -0.0908273 0.0516308 0.0239422
FixedParameters: 0 0 0

#Transform 94
Transform: AffineTransform_float_3_3
Parameters: 0.999999 0.000334827 -0.00145004 -0.000334172 1 -0.000118516 0.00144996 0.000119486 0.999999 -0.0830636 0.0472886 0.00739937
FixedParameters: 0 0 0

#Transform 95
Transform: AffineTransform_float_3_3
Parameters: 0.999999 0.000228311 -0.00151795 -0.000228688 1 0.000205347 0.00151805 -0.000204654 0.999999 -0.0811237 0.022277 0.0701947
FixedParameters: 0 0 0

#Transform 96
Transform: AffineTransform_float_3_3
Parameters: 0.999999 0.000138741 -0.00144993 -0.000138259 1 0.000511201 0.00145007 -0.000510799 0.999999 -0.0969889 -0.024784 0.102274
FixedParameters: 0 0 0

#Transform 97
Transform: AffineTransform_float_3_3
Parameters: 0.999999 0.000288769 -0.00184672 -0.000287232 1 0.000957532 0.00184728 -0.000957469 0.999998 -0.0940164 -0.0721386 0.0902648
FixedParameters: 0 0 0

#Transform 98
Transform: AffineTransform_float_3_3
Parameters: 0.999999 0.000277655 -0.00144968 -0.000275344 1 0.0011424 0.00145032 -0.0011416 0.999999 -0.104255 -0.0369371 0.0764704
FixedParameters: 0 0 0

#Transform 99
Transform: AffineTransform_float_3_3
Parameters: 0.999999 0.000140288 -0.00185083 -0.000137712 0.999999 0.00123626 0.00185117 -0.00123574 0.999998 -0.102385 -0.00771625 0.0820852
FixedParameters: 0 0 0

#Transform 100
Transform: AffineTransform_float_3_3
Parameters: 0.999999 0.000204799 -0.0018508 -0.000202202 0.999999 0.000971375 0.0018512 -0.000971622 0.999998 -0.103701 0.0248495 0.071256
FixedParameters: 0 0 0

#Transform 101
Transform: AffineTransform_float_3_3
Parameters: 0.999999 0.000224928 -0.00185065 -0.000221073 0.999998 0.00158141 0.00185135 -0.00158159 0.999997 -0.104142 0.0407291 0.0927524
FixedParameters: 0 0 0

#Transform 102
Transform: AffineTransform_float_3_3
Parameters: 0.999998 0.00035025 -0.00203644 -0.000346749 0.999998 0.00159671 0.00203655 -0.00159529 0.999996 -0.107229 0.0613807 0.101278
FixedParameters: 0 0 0

#Transform 103
Transform: AffineTransform_float_3_3
Parameters: 0.999998 0.000528019 -0.00194318 -0.000524979 0.999998 0.00155402 0.00194482 -0.00155298 0.999997 -0.110461 0.0513887 0.076628
FixedParameters: 0 0 0

#Transform 104
Transform: AffineTransform_float_3_3
Parameters: 0.999998 0.000484518 -0.00185034 -0.000482481 0.999999 0.0013609 0.00185166 -0.00136011 0.999998 -0.112023 0.0495146 0.0838261
FixedParameters: 0 0 0

#Transform 105
Transform: AffineTransform_float_3_3
Parameters: 0.999998 0.00049173 -0.00161147 -0.000490269 1 0.00107379 0.00161253 -0.00107321 0.999998 -0.108931 0.0715052 0.0648681
FixedParameters: 0 0 0

#Transform 106
Transform: AffineTransform_float_3_3
Parameters: 0.999997 0.000494442 -0.00209542 -0.000492557 0.999999 0.00116604 0.00209658 -0.00116497 0.999997 -0.11029 0.0456827 0.103417
FixedParameters: 0 0 0

#Transform 107
Transform: AffineTransform_float_3_3
Parameters: 0.999998 0.000658607 -0.00197713 -0.000656391 0.999999 0.0013193 0.00197887 -0.0013177 0.999997 -0.117596 -0.00599726 0.131459
FixedParameters: 0 0 0

#Transform 108
Transform: AffineTransform_float_3_3
Parameters: 0.999997 0.00025913 -0.00216151 -0.000254871 0.999998 0.00191056 0.00216149 -0.00191044 0.999996 -0.109657 -0.0408991 0.146048
FixedParameters: 0 0 0

#Transform 109
Transform: AffineTransform_float_3_3
Parameters: 0.999998 0.000258178 -0.00209661 -0.00025482 0.999999 0.00151654 0.00209739 -0.00151546 0.999996 -0.105594 -0.0418495 0.120657
FixedParameters: 0 0 0

#Transform 110
Transform: AffineTransform_float_3_3
Parameters: 0.999998 0.000316531 -0.00205446 -0.00031247 0.999998 0.00171865 0.00205454 -0.00171835 0.999997 -0.101979 -0.0148848 0.127413
FixedParameters: 0 0 0

#Transform 111
Transform: AffineTransform_float_3_3
Parameters: 0.999997 0.000258729 -0.00216156 -0.000254271 0.999999 0.00172555 0.00216144 -0.00172445 0.999996 -0.105787 0.00267173 0.117807
FixedParameters: 0 0 0

#Transform 112
Transform: AffineTransform_float_3_3
Parameters: 0.999997 0.000334303 -0.00214833 -0.000329698 0.999998 0.00200271 0.00214866 -0.00200229 0.999995 -0.107244 0.044439 0.123329
FixedParameters: 0 0 0

#Transform 113
Transform: AffineTransform_float_3_3
Parameters: 0.999998 0.000259075 -0.00223053 -0.000254923 0.999999 0.00182757 0.00223147 -0.00182643 0.999996 -0.0961497 0.0561004 0.141535
FixedParameters: 0 0 0

#Transform 114
Transform: AffineTransform_float_3_3
Parameters: 0.999998 0.000257911 -0.00223067 -0.00025509 0.999999 0.00130457 0.00223134 -0.00130443 0.999996 -0.105825 0.0924309 0.123836
FixedParameters: 0 0 0

#Transform 115
Transform: AffineTransform_float_3_3
Parameters: 0.999997 0.000258283 -0.00268069 -0.000254717 0.999999 0.00122469 0.00268131 -0.00122431 0.999995 -0.107016 0.0870237 0.139911
FixedParameters: 0 0 0

#Transform 116
Transform: AffineTransform_float_3_3
Parameters: 0.999998 0.000257117 -0.00223076 -0.000254882 1 0.000949572 0.00223124 -0.000948429 0.999997 -0.105838 0.0585108 0.130574
FixedParameters: 0 0 0

#Transform 117
Transform: AffineTransform_float_3_3
Parameters: 0.999997 0.000259149 -0.0021445 -0.000254848 0.999998 0.00193555 0.0021455 -0.00193445 0.999996 -0.105813 -0.0213682 0.168365
FixedParameters: 0 0 0

#Transform 118
Transform: AffineTransform_float_3_3
Parameters: 0.999998 0.000329704 -0.0020194 -0.000326298 0.999999 0.00183366 0.0020196 -0.00183334 0.999997 -0.106896 -0.0337372 0.165604
FixedParameters: 0 0 0

#Transform 119
Transform: AffineTransform_float_3_3
Parameters: 0.999998 0.000258625 -0.00197953 -0.000254376 0.999999 0.00183151 0.00197947 -0.00183049 0.999997 -0.121629 0.00120124 0.145523
FixedParameters: 0 0 0

#Transform 120
Transform: AffineTransform_float_3_3
Parameters: 0.999998 0.000458709 -0.00229726 -0.000455293 0.999998 0.00161405 0.00229774 -0.00161395 0.999996 -0.126374 0.0101107 0.143052
FixedParameters: 0 0 0

#Transform 121
Transform: AffineTransform_float_3_3
Parameters: 0.999997 0.000525624 -0.00214111 -0.000521375 0.999999 0.00169312 0.00214189 -0.00169188 0.999997 -0.127453 0.0418102 0.137252
FixedParameters: 0 0 0

#Transform 122
Transform: AffineTransform_float_3_3
Parameters: 0.999997 0.000444965 -0.00214118 -0.000441035 0.999998 0.00185195 0.00214182 -0.00185105 0.999996 -0.121333 0.0425817 0.14467
FixedParameters: 0 0 0

#Transform 123
Transform: AffineTransform_float_3_3
Parameters: 0.999997 0.000525391 -0.00214117 -0.000521609 0.999998 0.00158412 0.00214183 -0.00158288 0.999997 -0.122506 0.0745671 0.13919
FixedParameters: 0 0 0

#Transform 124
Transform: AffineTransform_float_3_3
Parameters: 0.999997 0.000524909 -0.00214129 -0.000522091 0.999999 0.00135912 0.00214171 -0.00135788 0.999997 -0.1103 0.0975658 0.134606
FixedParameters: 0 0 0

#Transform 125
Transform: AffineTransform_float_3_3
Parameters: 0.999998 0.000523753 -0.00222559 -0.000522247 0.999999 0.000788164 0.00222641 -0.000786836 0.999997 -0.107933 0.099225 0.140489
FixedParameters: 0 0 0

#Transform 126
Transform: AffineTransform_float_3_3
Parameters: 0.999997 0.000524881 -0.00214129 -0.000522118 0.999999 0.00134612 0.0021417 -0.00134488 0.999997 -0.110413 0.0285964 0.1705
FixedParameters: 0 0 0

#Transform 127
Transform: AffineTransform_float_3_3
Parameters: 0.999997 0.000525831 -0.00236715 -0.000522168 0.999998 0.00161924 0.00236785 -0.00161776 0.999996 -0.128547 0.000200701 0.203074
FixedParameters: 0 0 0

#Transform 128
Transform: AffineTransform_float_3_3
Parameters: 0.999997 0.000525678 -0.0021411 -0.000521322 0.999999 0.00171812 0.0021419 -0.00171688 0.999996 -0.130398 0.00586016 0.180353
FixedParameters: 0 0 0

#Transform 129
Transform: AffineTransform_float_3_3
Parameters: 0.999997 0.000526115 -0.00237209 -0.000521885 0.999999 0.00173524 0.00237291 -0.00173376 0.999995 -0.14797 0.00580017 0.161628
FixedParameters: 0 0 0

#Transform 130
Transform: AffineTransform_float_3_3
Parameters: 0.999997 0.000525085 -0.00214124 -0.000521915 0.999999 0.00144112 0.00214175 -0.00143988 0.999996 -0.14739 0.0330934 0.126398
FixedParameters: 0 0 0

#Transform 131
Transform: AffineTransform_float_3_3
Parameters: 0.999997 0.000525898 -0.00214105 -0.000522101 0.999998 0.00182112 0.00214195 -0.00181988 0.999996 -0.147406 0.0304327 0.137168
FixedParameters: 0 0 0

#Transform 132
Transform: AffineTransform_float_3_3
Parameters: 0.999997 0.000524573 -0.00214137 -0.000521427 0.999999 0.00120212 0.00214163 -0.00120088 0.999997 -0.128127 0.0777276 0.1176
FixedParameters: 0 0 0

#Transform 133
Transform: AffineTransform_float_3_3
Parameters: 0.999996 0.000523739 -0.00270666 -0.000522261 0.999999 0.000643416 0.00270634 -0.000641585 0.999996 -0.121184 0.0936965 0.112276
FixedParameters: 0 0 0

#Transform 134
Transform: AffineTransform_float_3_3
Parameters: 0.999997 0.000522142 -0.00214196 -0.000521857 1 6.71179e-05 0.00214203 -6.58817e-05 0.999997 -0.102057 0.0772997 0.100835
FixedParameters: 0 0 0

#Transform 135
Transform: AffineTransform_float_3_3
Parameters: 0.999997 0.000399844 -0.00259472 -0.000398159 0.999999 0.000710036 0.00259529 -0.000709965 0.999997 -0.08915 0.0164094 0.135111
FixedParameters: 0 0 0

#Transform 136
Transform: AffineTransform_float_3_3
Parameters: 0.999997 0.000524256 -0.00214145 -0.000521746 1 0.00105312 0.00214155 -0.00105288 0.999997 -0.0948508 0.00308661 0.144578
FixedParameters: 0 0 0

#Transform 137
Transform: AffineTransform_float_3_3
Parameters: 0.999997 0.000524371 -0.0020754 -0.000521629 0.999999 0.00114309 0.0020756 -0.00114191 0.999997 -0.104951 0.000841856 0.113247
FixedParameters: 0 0 0

#Transform 138
Transform: AffineTransform_float_3_3
Parameters: 0.999997 0.000524219 -0.00216346 -0.000521781 1 0.00102613 0.00216354 -0.00102487 0.999997 -0.110519 0.0134115 0.0941315
FixedParameters: 0 0 0

#Transform 139
Transform: AffineTransform_float_3_3
Parameters: 0.999998 0.000523758 -0.00189451 -0.000522242 1 0.000927991 0.00189548 -0.000927009 0.999998 -0.123571 0.00879173 0.0683221
FixedParameters: 0 0 0

#Transform 140
Transform: AffineTransform_float_3_3
Parameters: 0.999997 0.000523828 -0.00218356 -0.000522171 0.999999 0.000838142 0.00218344 -0.000836858 0.999998 -0.122192 0.028049 0.0692753
FixedParameters: 0 0 0

#Transform 141
Transform: AffineTransform_float_3_3
Parameters: 0.999997 0.000522231 -0.00209094 -0.000521769 1 0.000111091 0.00209106 -0.000109908 0.999998 -0.11093 0.0668186 0.0445392
FixedParameters: 0 0 0

#Transform 142
Transform: AffineTransform_float_3_3
Parameters: 0.999998 0.00027788 -0.00209202 -0.000278121 1 -5.74183e-05 0.00209198 5.75814e-05 0.999998 -0.0981867 0.0681675 0.0448933
FixedParameters: 0 0 0

#Transform 143
Transform: AffineTransform_float_3_3
Parameters: 0.999998 0.00021092 -0.00209211 -0.000212079 1 -0.000515557 0.00209289 0.000516442 0.999997 -0.0911359 0.0542736 0.0402489
FixedParameters: 0 0 0

#Transform 144
Transform: AffineTransform_float_3_3
Parameters: 0.999998 0.000331863 -0.00209186 -0.000331135 1 0.000413693 0.00209214 -0.000412306 0.999997 -0.0907096 -0.016296 0.094518
FixedParameters: 0 0 0

#Transform 145
Transform: AffineTransform_float_3_3
Parameters: 0.999997 0.000395352 -0.00209175 -0.000394647 0.999999 0.000646827 0.00209226 -0.000646174 0.999998 -0.100625 0.010965 0.105434
FixedParameters: 0 0 0

#Transform 146
Transform: AffineTransform_float_3_3
Parameters: 0.999998 0.000523742 -0.00200654 -0.000522256 0.999999 0.000869049 0.00200745 -0.00086795 0.999997 -0.10581 -0.00699344 0.0910986
FixedParameters: 0 0 0

#Transform 147
Transform: AffineTransform_float_3_3
Parameters: 0.999998 0.000523315 -0.00196165 -0.000521686 0.999999 0.000670024 0.00196235 -0.000669974 0.999998 -0.102911 0.0222228 0.0868576
FixedParameters: 0 0 0

#Transform 148
Transform: AffineTransform_float_3_3
Parameters: 0.999997 0.000523404 -0.00206664 -0.000521596 0.999999 0.000680079 0.00206635 -0.00067892 0.999997 -0.111985 0.0256586 0.0585615
FixedParameters: 0 0 0

#Transform 149
Transform: AffineTransform_float_3_3
Parameters: 0.999997 0.00052446 -0.0021584 -0.00052154 0.999999 0.00114013 0.00215859 -0.00113887 0.999997 -0.103465 0.0370904 0.0729955
FixedParameters: 0 0 0

#Transform 150
Transform: AffineTransform_float_3_3
Parameters: 0.999998 0.000287465 -0.00201693 -0.000286535 1 0.000230578 0.00201707 -0.000230421 0.999998 -0.0981937 0.0823803 0.0536933
FixedParameters: 0 0 0

#Transform 151
Transform: AffineTransform_float_3_3
Parameters: 0.999997 0.000193732 -0.00240602 -0.000194267 1 -0.000110533 0.00240598 0.000111466 0.999997 -0.0871434 0.0798999 0.0489179
FixedParameters: 0 0 0

#Transform 152
Transform: AffineTransform_float_3_3
Parameters: 0.999998 0.000281944 -0.00201715 -0.000283054 1 -0.00052243 0.00201685 0.00052357 0.999998 -0.0907299 0.0807946 0.0545105
FixedParameters: 0 0 0

#Transform 153
Transform: AffineTransform_float_3_3
Parameters: 0.999998 0.000257309 -0.00203396 -0.00025669 1 0.000152522 0.00203404 -0.000151477 0.999998 -0.0977414 0.00329198 0.0710124
FixedParameters: 0 0 0

#Transform 154
Transform: AffineTransform_float_3_3
Parameters: 0.999998 0.000379682 -0.00185886 -0.000379317 1 0.000367706 0.00185914 -0.000366295 0.999998 -0.105342 0.0116186 0.09561
FixedParameters: 0 0 0

#Transform 155
Transform: AffineTransform_float_3_3
Parameters: 0.999998 0.000523735 -0.00185851 -0.000522265 1 0.000933973 0.00185949 -0.000933028 0.999998 -0.108636 7.95125e-05 0.0749262
FixedParameters: 0 0 0

#Transform 156
Transform: AffineTransform_float_3_3
Parameters: 0.999997 0.000523717 -0.00212158 -0.000522284 0.999999 0.00080911 0.00212142 -0.000808891 0.999998 -0.117371 0.0200152 0.0781885
FixedParameters: 0 0 0

#Transform 157
Transform: AffineTransform_float_3_3
Parameters: 0.999998 0.000626461 -0.00191652 -0.00062554 0.999999 0.0007622 0.00191748 -0.0007618 0.999998 -0.129121 0.0463767 0.0642635
FixedParameters: 0 0 0

#Transform 158
Transform: AffineTransform_float_3_3
Parameters: 0.999998 0.000524082 -0.00193944 -0.000521918 1 0.00107402 0.00193956 -0.00107299 0.999998 -0.120061 0.0276649 0.0591782
FixedParameters: 0 0 0

#Transform 159
Transform: AffineTransform_float_3_3
Parameters: 0.999998 0.000522333 -0.00202691 -0.000521666 1 0.000165058 0.00202709 -0.000163942 0.999998 -0.111412 0.0674044 0.0364876
FixedParameters: 0 0 0

#Transform 160
Transform: AffineTransform_float_3_3
Parameters: 0.999997 0.000521636 -0.00231008 -0.000521364 1 -0.000156796 0.00230992 0.000158205 0.999998 -0.103667 0.0703444 0.0393545
FixedParameters: 0 0 0

#Transform 161
Transform: AffineTransform_float_3_3
Parameters: 0.999998 0.000236108 -0.0020391 -0.000236893 1 -0.000437518 0.0020399 0.000437482 0.999998 -0.0971858 0.0913353 0.0316365
FixedParameters: 0 0 0

#Transform 162
Transform: AffineTransform_float_3_3
Parameters: 0.999998 0.000522026 -0.002279 -0.000521974 1 1.21896e-05 0.00227901 -1.08103e-05 0.999998 -0.100683 -0.00216734 0.0555984
FixedParameters: 0 0 0

#Transform 163
Transform: AffineTransform_float_3_3
Parameters: 0.999997 0.000522913 -0.00217678 -0.000522086 1 0.000420137 0.00217722 -0.000418862 0.999997 -0.106811 0.00825715 0.0853748
FixedParameters: 0 0 0

#Transform 164
Transform: AffineTransform_float_3_3
Parameters: 0.999998 0.000523549 -0.00185856 -0.00052145 0.999999 0.00083397 0.00185944 -0.000833028 0.999998 -0.119993 0.0211232 0.0715672
FixedParameters: 0 0 0

#Transform 165
Transform: AffineTransform_float_3_3
Parameters: 0.999997 0.000523321 -0.00214268 -0.000521679 0.999999 0.000617119 0.00214232 -0.00061588 0.999998 -0.111437 0.0205711 0.0691145
FixedParameters: 0 0 0

#Transform 166
Transform: AffineTransform_float_3_3
Parameters: 0.999998 0.000523038 -0.00185871 -0.000521962 0.999999 0.000558971 0.00185929 -0.000558028 0.999998 -0.10254 0.0559359 0.0497973
FixedParameters: 0 0 0

#Transform 167
Transform: AffineTransform_float_3_3
Parameters: 0.999997 0.000362888 -0.00240902 -0.000363112 1 -4.61254e-05 0.00240898 4.68743e-05 0.999997 -0.100633 0.0720591 0.0452949
FixedParameters: 0 0 0

#Transform 168
Transform: AffineTransform_float_3_3
Parameters: 0.999998 0.000286788 -0.00230315 -0.000288211 1 -0.000525338 0.00230285 0.000526662 0.999997 -0.0890843 0.0967135 0.0393511
FixedParameters: 0 0 0

#Transform 169
Transform: AffineTransform_float_3_3
Parameters: 0.999997 0.000363935 -0.00243901 -0.000364065 1 -2.61121e-05 0.00243899 2.68877e-05 0.999997 -0.0905016 0.0544869 0.0829858
FixedParameters: 0 0 0

#Transform 170
Transform: AffineTransform_float_3_3
Parameters: 0.999997 0.000522709 -0.00239285 -0.00052229 1 0.000297251 0.00239316 -0.00029575 0.999997 -0.104011 0.0378693 0.104244
FixedParameters: 0 0 0

#Transform 171
Transform: AffineTransform_float_3_3
Parameters: 0.999998 0.000523768 -0.00227059 -0.000522232 0.999999 0.000779188 0.00227141 -0.000777812 0.999997 -0.103643 0.0311005 0.085911
FixedParameters: 0 0 0

#Transform 172
Transform: AffineTransform_float_3_3
Parameters: 0.999997 0.000523485 -0.00206162 -0.000521514 0.999999 0.000721076 0.00206237 -0.000719921 0.999997 -0.117038 0.0554723 0.0767531
FixedParameters: 0 0 0

#Transform 173
Transform: AffineTransform_float_3_3
Parameters: 0.999997 0.000575626 -0.00208955 -0.000574372 0.999999 0.000779202 0.00209045 -0.000777799 0.999998 -0.123301 0.04905 0.0673329
FixedParameters: 0 0 0

#Transform 174
Transform: AffineTransform_float_3_3
Parameters: 0.999998 0.0004584 -0.00227472 -0.0004566 0.999999 0.00061604 0.00227528 -0.000614959 0.999997 -0.111805 0.0555097 0.0697204
FixedParameters: 0 0 0

#Transform 175
Transform: AffineTransform_float_3_3
Parameters: 0.999997 0.000421867 -0.00238485 -0.000420133 1 0.000364003 0.00238515 -0.000362995 0.999997 -0.0890131 0.0743611 0.0393311
FixedParameters: 0 0 0

#Transform 176
Transform: AffineTransform_float_3_3
Parameters: 0.999997 0.000420349 -0.00233712 -0.000420651 1 -0.000278018 0.00233688 0.000278983 0.999997 -0.078142 0.0942019 0.0549432
FixedParameters: 0 0 0

#Transform 177
Transform: AffineTransform_float_3_3
Parameters: 0.999997 0.00041982 -0.00231122 -0.00042018 1 -0.00051003 0.00231079 0.000510972 0.999997 -0.0780672 0.0742498 0.0437508
FixedParameters: 0 0 0

#Transform 178
Transform: AffineTransform_float_3_3
Parameters: 0.999997 0.000315628 -0.00244792 -0.000315372 1 0.000256773 0.00244808 -0.000256228 0.999997 -0.0763516 0.00130541 0.0870203
FixedParameters: 0 0 0

#Transform 179
Transform: AffineTransform_float_3_3
Parameters: 0.999998 0.000421829 -0.00222485 -0.000420171 1 0.000372936 0.00222516 -0.000372062 0.999998 -0.0980957 0.0248053 0.0809453
FixedParameters: 0 0 0

#Transform 180
Transform: AffineTransform_float_3_3
Parameters: 0.999997 0.000422509 -0.00234173 -0.00042049 0.999999 0.000644986 0.00234227 -0.000644012 0.999997 -0.100506 0.0254657 0.0741914
FixedParameters: 0 0 0

#Transform 181
Transform: AffineTransform_float_3_3
Parameters: 0.999997 0.000422199 -0.00237579 -0.000420802 1 0.000505001 0.00237521 -0.000503999 0.999997 -0.103074 0.0331102 0.0714599
FixedParameters: 0 0 0

#Transform 182
Transform: AffineTransform_float_3_3
Parameters: 0.999997 0.000422547 -0.00240073 -0.000420452 0.999999 0.000645011 0.00240127 -0.000643987 0.999997 -0.106045 0.0569728 0.0536834
FixedParameters: 0 0 0

#Transform 183
Transform: AffineTransform_float_3_3
Parameters: 0.999998 0.000268037 -0.00231088 -0.000266964 1 0.000448618 0.00231012 -0.000448382 0.999997 -0.0936595 0.0587813 0.0579655
FixedParameters: 0 0 0

#Transform 184
Transform: AffineTransform_float_3_3
Parameters: 0.999997 0.000420976 -0.00231101 -0.000421024 1 -1.0027e-05 0.002311 1.09729e-05 0.999998 -0.0967557 0.0862722 0.0162832
FixedParameters: 0 0 0

#Transform 185
Transform: AffineTransform_float_3_3
Parameters: 0.999998 0.000179168 -0.00231107 -0.000179834 1 -0.000360585 0.00231094 0.000360415 0.999998 -0.0918211 0.086873 0.0316524
FixedParameters: 0 0 0

#Transform 186
Transform: AffineTransform_float_3_3
Parameters: 0.999997 0.000267965 -0.00243311 -0.000269036 1 -0.000425347 0.00243389 0.000425653 0.999997 -0.0894092 0.059341 0.0301169
FixedParameters: 0 0 0

#Transform 187
Transform: AffineTransform_float_3_3
Parameters: 0.999996 0.000420998 -0.002585 -0.000421001 1 8.82879e-08 0.002585 1.08828e-06 0.999996 -0.0888221 0.00896036 0.0866494
FixedParameters: 0 0 0

#Transform 188
Transform: AffineTransform_float_3_3
Parameters: 0.999997 0.000421695 -0.00236888 -0.000420305 1 0.000293997 0.00236912 -0.000293002 0.999997 -0.0970553 0.00970344 0.0756169
FixedParameters: 0 0 0

#Transform 189
Transform: AffineTransform_float_3_3
Parameters: 0.999997 0.000421843 -0.00243385 -0.000420156 1 0.000347024 0.00243415 -0.000345974 0.999997 -0.0972319 0.00987212 0.0756415
FixedParameters: 0 0 0

#Transform 190
Transform: AffineTransform_float_3_3
