# transform file /out/sourcedata/freesurfer/sub-v2s11x28679_ses-1/mri/transforms/cc_up.lta
# created by oesteban on Tue Mar 10 16:45:04 2026

type      = 0 # LINEAR_VOX_TO_VOX
nxforms   = 1
mean      = 160.0000 158.0000 155.0000
sigma     = 10000.0000
1 4 4
9.991135001182556e-01 2.035977505147457e-02 -3.685148805379868e-02 -3.036951065063477e+01 
-2.034594118595123e-02 9.997928738594055e-01 7.504434324800968e-04 -1.178425312042236e+01 
3.685912489891052e-02 0.000000000000000e+00 9.993206262588501e-01 -1.786722946166992e+01 
0.000000000000000e+00 0.000000000000000e+00 0.000000000000000e+00 1.000000000000000e+00 
src volume info
valid = 1  # volume info valid
filename = /out/sourcedata/freesurfer/sub-v2s11x28679_ses-1/mri/norm.mgz
volume = 320 320 320
voxelsize = 7.999999523162842e-01 7.999999523162842e-01 7.999999523162842e-01
xras   = -9.999999403953552e-01 0.000000000000000e+00 0.000000000000000e+00
yras   = 0.000000000000000e+00 0.000000000000000e+00 -9.999999403953552e-01
zras   = 0.000000000000000e+00 9.999999403953552e-01 0.000000000000000e+00
cras   = 3.316856384277344e+00 -9.683250427246094e+00 9.810127258300781e+00
dst volume info
valid = 1  # volume info valid
filename = /out/sourcedata/freesurfer/sub-v2s11x28679_ses-1/mri/norm.mgz
volume = 320 320 320
voxelsize = 7.999999523162842e-01 7.999999523162842e-01 7.999999523162842e-01
xras   = -9.999999403953552e-01 0.000000000000000e+00 0.000000000000000e+00
yras   = 0.000000000000000e+00 0.000000000000000e+00 -9.999999403953552e-01
zras   = 0.000000000000000e+00 9.999999403953552e-01 0.000000000000000e+00
cras   = 3.316856384277344e+00 -9.683250427246094e+00 9.810127258300781e+00
