# transform file /out/sourcedata/freesurfer/sub-v2s11x28698_ses-1/mri/transforms/cc_up.lta
# created by oesteban on Tue Mar 10 22:16:37 2026

type      = 0 # LINEAR_VOX_TO_VOX
nxforms   = 1
mean      = 160.0000 157.0000 149.0000
sigma     = 10000.0000
1 4 4
9.999151825904846e-01 -1.281291712075472e-02 -2.379925688728690e-03 -2.877741622924805e+01 
1.281288079917431e-02 9.999179840087891e-01 -3.049629049201030e-05 -2.303398513793945e+01 
2.380121033638716e-03 0.000000000000000e+00 9.999972581863403e-01 1.619535446166992e+00 
0.000000000000000e+00 0.000000000000000e+00 0.000000000000000e+00 1.000000000000000e+00 
src volume info
valid = 1  # volume info valid
filename = /out/sourcedata/freesurfer/sub-v2s11x28698_ses-1/mri/norm.mgz
volume = 320 320 320
voxelsize = 7.999999523162842e-01 7.999999523162842e-01 7.999999523162842e-01
xras   = -9.999999403953552e-01 0.000000000000000e+00 0.000000000000000e+00
yras   = 0.000000000000000e+00 0.000000000000000e+00 -9.999999403953552e-01
zras   = 0.000000000000000e+00 9.999999403953552e-01 0.000000000000000e+00
cras   = 2.711547851562500e+00 -2.419334411621094e+00 3.934562683105469e+00
dst volume info
valid = 1  # volume info valid
filename = /out/sourcedata/freesurfer/sub-v2s11x28698_ses-1/mri/norm.mgz
volume = 320 320 320
voxelsize = 7.999999523162842e-01 7.999999523162842e-01 7.999999523162842e-01
xras   = -9.999999403953552e-01 0.000000000000000e+00 0.000000000000000e+00
yras   = 0.000000000000000e+00 0.000000000000000e+00 -9.999999403953552e-01
zras   = 0.000000000000000e+00 9.999999403953552e-01 0.000000000000000e+00
cras   = 2.711547851562500e+00 -2.419334411621094e+00 3.934562683105469e+00
