#Insight Transform File V1.0
#Transform 0
Transform: AffineTransform_float_3_3
Parameters: 1 0.000657998 -1.35087e-06 -0.000658 0.999997 -0.002053 -3.50876e-07 0.002053 0.999998 -0.00777532 0.0806254 0.00842777
FixedParameters: 0 0 0

#Transform 1
Transform: AffineTransform_float_3_3
Parameters: 0.999998 0.00107156 -0.0011874 -0.00107144 1 -0.000370728 0.0011866 0.000372272 0.999999 -0.016651 0.0110731 0.00509905
FixedParameters: 0 0 0

#Transform 2
Transform: AffineTransform_float_3_3
Parameters: 0.999999 0.00111478 -0.00104054 -0.00111922 0.999991 -0.00406284 0.00103646 0.00406416 0.999991 -0.013405 0.0356816 0.0754142
FixedParameters: 0 0 0

#Transform 3
Transform: AffineTransform_float_3_3
Parameters: 0.999999 0.000816797 -7.91263e-05 -0.000817203 0.999997 -0.00260294 7.6873e-05 0.00260306 0.999996 0.00782639 0.089626 0.00497536
FixedParameters: 0 0 0

#Transform 4
Transform: AffineTransform_float_3_3
Parameters: 1 0.000733123 -0.000962199 -0.000735877 0.999995 -0.0029933 0.000959801 0.00299471 0.999995 0.00588954 0.121366 -0.0292973
FixedParameters: 0 0 0

#Transform 5
Transform: AffineTransform_float_3_3
Parameters: 0.999999 9.49798e-05 -0.0010111 -9.602e-05 1 -0.0010089 0.0010109 0.0010091 0.999999 0.0477877 0.132676 -0.0458182
FixedParameters: 0 0 0

#Transform 6
Transform: AffineTransform_float_3_3
Parameters: 0.999997 9.49121e-05 -0.00215805 -9.60874e-05 1 -0.000503794 0.00215795 0.000504206 0.999997 0.00170801 0.179991 -0.136145
FixedParameters: 0 0 0

#Transform 7
Transform: AffineTransform_float_3_3
Parameters: 0.999998 0.000731786 -0.00155205 -0.000733214 0.999998 -0.00142686 0.00155095 0.00142714 0.999998 0.0532566 0.105835 -0.223615
FixedParameters: 0 0 0

#Transform 8
Transform: AffineTransform_float_3_3
Parameters: 0.999998 0.000804721 -0.00213961 -0.000808279 0.999997 -0.00200027 0.00213739 0.00200172 0.999995 0.0400909 0.091039 -0.305556
FixedParameters: 0 0 0

#Transform 9
Transform: AffineTransform_float_3_3
Parameters: 0.999997 0.000468169 -0.00231278 -0.000472829 0.999998 -0.00165591 0.00231122 0.00165709 0.999996 0.00847568 -0.0284592 -0.21884
FixedParameters: 0 0 0

#Transform 10
Transform: AffineTransform_float_3_3
Parameters: 0.999999 0.000262061 -0.00175129 -0.000263939 1 -0.00110654 0.00175171 0.00110746 0.999998 0.00791454 -0.0050864 -0.168507
FixedParameters: 0 0 0

#Transform 11
Transform: AffineTransform_float_3_3
Parameters: 0.999999 1.44299e-06 -0.001557 -2.557e-06 0.999999 -0.000999997 0.001557 0.001 0.999999 0.0114198 -0.00584887 -0.0862171
FixedParameters: 0 0 0

#Transform 12
Transform: AffineTransform_float_3_3
Parameters: 0.999999 5.51678e-05 -0.000788059 -5.5832e-05 0.999999 -0.00105596 0.000787941 0.00105604 0.999999 -0.00533193 0.0683491 -0.0729002
FixedParameters: 0 0 0

#Transform 13
Transform: AffineTransform_float_3_3
Parameters: 1 -0.000137197 -0.000574953 0.000136803 1 -0.000342079 0.000575047 0.000341921 1 0.0163436 0.122307 -0.0432863
FixedParameters: 0 0 0

#Transform 14
Transform: AffineTransform_float_3_3
Parameters: 1 -0.000137149 -0.000574964 0.000136851 1 -0.000259079 0.000575035 0.000258921 1 0.0163434 0.159925 -0.0293471
FixedParameters: 0 0 0

#Transform 15
Transform: AffineTransform_float_3_3
Parameters: 1 -0.000137103 -0.00035596 0.000136897 1 -0.000289049 0.00035504 0.000288951 1 0.0170468 0.189515 -0.0307487
FixedParameters: 0 0 0

#Transform 16
Transform: AffineTransform_float_3_3
Parameters: 1 -0.000136906 -0.000575022 0.000137094 1 0.000163921 0.000574977 -0.000164079 1 0.0163164 0.148535 -0.00221424
FixedParameters: 0 0 0

#Transform 17
Transform: AffineTransform_float_3_3
Parameters: 1 -0.000137002 -3.99944e-05 0.000136998 1 -4.10055e-05 3.90056e-05 4.09947e-05 1 0.0180974 0.147839 -0.0195747
FixedParameters: 0 0 0

#Transform 18
Transform: AffineTransform_float_3_3
Parameters: 1 -0.000137073 -0.000286965 0.000136927 1 -0.000255039 0.000287035 0.000254961 1 0.0173206 0.102687 -0.0426529
FixedParameters: 0 0 0

#Transform 19
Transform: AffineTransform_float_3_3
Parameters: 1 0.00026344 0.00050929 -0.000263561 1 0.00109987 -0.00050971 -0.00110014 1 0.00184754 0.0460665 0.0206851
FixedParameters: 0 0 0

#Transform 20
Transform: AffineTransform_float_3_3
Parameters: 1 -0.000137144 0.00066297 0.000136856 1 0.000217091 -0.00066203 -0.000217909 1 0.00459973 -0.0103289 0.00561871
FixedParameters: 0 0 0

#Transform 21
Transform: AffineTransform_float_3_3
Parameters: 1 -0.00013701 0.000112988 0.00013699 1 9.10155e-05 -0.000113012 -9.09845e-05 1 0.0187037 -0.0434005 -0.0172078
FixedParameters: 0 0 0

#Transform 22
Transform: AffineTransform_float_3_3
Parameters: 1 -5.6994e-05 0.000113003 5.7006e-05 1 -5.29936e-05 -0.000112997 5.30064e-05 1 0.0177395 0.0273085 -0.0281756
FixedParameters: 0 0 0

#Transform 23
Transform: AffineTransform_float_3_3
Parameters: 1 -0.000136978 0.000113027 0.000137022 1 -0.000197985 -0.000112973 0.000198015 1 0.0186912 0.036402 -0.030298
FixedParameters: 0 0 0

#Transform 24
Transform: AffineTransform_float_3_3
Parameters: 1 -0.000137006 -0.000107992 0.000136994 1 -5.90148e-05 0.000108008 5.89852e-05 1 0.0179749 0.116188 -0.0607776
FixedParameters: 0 0 0

#Transform 25
Transform: AffineTransform_float_3_3
Parameters: 1 -0.000137087 -0.00023795 0.000136913 1 -0.000367033 0.00023805 0.000366967 1 0.0174869 0.121642 -0.0641577
FixedParameters: 0 0 0

#Transform 26
Transform: AffineTransform_float_3_3
Parameters: 1 -0.000208128 -0.000249894 0.000207872 1 -0.000511052 0.000250106 0.000510948 1 0.0183172 0.182949 -0.0658548
FixedParameters: 0 0 0

#Transform 27
Transform: AffineTransform_float_3_3
Parameters: 1 -0.000269089 -0.000373936 0.000268911 1 -0.000239101 0.000373064 0.0002389 1 0.0225957 0.128997 -0.0495253
FixedParameters: 0 0 0

#Transform 28
Transform: AffineTransform_float_3_3
Parameters: 0.999999 -0.000136929 -0.000801012 0.00013707 1 8.78902e-05 0.000800987 -8.81097e-05 0.999999 0.0155343 0.0832999 -0.0522767
FixedParameters: 0 0 0

#Transform 29
Transform: AffineTransform_float_3_3
Parameters: 1 -0.000137354 -0.00103495 0.000136646 1 -0.000342142 0.00103505 0.000341858 1 0.0040028 0.0947486 -0.079059
FixedParameters: 0 0 0

#Transform 30
Transform: AffineTransform_float_3_3
Parameters: 1 -0.000188022 -0.001101 0.000187978 1 -2.0207e-05 0.001101 1.9793e-05 1 0.0151964 0.0486954 -0.0658727
FixedParameters: 0 0 0

#Transform 31
Transform: AffineTransform_float_3_3
Parameters: 1 -0.000137493 -0.00111094 0.000136507 1 -0.000444152 0.00111106 0.000443848 1 0.0146381 0.0944136 -0.0935576
FixedParameters: 0 0 0

#Transform 32
Transform: AffineTransform_float_3_3
Parameters: 1 -0.000208194 -0.00112978 0.000206805 0.999999 -0.00105723 0.00113022 0.00105676 0.999999 0.0129841 0.0680904 -0.105866
FixedParameters: 0 0 0

#Transform 33
Transform: AffineTransform_float_3_3
Parameters: 1 -0.000138377 -0.00108282 0.000136624 0.999999 -0.00127215 0.00108217 0.00127185 0.999998 0.0147444 0.115808 -0.132118
FixedParameters: 0 0 0

#Transform 34
Transform: AffineTransform_float_3_3
Parameters: 1 -0.000138462 -0.00110882 0.000136538 0.999999 -0.00131815 0.00110918 0.00131785 0.999998 -0.00618688 0.0922217 -0.12771
FixedParameters: 0 0 0

#Transform 35
Transform: AffineTransform_float_3_3
Parameters: 1 9.62509e-06 -0.00114101 -1.13749e-05 1 -0.00120499 0.00114099 0.00120501 0.999998 -0.0102027 0.0379809 -0.12642
FixedParameters: 0 0 0

#Transform 36
Transform: AffineTransform_float_3_3
Parameters: 1 -0.000137968 -0.00113088 0.000137033 0.999999 -0.000855155 0.00113112 0.000855844 0.999999 -0.00729326 0.0785249 -0.122207
FixedParameters: 0 0 0

#Transform 37
Transform: AffineTransform_float_3_3
Parameters: 1 0.000125826 -0.00118713 -0.000127174 0.999999 -0.000988849 0.00118687 0.000989149 0.999999 0.000270872 0.0776651 -0.103935
FixedParameters: 0 0 0

#Transform 38
Transform: AffineTransform_float_3_3
Parameters: 1 -0.000138011 -0.00116588 0.000136989 0.999999 -0.00086716 0.00116612 0.000866839 0.999999 0.0144971 0.103209 -0.10658
FixedParameters: 0 0 0

#Transform 39
Transform: AffineTransform_float_3_3
Parameters: 0.999999 -0.000139069 -0.00150481 0.00013693 0.999999 -0.00137521 0.00150519 0.00137479 0.999998 0.0313858 0.0714308 -0.0926618
FixedParameters: 0 0 0

#Transform 40
Transform: AffineTransform_float_3_3
Parameters: 1 -0.000138734 -0.0011948 0.000137267 0.999999 -0.00145117 0.0011942 0.00145084 0.999998 0.0259194 0.0886535 -0.125249
FixedParameters: 0 0 0

#Transform 41
Transform: AffineTransform_float_3_3
Parameters: 1 -0.000138912 -0.00120478 0.000137089 0.999998 -0.00158717 0.00120422 0.00158683 0.999998 0.0324147 0.114166 -0.116046
FixedParameters: 0 0 0

#Transform 42
Transform: AffineTransform_float_3_3
Parameters: 1 -0.000138423 -0.00110382 0.000136578 0.999999 -0.00128915 0.00110318 0.00128885 0.999998 0.0327924 0.120387 -0.144473
FixedParameters: 0 0 0

#Transform 43
Transform: AffineTransform_float_3_3
Parameters: 1 -0.0001383 -0.00110384 0.000136701 1 -0.00117815 0.00110316 0.00117785 0.999998 0.0175222 0.0296558 -0.121288
FixedParameters: 0 0 0

#Transform 44
Transform: AffineTransform_float_3_3
Parameters: 1 -0.000137883 -0.00110389 0.000137117 0.999999 -0.000800152 0.00110311 0.000799848 0.999999 0.0158056 0.0479023 -0.119417
FixedParameters: 0 0 0

#Transform 45
Transform: AffineTransform_float_3_3
Parameters: 1 -0.000137598 -0.00110393 0.000137402 1 -0.000542152 0.00110308 0.000541849 0.999999 0.0127463 0.0318902 -0.112631
FixedParameters: 0 0 0

#Transform 46
Transform: AffineTransform_float_3_3
Parameters: 1 -0.000236821 -0.00110382 0.00023518 0.999999 -0.00074326 0.00110318 0.000743739 0.999999 0.0148817 0.0577926 -0.104092
FixedParameters: 0 0 0

#Transform 47
Transform: AffineTransform_float_3_3
Parameters: 0.999999 -0.000139279 -0.00148679 0.00013672 0.999999 -0.0015332 0.00148721 0.00153279 0.999997 0.00691537 0.101694 -0.122094
FixedParameters: 0 0 0

#Transform 48
Transform: AffineTransform_float_3_3
Parameters: 0.999998 -0.000562012 -0.00196586 0.000557987 0.999998 -0.0020411 0.00196714 0.0020399 0.999996 0.0349644 0.121645 -0.136006
FixedParameters: 0 0 0

#Transform 49
Transform: AffineTransform_float_3_3
Parameters: 0.999999 -0.000562056 -0.00178073 0.000557944 0.999998 -0.002277 0.00178227 0.002276 0.999996 0.0218846 0.124903 -0.151253
FixedParameters: 0 0 0

#Transform 50
Transform: AffineTransform_float_3_3
Parameters: 0.999997 -0.000397748 -0.00212693 0.000392253 0.999997 -0.00270184 0.00212807 0.00270116 0.999994 0.00460662 0.0384794 -0.141114
FixedParameters: 0 0 0

#Transform 51
Transform: AffineTransform_float_3_3
Parameters: 0.999998 -0.000564515 -0.00202419 0.000557484 0.999994 -0.00321813 0.0020258 0.00321686 0.999993 0.00941501 0.0418757 -0.128776
FixedParameters: 0 0 0

#Transform 52
Transform: AffineTransform_float_3_3
Parameters: 0.999998 -0.000240188 -0.00202728 0.000233809 0.999996 -0.00305248 0.00202872 0.00305152 0.999994 0.00819088 0.0211035 -0.114408
FixedParameters: 0 0 0

#Transform 53
Transform: AffineTransform_float_3_3
Parameters: 0.999998 -0.000342643 -0.001573 0.000338356 0.999995 -0.00295154 0.00157401 0.00295046 0.999995 0.01253 0.0423747 -0.115368
FixedParameters: 0 0 0

#Transform 54
Transform: AffineTransform_float_3_3
Parameters: 0.999998 -5.52438e-05 -0.00163786 5.07556e-05 0.999996 -0.00259109 0.00163814 0.00259091 0.999996 0.0298807 0.0796906 -0.107118
FixedParameters: 0 0 0

#Transform 55
Transform: AffineTransform_float_3_3
Parameters: 0.999999 -1.71027e-05 -0.00153095 1.18971e-05 0.999995 -0.00333302 0.00153105 0.00333298 0.999994 0.0299036 0.100861 -0.139396
FixedParameters: 0 0 0

#Transform 56
Transform: AffineTransform_float_3_3
Parameters: 0.999999 -5.3697e-05 -0.00177084 4.83023e-05 0.999995 -0.00321709 0.00177117 0.00321691 0.999994 0.0199232 0.0409415 -0.125975
FixedParameters: 0 0 0

#Transform 57
Transform: AffineTransform_float_3_3
Parameters: 0.999999 -0.000263173 -0.00153329 0.000258827 0.999997 -0.0027214 0.00153371 0.0027206 0.999995 0.0101322 0.0349359 -0.120377
FixedParameters: 0 0 0

#Transform 58
Transform: AffineTransform_float_3_3
Parameters: 0.999999 -0.000213331 -0.00177549 0.00020867 0.999997 -0.00243938 0.00177552 0.00243863 0.999996 0.00333608 0.0177526 -0.103239
FixedParameters: 0 0 0

#Transform 59
Transform: AffineTransform_float_3_3
Parameters: 0.999998 -0.000287611 -0.00164337 0.000283389 0.999997 -0.00219747 0.00164363 0.00219653 0.999996 0.00664613 0.0631695 -0.0990098
FixedParameters: 0 0 0

#Transform 60
Transform: AffineTransform_float_3_3
Parameters: 0.999998 -0.000265964 -0.00161952 0.000263038 0.999999 -0.00182943 0.00161948 0.00182957 0.999997 0.00502703 0.0642279 -0.0751772
FixedParameters: 0 0 0

#Transform 61
Transform: AffineTransform_float_3_3
Parameters: 0.999999 -0.000170316 -0.00133158 0.000166684 0.999997 -0.00248922 0.00133242 0.00248978 0.999996 0.0053485 0.095445 -0.101544
FixedParameters: 0 0 0

#Transform 62
Transform: AffineTransform_float_3_3
Parameters: 0.999998 -0.000289245 -0.00157741 0.000285757 0.999998 -0.00205645 0.00157759 0.00205655 0.999996 0.00675485 0.136476 -0.0910205
FixedParameters: 0 0 0

#Transform 63
Transform: AffineTransform_float_3_3
Parameters: 0.999998 -0.000192824 -0.00198235 0.000186176 0.999994 -0.00344238 0.00198265 0.00344163 0.999992 -0.0212251 0.109407 -0.136263
FixedParameters: 0 0 0

#Transform 64
Transform: AffineTransform_float_3_3
Parameters: 0.999998 -0.000251251 -0.00209526 0.000244749 0.999995 -0.00298352 0.00209574 0.00298248 0.999994 -0.0115145 0.0314766 -0.104531
FixedParameters: 0 0 0

#Transform 65
Transform: AffineTransform_float_3_3
Parameters: 0.999998 -0.000344137 -0.00205214 0.000338864 0.999997 -0.0025027 0.00205285 0.0025023 0.999995 -0.0102367 0.0331952 -0.0995351
FixedParameters: 0 0 0

#Transform 66
Transform: AffineTransform_float_3_3
Parameters: 0.999997 -0.000373995 -0.00212813 0.000369006 0.999997 -0.00234679 0.00212887 0.00234621 0.999995 -0.00812289 0.0337172 -0.0914593
FixedParameters: 0 0 0

#Transform 67
Transform: AffineTransform_float_3_3
Parameters: 0.999997 -0.000281216 -0.00213245 0.000277784 0.999998 -0.0019776 0.00213255 0.0019764 0.999996 0.00163231 0.0632172 -0.101812
FixedParameters: 0 0 0

#Transform 68
Transform: AffineTransform_float_3_3
Parameters: 0.999998 -0.000418243 -0.00189907 0.000413758 0.999998 -0.00223379 0.00189993 0.00223321 0.999995 -0.00882581 0.058266 -0.0997136
FixedParameters: 0 0 0

#Transform 69
Transform: AffineTransform_float_3_3
Parameters: 0.999999 -0.000241664 -0.00181739 0.000237336 0.999996 -0.00256543 0.00181862 0.00256556 0.999995 -0.00216468 0.14133 -0.115451
FixedParameters: 0 0 0

#Transform 70
Transform: AffineTransform_float_3_3
Parameters: 0.999999 -0.000254084 -0.00169024 0.000248919 0.999996 -0.00300643 0.00169076 0.00300658 0.999994 0.00607994 0.0896913 -0.134172
FixedParameters: 0 0 0

#Transform 71
Transform: AffineTransform_float_3_3
Parameters: 0.999999 -0.000283169 -0.00175533 0.000278828 0.999997 -0.00237549 0.00175667 0.00237451 0.999995 -0.00988843 0.083446 -0.115849
FixedParameters: 0 0 0

#Transform 72
Transform: AffineTransform_float_3_3
Parameters: 0.999998 -0.000562564 -0.0019587 0.000557435 0.999997 -0.0023301 0.0019603 0.0023289 0.999996 -0.0072182 0.0209932 -0.11508
FixedParameters: 0 0 0

#Transform 73
Transform: AffineTransform_float_3_3
Parameters: 0.999998 -0.000562258 -0.00184871 0.000557744 0.999997 -0.00230304 0.00184929 0.00230196 0.999995 -0.0138539 0.0554774 -0.103747
FixedParameters: 0 0 0

#Transform 74
Transform: AffineTransform_float_3_3
Parameters: 0.999998 -0.000437522 -0.00192798 0.000433479 0.999997 -0.00234484 0.00192902 0.00234416 0.999996 -0.00866755 0.0325542 -0.106354
FixedParameters: 0 0 0

#Transform 75
Transform: AffineTransform_float_3_3
Parameters: 0.999999 -0.000320073 -0.00177227 0.000315927 0.999998 -0.00229856 0.00177273 0.00229744 0.999996 -0.0172258 0.070283 -0.097033
FixedParameters: 0 0 0

#Transform 76
Transform: AffineTransform_float_3_3
Parameters: 0.999998 -0.0003574 -0.00191018 0.000353602 0.999998 -0.00230268 0.00191082 0.00230232 0.999995 -0.00956292 0.0995726 -0.114907
FixedParameters: 0 0 0

#Transform 77
Transform: AffineTransform_float_3_3
Parameters: 0.999998 -8.72277e-05 -0.00160378 8.37714e-05 0.999996 -0.00263614 0.00160423 0.00263586 0.999995 -0.0118139 0.100973 -0.136531
FixedParameters: 0 0 0

#Transform 78
Transform: AffineTransform_float_3_3
Parameters: 0.999999 -0.00024348 -0.0017954 0.00023952 0.999997 -0.00249543 0.0017956 0.00249457 0.999996 -0.0175106 0.069289 -0.140764
FixedParameters: 0 0 0

#Transform 79
Transform: AffineTransform_float_3_3
Parameters: 0.999999 -0.000251184 -0.00172554 0.000247815 0.999999 -0.00184543 0.00172646 0.00184457 0.999997 -0.0230258 0.0503101 -0.109724
FixedParameters: 0 0 0

#Transform 80
Transform: AffineTransform_float_3_3
Parameters: 0.999998 -0.00041154 -0.00187601 0.00040646 0.999997 -0.00241977 0.00187699 0.00241923 0.999996 -0.00874352 0.060836 -0.0999118
FixedParameters: 0 0 0

#Transform 81
Transform: AffineTransform_float_3_3
Parameters: 0.999998 -0.000256287 -0.00194044 0.000252711 0.999998 -0.0022095 0.00194156 0.00220851 0.999995 -0.0315373 0.0533087 -0.0773554
FixedParameters: 0 0 0

#Transform 82
Transform: AffineTransform_float_3_3
Parameters: 0.999999 -0.000320747 -0.00181517 0.000316254 0.999996 -0.00261458 0.00181583 0.00261442 0.999995 -0.017395 0.0872474 -0.108429
FixedParameters: 0 0 0

#Transform 83
Transform: AffineTransform_float_3_3
Parameters: 0.999999 -0.000181065 -0.0018185 0.000175938 0.999996 -0.00278433 0.0018185 0.00278468 0.999995 -0.00319532 0.10715 -0.145379
FixedParameters: 0 0 0

#Transform 84
Transform: AffineTransform_float_3_3
Parameters: 0.999997 -0.000384595 -0.00208998 0.000378403 0.999997 -0.0026778 0.00209102 0.0026762 0.999994 -0.00719731 0.135235 -0.184353
FixedParameters: 0 0 0

#Transform 85
Transform: AffineTransform_float_3_3
Parameters: 0.999997 2.76051e-05 -0.0023461 -3.43944e-05 0.999995 -0.00315193 0.0023459 0.00315207 0.999993 -0.0373181 0.11777 -0.221776
FixedParameters: 0 0 0

#Transform 86
Transform: AffineTransform_float_3_3
Parameters: 0.999996 -0.000271821 -0.002897 0.000261177 0.999993 -0.00373577 0.00289799 0.00373423 0.999989 -0.0568624 0.0838887 -0.246258
FixedParameters: 0 0 0

#Transform 87
Transform: AffineTransform_float_3_3
Parameters: 0.999996 -0.000566684 -0.0025681 0.000557317 0.999994 -0.00338044 0.0025699 0.00337956 0.999991 -0.0679731 0.0419205 -0.217422
FixedParameters: 0 0 0

#Transform 88
Transform: AffineTransform_float_3_3
Parameters: 0.999996 -0.000567093 -0.00280117 0.000557908 0.999994 -0.00324557 0.00280282 0.00324442 0.999991 -0.0748929 0.0424404 -0.205224
FixedParameters: 0 0 0

#Transform 89
Transform: AffineTransform_float_3_3
Parameters: 0.999997 -0.000684652 -0.00229873 0.000677348 0.999994 -0.00332757 0.00230127 0.00332643 0.999992 -0.0469656 0.0846653 -0.162314
FixedParameters: 0 0 0

#Transform 90
Transform: AffineTransform_float_3_3
Parameters: 0.999997 -0.000565357 -0.00238427 0.000557643 0.999995 -0.00308534 0.00238573 0.00308366 0.999993 -0.0493737 0.0942555 -0.151403
FixedParameters: 0 0 0

#Transform 91
Transform: AffineTransform_float_3_3
Parameters: 0.999998 -0.000563067 -0.00187348 0.000557932 0.999996 -0.00270405 0.00187551 0.00270295 0.999994 -0.0305004 0.0992121 -0.128993
FixedParameters: 0 0 0

#Transform 92
Transform: AffineTransform_float_3_3
Parameters: 0.999998 -0.000564457 -0.0019101 0.000557544 0.999994 -0.00337907 0.0019119 0.00337793 0.999993 -0.0157515 0.13661 -0.163178
FixedParameters: 0 0 0

#Transform 93
Transform: AffineTransform_float_3_3
Parameters: 0.999998 -0.000391651 -0.0019805 0.000384346 0.999993 -0.00386277 0.0019825 0.00386123 0.99999 -0.0142595 0.100137 -0.178492
FixedParameters: 0 0 0

#Transform 94
Transform: AffineTransform_float_3_3
Parameters: 0.999998 -0.000417498 -0.00205649 0.000410501 0.999994 -0.00364485 0.00205851 0.00364415 0.999991 -0.0176915 0.125199 -0.190432
FixedParameters: 0 0 0

#Transform 95
Transform: AffineTransform_float_3_3
Parameters: 0.999998 -0.000564533 -0.00198015 0.00055747 0.999995 -0.00329711 0.00198185 0.00329689 0.999992 -0.0322094 0.0334464 -0.166604
FixedParameters: 0 0 0

#Transform 96
Transform: AffineTransform_float_3_3
Parameters: 0.999998 -0.00056439 -0.00198019 0.000557612 0.999994 -0.00322511 0.00198181 0.00322489 0.999993 -0.0354884 0.0516741 -0.165683
FixedParameters: 0 0 0

#Transform 97
Transform: AffineTransform_float_3_3
Parameters: 0.999997 -0.000744476 -0.00231661 0.000736525 0.999995 -0.00322572 0.00231939 0.00322428 0.999992 -0.0353087 0.031381 -0.16506
FixedParameters: 0 0 0

#Transform 98
Transform: AffineTransform_float_3_3
Parameters: 0.999997 -0.000815387 -0.00197938 0.00080861 0.999994 -0.00322561 0.00198262 0.00322439 0.999993 -0.0266195 0.0590958 -0.16549
FixedParameters: 0 0 0

#Transform 99
Transform: AffineTransform_float_3_3
Parameters: 0.999998 -0.00056439 -0.00198019 0.000557612 0.999994 -0.00322511 0.00198181 0.00322489 0.999993 -0.012172 0.102677 -0.172169
FixedParameters: 0 0 0

#Transform 100
Transform: AffineTransform_float_3_3
Parameters: 0.999997 -0.000565717 -0.00205489 0.000557282 0.999993 -0.00375415 0.00205711 0.00375284 0.999991 -0.0123964 0.126508 -0.208549
FixedParameters: 0 0 0

#Transform 101
Transform: AffineTransform_float_3_3
Parameters: 0.999997 -0.000565814 -0.00208089 0.000557185 0.999993 -0.00375417 0.0020831 0.00375283 0.999991 -0.0124838 0.0939097 -0.193179
FixedParameters: 0 0 0

#Transform 102
Transform: AffineTransform_float_3_3
Parameters: 0.999997 -0.000564858 -0.00209216 0.000557141 0.999995 -0.00327618 0.00209484 0.00327583 0.999993 -0.0125541 0.0953572 -0.170607
FixedParameters: 0 0 0

#Transform 103
Transform: AffineTransform_float_3_3
Parameters: 0.999998 -0.000513593 -0.0022713 0.000506405 0.999995 -0.00334216 0.00227371 0.00334084 0.999992 -0.0325093 0.0950863 -0.16639
FixedParameters: 0 0 0

#Transform 104
Transform: AffineTransform_float_3_3
Parameters: 0.999998 -0.000705525 -0.00215855 0.000697472 0.999993 -0.00348551 0.00216144 0.00348348 0.999991 -0.0275285 0.094961 -0.180487
FixedParameters: 0 0 0

#Transform 105
Transform: AffineTransform_float_3_3
Parameters: 0.999998 -0.000565471 -0.0022031 0.00055753 0.999994 -0.00339024 0.0022049 0.00338876 0.999992 -0.0263801 0.078143 -0.176373
FixedParameters: 0 0 0

#Transform 106
Transform: AffineTransform_float_3_3
Parameters: 0.999998 -0.00056591 -0.00197976 0.000557088 0.999992 -0.00399411 0.00198224 0.00399289 0.99999 -0.0121056 0.122099 -0.213648
FixedParameters: 0 0 0

#Transform 107
Transform: AffineTransform_float_3_3
Parameters: 0.999997 -0.000568273 -0.00244464 0.000557731 0.999991 -0.00420038 0.00244636 0.00419962 0.999988 -0.0136288 0.0988498 -0.224338
FixedParameters: 0 0 0

#Transform 108
Transform: AffineTransform_float_3_3
Parameters: 0.999998 -0.000566735 -0.00212369 0.000557265 0.999992 -0.0041112 0.00212631 0.00410981 0.99999 -0.0209396 0.0524828 -0.219724
FixedParameters: 0 0 0

#Transform 109
Transform: AffineTransform_float_3_3
Parameters: 0.999997 -0.000566585 -0.00228689 0.000557414 0.999993 -0.00375329 0.00228911 0.00375171 0.999991 -0.0233119 0.0439605 -0.183167
FixedParameters: 0 0 0

#Transform 110
Transform: AffineTransform_float_3_3
Parameters: 0.999998 -0.000567002 -0.00227477 0.000557997 0.999992 -0.00395628 0.00227722 0.00395472 0.999989 -0.0271938 0.0669275 -0.184755
FixedParameters: 0 0 0

#Transform 111
Transform: AffineTransform_float_3_3
Parameters: 0.999997 -0.000705531 -0.00228939 0.000696471 0.999993 -0.0037246 0.00229161 0.00372339 0.99999 -0.0115095 0.0538717 -0.169283
FixedParameters: 0 0 0

#Transform 112
Transform: AffineTransform_float_3_3
Parameters: 0.999998 -0.000566508 -0.00225488 0.000557491 0.999992 -0.00377227 0.00225712 0.00377073 0.999991 -0.0130179 0.141974 -0.188626
FixedParameters: 0 0 0

#Transform 113
Transform: AffineTransform_float_3_3
Parameters: 0.999997 -0.000741546 -0.0024201 0.000732452 0.999992 -0.00394379 0.00242291 0.00394122 0.99999 -0.0115154 0.107447 -0.202662
FixedParameters: 0 0 0

#Transform 114
Transform: AffineTransform_float_3_3
Parameters: 0.999997 -0.000516282 -0.00215079 0.000506717 0.999991 -0.0043141 0.00215321 0.0043129 0.999989 -0.0133572 0.143545 -0.216248
FixedParameters: 0 0 0

#Transform 115
Transform: AffineTransform_float_3_3
Parameters: 0.999996 -0.000568217 -0.00252472 0.00055778 0.999991 -0.00404642 0.00252728 0.00404457 0.999988 -0.0139337 0.0723913 -0.209475
FixedParameters: 0 0 0

#Transform 116
Transform: AffineTransform_float_3_3
Parameters: 0.999998 -0.000565508 -0.00217306 0.000557492 0.999994 -0.00345422 0.00217494 0.00345278 0.999991 -0.028064 0.0502046 -0.183582
FixedParameters: 0 0 0

#Transform 117
Transform: AffineTransform_float_3_3
Parameters: 0.999996 -0.000873116 -0.00240207 0.000864883 0.999994 -0.00337809 0.00240493 0.00337591 0.999992 -0.0248788 0.0540472 -0.176971
FixedParameters: 0 0 0

#Transform 118
Transform: AffineTransform_float_3_3
Parameters: 0.999997 -0.000681371 -0.00232256 0.000673627 0.999994 -0.00360358 0.00232544 0.00360143 0.999991 -0.02919 0.0608942 -0.181245
FixedParameters: 0 0 0

#Transform 119
Transform: AffineTransform_float_3_3
Parameters: 0.999998 -0.000732042 -0.00217498 0.00072296 0.999991 -0.00415458 0.00217802 0.00415342 0.999989 -0.0107785 0.0991799 -0.211274
FixedParameters: 0 0 0

#Transform 120
Transform: AffineTransform_float_3_3
Parameters: 0.999997 -0.000569334 -0.00248243 0.000557662 0.99999 -0.0045644 0.00248557 0.0045626 0.999987 -0.0137151 0.119347 -0.223161
FixedParameters: 0 0 0

#Transform 121
Transform: AffineTransform_float_3_3
Parameters: 0.999997 -0.000737995 -0.00231684 0.000728005 0.999991 -0.0043117 0.00232016 0.0043103 0.999988 -0.0111379 0.0787815 -0.230673
FixedParameters: 0 0 0

#Transform 122
Transform: AffineTransform_float_3_3
Parameters: 0.999997 -0.000567032 -0.0023098 0.000557967 0.999992 -0.0039093 0.0023122 0.0039077 0.999989 -0.034975 0.0680897 -0.201781
FixedParameters: 0 0 0

#Transform 123
Transform: AffineTransform_float_3_3
Parameters: 0.999997 -0.00083046 -0.00238973 0.000821538 0.999992 -0.00395698 0.00239327 0.00395503 0.99999 -0.0265491 0.0709204 -0.218506
FixedParameters: 0 0 0

#Transform 124
Transform: AffineTransform_float_3_3
Parameters: 0.999997 -0.000675017 -0.0025814 0.000664983 0.999993 -0.00387873 0.0025846 0.00387727 0.999989 -0.0127602 0.0682671 -0.197456
FixedParameters: 0 0 0

#Transform 125
Transform: AffineTransform_float_3_3
Parameters: 0.999997 -0.000776768 -0.00239485 0.000766232 0.999992 -0.00407685 0.00239814 0.00407515 0.999989 -0.0110046 0.102704 -0.205526
FixedParameters: 0 0 0

#Transform 126
Transform: AffineTransform_float_3_3
Parameters: 0.999997 -0.000567748 -0.0023877 0.000557255 0.999992 -0.00408134 0.00238929 0.00407966 0.999989 -0.0134478 0.120193 -0.212028
FixedParameters: 0 0 0

#Transform 127
Transform: AffineTransform_float_3_3
Parameters: 0.999997 -0.000569082 -0.00245245 0.000557914 0.999989 -0.00451738 0.00245554 0.00451561 0.999987 -0.013646 0.148371 -0.232891
FixedParameters: 0 0 0

#Transform 128
Transform: AffineTransform_float_3_3
Parameters: 0.999996 -0.000568033 -0.00253177 0.000557964 0.999992 -0.00396243 0.00253423 0.00396057 0.999989 -0.0139567 0.0896821 -0.21834
FixedParameters: 0 0 0

#Transform 129
Transform: AffineTransform_float_3_3
Parameters: 0.999998 -0.000565001 -0.00198001 0.000557998 0.999993 -0.00353511 0.00198198 0.00353389 0.999992 -0.0120535 0.0444884 -0.215562
FixedParameters: 0 0 0

#Transform 130
Transform: AffineTransform_float_3_3
Parameters: 0.999997 -0.000567308 -0.00263201 0.000557693 0.999993 -0.00353548 0.00263399 0.00353452 0.999991 -0.0318012 0.0380145 -0.196991
FixedParameters: 0 0 0

#Transform 131
Transform: AffineTransform_float_3_3
Parameters: 0.999997 -0.000828879 -0.00226213 0.000820121 0.999993 -0.00348187 0.00226487 0.00348013 0.999992 -0.0256671 0.0738649 -0.210777
FixedParameters: 0 0 0

#Transform 132
Transform: AffineTransform_float_3_3
Parameters: 0.999997 -0.000920055 -0.00222209 0.000912945 0.999994 -0.00317403 0.00222491 0.00317196 0.999992 -0.0264782 0.0771672 -0.193099
FixedParameters: 0 0 0

#Transform 133
Transform: AffineTransform_float_3_3
Parameters: 0.999998 -0.000813867 -0.00217407 0.000806132 0.999993 -0.00361776 0.00217693 0.00361524 0.999991 -0.0369564 0.117212 -0.211516
FixedParameters: 0 0 0

#Transform 134
Transform: AffineTransform_float_3_3
Parameters: 0.999998 -0.000718597 -0.00214748 0.000710403 0.999994 -0.00353554 0.00215053 0.00353447 0.999992 -0.0294097 0.11733 -0.214991
FixedParameters: 0 0 0

#Transform 135
Transform: AffineTransform_float_3_3
Parameters: 0.999997 -0.000568082 -0.00239863 0.000557919 0.999991 -0.00420235 0.00240037 0.00420065 0.999989 -0.020668 0.13191 -0.224706
FixedParameters: 0 0 0

#Transform 136
Transform: AffineTransform_float_3_3
Parameters: 0.999998 -0.000567124 -0.00222169 0.000557877 0.999992 -0.00410425 0.00222431 0.00410375 0.999989 -0.026842 0.105956 -0.23528
FixedParameters: 0 0 0

#Transform 137
Transform: AffineTransform_float_3_3
Parameters: 0.999998 -0.000566744 -0.00220777 0.000557257 0.999992 -0.00395824 0.00221022 0.00395776 0.999989 -0.0304879 0.0444343 -0.191204
FixedParameters: 0 0 0

#Transform 138
Transform: AffineTransform_float_3_3
Parameters: 0.999997 -0.000791519 -0.0023121 0.000783482 0.999993 -0.00368282 0.0023149 0.00368118 0.99999 -0.0291209 0.0492214 -0.180474
FixedParameters: 0 0 0

#Transform 139
Transform: AffineTransform_float_3_3
Parameters: 0.999998 -0.000566083 -0.00217091 0.000557917 0.999993 -0.00372222 0.00217309 0.00372078 0.99999 -0.0320394 0.048646 -0.167032
FixedParameters: 0 0 0

#Transform 140
Transform: AffineTransform_float_3_3
Parameters: 0.999997 -0.000567129 -0.00215061 0.000557869 0.999991 -0.00424321 0.00215338 0.00424179 0.999988 -0.03261 0.0832691 -0.204811
FixedParameters: 0 0 0

#Transform 141
Transform: AffineTransform_float_3_3
Parameters: 0.999998 -0.00056817 -0.00225747 0.00055783 0.999989 -0.00450227 0.00226054 0.00450173 0.999988 -0.0249315 0.107846 -0.207629
FixedParameters: 0 0 0

#Transform 142
Transform: AffineTransform_float_3_3
Parameters: 0.999997 -0.000567993 -0.00231757 0.000558005 0.999991 -0.00431031 0.00232043 0.0043087 0.999988 -0.0285511 0.114359 -0.209705
FixedParameters: 0 0 0

#Transform 143
Transform: AffineTransform_float_3_3
Parameters: 0.999997 -0.000715036 -0.00227618 0.000705964 0.999992 -0.00396862 0.00227882 0.00396638 0.999989 -0.0356544 0.0588277 -0.189186
FixedParameters: 0 0 0

#Transform 144
Transform: AffineTransform_float_3_3
Parameters: 0.999997 -0.000723293 -0.00223333 0.000715709 0.999993 -0.00371161 0.00223567 0.00371039 0.99999 -0.0339067 0.0777441 -0.182841
FixedParameters: 0 0 0

#Transform 145
Transform: AffineTransform_float_3_3
Parameters: 0.999997 -0.000566557 -0.0021828 0.000557441 0.999992 -0.00391923 0.0021852 0.00391777 0.99999 -0.0348923 0.084497 -0.159514
FixedParameters: 0 0 0

#Transform 146
Transform: AffineTransform_float_3_3
Parameters: 0.999997 -0.000780865 -0.00223592 0.000772135 0.999992 -0.00396274 0.00223908 0.00396126 0.999989 -0.028733 0.124323 -0.189423
FixedParameters: 0 0 0

#Transform 147
Transform: AffineTransform_float_3_3
Parameters: 0.999997 -0.000567767 -0.00228159 0.000557233 0.99999 -0.00427828 0.00228441 0.00427771 0.999988 -0.032467 0.121397 -0.207636
FixedParameters: 0 0 0

#Transform 148
Transform: AffineTransform_float_3_3
Parameters: 0.999998 -0.000567421 -0.00222061 0.000557577 0.999991 -0.00424125 0.00222338 0.00423975 0.999988 -0.0352691 0.115784 -0.216684
FixedParameters: 0 0 0

#Transform 149
Transform: AffineTransform_float_3_3
Parameters: 0.999997 -0.000752469 -0.00229392 0.000743536 0.999991 -0.00412572 0.00229609 0.00412428 0.999989 -0.0398939 0.0510072 -0.193804
FixedParameters: 0 0 0

#Transform 150
Transform: AffineTransform_float_3_3
Parameters: 0.999997 -0.000843756 -0.00230846 0.000834246 0.99999 -0.00422394 0.00231154 0.00422206 0.999989 -0.0346777 0.0633367 -0.192703
FixedParameters: 0 0 0

#Transform 151
Transform: AffineTransform_float_3_3
Parameters: 0.999997 -0.00056746 -0.00239978 0.000557544 0.999992 -0.00394035 0.00240122 0.00393965 0.99999 -0.0391655 0.0512579 -0.176551
FixedParameters: 0 0 0

#Transform 152
Transform: AffineTransform_float_3_3
Parameters: 0.999997 -0.000915061 -0.00226296 0.000904938 0.999989 -0.00444306 0.00226704 0.00444094 0.999987 -0.0374257 0.0727427 -0.195336
FixedParameters: 0 0 0

#Transform 153
Transform: AffineTransform_float_3_3
Parameters: 0.999997 -0.000567626 -0.00228663 0.000557372 0.999991 -0.00420828 0.00228936 0.00420671 0.999988 -0.0315715 0.0863697 -0.192394
FixedParameters: 0 0 0

#Transform 154
Transform: AffineTransform_float_3_3
Parameters: 0.999997 -0.000569087 -0.00230529 0.000557917 0.999989 -0.0048063 0.00230771 0.0048057 0.999986 -0.0186805 0.129643 -0.235761
FixedParameters: 0 0 0

#Transform 155
Transform: AffineTransform_float_3_3
Parameters: 0.999997 -0.000568604 -0.00236648 0.000557398 0.99999 -0.00447933 0.00236852 0.00447767 0.999987 -0.032142 0.077393 -0.202141
FixedParameters: 0 0 0

#Transform 156
Transform: AffineTransform_float_3_3
Parameters: 0.999997 -0.000845379 -0.00254725 0.000833622 0.999989 -0.00446514 0.00255075 0.00446286 0.999987 -0.0350158 0.0816258 -0.20337
FixedParameters: 0 0 0

#Transform 157
Transform: AffineTransform_float_3_3
Parameters: 0.999996 -0.000568702 -0.00249859 0.000557294 0.99999 -0.0042824 0.00250141 0.00428059 0.999987 -0.0274582 0.0639233 -0.16719
FixedParameters: 0 0 0

#Transform 158
Transform: AffineTransform_float_3_3
Parameters: 0.999997 -0.000569193 -0.00245743 0.000557811 0.99999 -0.00455239 0.00245956 0.00455161 0.999986 -0.0219326 0.104602 -0.196298
FixedParameters: 0 0 0

#Transform 159
Transform: AffineTransform_float_3_3
Parameters: 0.999997 -0.000570751 -0.0024811 0.000557248 0.999986 -0.0051374 0.00248389 0.0051356 0.999983 -0.0137481 0.0795408 -0.213873
FixedParameters: 0 0 0

#Transform 160
Transform: AffineTransform_float_3_3
Parameters: 0.999997 -0.00057205 -0.00262998 0.000557948 0.999985 -0.00534049 0.00263302 0.00533851 0.999983 -0.0140504 0.120371 -0.257679
FixedParameters: 0 0 0

#Transform 161
Transform: AffineTransform_float_3_3
Parameters: 0.999997 -0.000570929 -0.00265425 0.000557074 0.999988 -0.00486849 0.00265674 0.0048675 0.999984 -0.0324769 0.0422197 -0.224074
FixedParameters: 0 0 0

#Transform 162
Transform: AffineTransform_float_3_3
Parameters: 0.999997 -0.000832956 -0.00252977 0.000820043 0.999986 -0.00511809 0.00253423 0.0051159 0.999983 -0.029888 0.0619602 -0.209038
FixedParameters: 0 0 0

#Transform 163
Transform: AffineTransform_float_3_3
Parameters: 0.999996 -0.00102429 -0.00268497 0.00101171 0.999988 -0.00494674 0.00269004 0.00494427 0.999984 -0.0288625 0.0567859 -0.164909
FixedParameters: 0 0 0

#Transform 164
Transform: AffineTransform_float_3_3
Parameters: 0.999996 -0.000572107 -0.00249781 0.000557896 0.999984 -0.00564541 0.00250019 0.00564359 0.999981 -0.0313614 0.0938595 -0.210194
FixedParameters: 0 0 0

#Transform 165
Transform: AffineTransform_float_3_3
Parameters: 0.999997 -0.000785748 -0.00255151 0.000771249 0.999983 -0.00577599 0.0025565 0.00577401 0.99998 -0.0113698 0.0915068 -0.225183
FixedParameters: 0 0 0

#Transform 166
Transform: AffineTransform_float_3_3
Parameters: 0.999997 -0.000572015 -0.00248181 0.000557986 0.999984 -0.0056434 0.00248519 0.0056426 0.999981 -0.0318764 0.0945708 -0.225949
FixedParameters: 0 0 0

#Transform 167
Transform: AffineTransform_float_3_3
Parameters: 0.999996 -0.000854051 -0.00268288 0.000840947 0.999988 -0.00486228 0.00268712 0.00485973 0.999985 -0.0277925 0.0743805 -0.18745
FixedParameters: 0 0 0

#Transform 168
Transform: AffineTransform_float_3_3
Parameters: 0.999996 -0.000971687 -0.00246504 0.000958314 0.999987 -0.00514238 0.00246996 0.00514062 0.999983 -0.0270889 0.0709483 -0.199096
FixedParameters: 0 0 0

#Transform 169
Transform: AffineTransform_float_3_3
Parameters: 0.999997 -0.000879907 -0.00249849 0.000867097 0.999987 -0.00516219 0.00250251 0.00515982 0.999984 -0.0237918 0.0899178 -0.199019
FixedParameters: 0 0 0

#Transform 170
Transform: AffineTransform_float_3_3
Parameters: 0.999997 -0.00057386 -0.00259254 0.000557145 0.999981 -0.00611347 0.00259546 0.00611253 0.999978 -0.0235234 0.0865548 -0.24394
FixedParameters: 0 0 0

#Transform 171
Transform: AffineTransform_float_3_3
Parameters: 0.999995 -0.000575767 -0.00286148 0.000557234 0.99998 -0.00620662 0.00286451 0.00620437 0.999976 -0.017292 0.112326 -0.246168
FixedParameters: 0 0 0

#Transform 172
Transform: AffineTransform_float_3_3
Parameters: 0.999997 -0.000694962 -0.00259277 0.000679038 0.999981 -0.00615178 0.00259723 0.00615021 0.999977 -0.0259013 0.0624921 -0.244013
FixedParameters: 0 0 0

#Transform 173
Transform: AffineTransform_float_3_3
Parameters: 0.999997 -0.000573181 -0.00261071 0.000557816 0.999983 -0.00581248 0.00261429 0.00581052 0.999979 -0.0392601 0.0531179 -0.206835
FixedParameters: 0 0 0

#Transform 174
Transform: AffineTransform_float_3_3
Parameters: 0.999996 -0.000805979 -0.00262545 0.000791025 0.999984 -0.0057011 0.00262955 0.00569891 0.999981 -0.0381138 0.0717986 -0.210441
FixedParameters: 0 0 0

#Transform 175
Transform: AffineTransform_float_3_3
Parameters: 0.999996 -0.000572684 -0.00258579 0.000557315 0.999983 -0.00567546 0.0025892 0.00567453 0.99998 -0.0389288 0.0933267 -0.209896
FixedParameters: 0 0 0

#Transform 176
Transform: AffineTransform_float_3_3
Parameters: 0.999996 -0.000573445 -0.0024965 0.000557559 0.99998 -0.00618241 0.00249949 0.00618158 0.999978 -0.0255502 0.130482 -0.237312
FixedParameters: 0 0 0

#Transform 177
Transform: AffineTransform_float_3_3
Parameters: 0.999996 -0.000575417 -0.00269534 0.000557587 0.999979 -0.00645752 0.00269866 0.00645647 0.999975 -0.0263787 0.105773 -0.235123
FixedParameters: 0 0 0

#Transform 178
Transform: AffineTransform_float_3_3
Parameters: 0.999996 -0.000907931 -0.00260685 0.000893068 0.999983 -0.00572335 0.00261215 0.00572065 0.99998 -0.0271836 0.0749808 -0.224297
FixedParameters: 0 0 0

#Transform 179
Transform: AffineTransform_float_3_3
Parameters: 0.999997 -0.000812305 -0.00257021 0.000796697 0.999982 -0.00595007 0.00257479 0.00594793 0.999979 -0.0312831 0.0373035 -0.193269
FixedParameters: 0 0 0

#Transform 180
Transform: AffineTransform_float_3_3
Parameters: 0.999997 -0.000803009 -0.00260172 0.00078899 0.999985 -0.00538107 0.00260628 0.00537893 0.999982 -0.0320067 0.0672076 -0.170071
FixedParameters: 0 0 0

#Transform 181
Transform: AffineTransform_float_3_3
Parameters: 0.999996 -0.000754423 -0.00269974 0.000738582 0.999984 -0.00570902 0.00270326 0.00570699 0.99998 -0.0224152 0.0856831 -0.203254
FixedParameters: 0 0 0

#Transform 182
Transform: AffineTransform_float_3_3
Parameters: 0.999996 -0.000575286 -0.00275945 0.000557712 0.99998 -0.00626056 0.00276354 0.00625943 0.999976 -0.0242204 0.11904 -0.239858
FixedParameters: 0 0 0

#Transform 183
Transform: AffineTransform_float_3_3
Parameters: 0.999996 -0.000575305 -0.00276245 0.000557699 0.99998 -0.00626056 0.00276554 0.00625943 0.999976 -0.0144518 0.0826264 -0.24009
FixedParameters: 0 0 0

#Transform 184
Transform: AffineTransform_float_3_3
Parameters: 0.999996 -0.000807949 -0.0027621 0.000791053 0.999981 -0.00613121 0.0027669 0.00612979 0.999978 -0.0244648 0.0558605 -0.203823
FixedParameters: 0 0 0

#Transform 185
Transform: AffineTransform_float_3_3
Parameters: 0.999996 -0.000697814 -0.00268368 0.000681191 0.99998 -0.00626085 0.00268732 0.00625915 0.999977 -0.0260861 0.0664218 -0.175474
FixedParameters: 0 0 0

#Transform 186
Transform: AffineTransform_float_3_3
Parameters: 0.999996 -0.000795611 -0.00271318 0.000779389 0.999981 -0.00611814 0.00271782 0.00611586 0.999977 -0.024266 0.0843554 -0.209712
FixedParameters: 0 0 0

#Transform 187
Transform: AffineTransform_float_3_3
Parameters: 0.999995 -0.000792991 -0.00288986 0.000774009 0.999978 -0.00656627 0.00289514 0.00656474 0.999975 -0.020843 0.139058 -0.236706
FixedParameters: 0 0 0

#Transform 188
