# transform file /out/sourcedata/freesurfer/sub-v2s11x28701_ses-1/mri/transforms/cc_up.lta
# created by oesteban on Tue Mar 10 23:34:40 2026

type      = 0 # LINEAR_VOX_TO_VOX
nxforms   = 1
mean      = 164.0000 156.0000 148.0000
sigma     = 10000.0000
1 4 4
9.996910691261292e-01 -2.403860911726952e-02 -6.333046592772007e-03 -2.888015174865723e+01 
2.403812669217587e-02 9.997110962867737e-01 -1.522816019132733e-04 -9.835049629211426e+00 
6.334877107292414e-03 0.000000000000000e+00 9.999800324440002e-01 -7.023566246032715e+00 
0.000000000000000e+00 0.000000000000000e+00 0.000000000000000e+00 1.000000000000000e+00 
src volume info
valid = 1  # volume info valid
filename = /out/sourcedata/freesurfer/sub-v2s11x28701_ses-1/mri/norm.mgz
volume = 320 320 320
voxelsize = 7.999999523162842e-01 7.999999523162842e-01 7.999999523162842e-01
xras   = -9.999999403953552e-01 0.000000000000000e+00 0.000000000000000e+00
yras   = 0.000000000000000e+00 0.000000000000000e+00 -9.999999403953552e-01
zras   = 0.000000000000000e+00 9.999999403953552e-01 0.000000000000000e+00
cras   = 3.922203063964844e+00 1.212638854980469e+00 1.216719055175781e+01
dst volume info
valid = 1  # volume info valid
filename = /out/sourcedata/freesurfer/sub-v2s11x28701_ses-1/mri/norm.mgz
volume = 320 320 320
voxelsize = 7.999999523162842e-01 7.999999523162842e-01 7.999999523162842e-01
xras   = -9.999999403953552e-01 0.000000000000000e+00 0.000000000000000e+00
yras   = 0.000000000000000e+00 0.000000000000000e+00 -9.999999403953552e-01
zras   = 0.000000000000000e+00 9.999999403953552e-01 0.000000000000000e+00
cras   = 3.922203063964844e+00 1.212638854980469e+00 1.216719055175781e+01
