# transform file /out/sourcedata/freesurfer/sub-v2s11x28686_ses-1/mri/transforms/cc_up.lta
# created by oesteban on Tue Mar 10 17:06:03 2026

type      = 0 # LINEAR_VOX_TO_VOX
nxforms   = 1
mean      = 163.0000 163.0000 146.0000
sigma     = 10000.0000
1 4 4
9.990305900573730e-01 -4.347421228885651e-02 -6.901790387928486e-03 -2.514268684387207e+01 
4.347317293286324e-02 9.990544319152832e-01 -3.003338642884046e-04 -2.589019775390625e+01 
6.908321753144264e-03 0.000000000000000e+00 9.999759793281555e-01 -5.120156764984131e+00 
0.000000000000000e+00 0.000000000000000e+00 0.000000000000000e+00 1.000000000000000e+00 
src volume info
valid = 1  # volume info valid
filename = /out/sourcedata/freesurfer/sub-v2s11x28686_ses-1/mri/norm.mgz
volume = 320 320 320
voxelsize = 7.999999523162842e-01 7.999999523162842e-01 7.999999523162842e-01
xras   = -9.999999403953552e-01 0.000000000000000e+00 0.000000000000000e+00
yras   = 0.000000000000000e+00 0.000000000000000e+00 -9.999999403953552e-01
zras   = 0.000000000000000e+00 9.999999403953552e-01 0.000000000000000e+00
cras   = 6.343513488769531e+00 1.331916046142578e+01 1.248931884765625e-01
dst volume info
valid = 1  # volume info valid
filename = /out/sourcedata/freesurfer/sub-v2s11x28686_ses-1/mri/norm.mgz
volume = 320 320 320
voxelsize = 7.999999523162842e-01 7.999999523162842e-01 7.999999523162842e-01
xras   = -9.999999403953552e-01 0.000000000000000e+00 0.000000000000000e+00
yras   = 0.000000000000000e+00 0.000000000000000e+00 -9.999999403953552e-01
zras   = 0.000000000000000e+00 9.999999403953552e-01 0.000000000000000e+00
cras   = 6.343513488769531e+00 1.331916046142578e+01 1.248931884765625e-01
