# transform file transforms/talairach.lta
# created by oesteban on Tue Mar 10 15:00:29 2026

type      = 0 # LINEAR_VOX_TO_VOX
nxforms   = 1
mean      = 163.0000 164.0000 146.0000
sigma     = 10000.0000
1 4 4
7.843662500381470e-01 -3.003736399114132e-02 1.256457157433033e-02 4.977040290832520e-01 
2.870071865618229e-02 8.706329464912415e-01 1.802268922328949e-01 -5.642970275878906e+01 
-2.123244479298592e-02 -1.384861767292023e-01 7.422592639923096e-01 2.750503540039062e+01 
0.000000000000000e+00 0.000000000000000e+00 0.000000000000000e+00 1.000000000000000e+00 
src volume info
valid = 1  # volume info valid
filename = nu.mgz
volume = 320 320 320
voxelsize = 7.999999523162842e-01 7.999999523162842e-01 7.999999523162842e-01
xras   = -9.999999403953552e-01 0.000000000000000e+00 0.000000000000000e+00
yras   = 0.000000000000000e+00 0.000000000000000e+00 -9.999999403953552e-01
zras   = 0.000000000000000e+00 9.999999403953552e-01 0.000000000000000e+00
cras   = 6.343513488769531e+00 1.331916046142578e+01 1.248931884765625e-01
dst volume info
valid = 1  # volume info valid
filename = /opt/freesurfer/average/RB_all_2020-01-02.gca
volume = 256 256 256
voxelsize = 1.000000000000000e+00 1.000000000000000e+00 1.000000000000000e+00
xras   = -1.000000000000000e+00 0.000000000000000e+00 0.000000000000000e+00
yras   = 0.000000000000000e+00 0.000000000000000e+00 -1.000000000000000e+00
zras   = 0.000000000000000e+00 1.000000000000000e+00 0.000000000000000e+00
cras   = 0.000000000000000e+00 0.000000000000000e+00 0.000000000000000e+00
