#Insight Transform File V1.0
#Transform 0
Transform: AffineTransform_float_3_3
Parameters: 0.999998 0.00217315 -0.000691449 -0.00217786 0.999973 -0.00710051 0.00067655 0.00710249 0.999974 -0.0137613 0.0294287 -0.359169
FixedParameters: 0 0 0

#Transform 1
Transform: AffineTransform_float_3_3
Parameters: 0.999998 0.00196496 -0.00110345 -0.00197305 0.999971 -0.00733585 0.00108955 0.00733816 0.999973 -0.00275908 0.0224056 -0.38342
FixedParameters: 0 0 0

#Transform 2
Transform: AffineTransform_float_3_3
Parameters: 0.999997 0.00217716 -0.000932133 -0.00218384 0.999971 -0.00739699 0.000915869 0.00739902 0.999972 -0.0168918 0.0421993 -0.388022
FixedParameters: 0 0 0

#Transform 3
Transform: AffineTransform_float_3_3
Parameters: 0.999997 0.00217736 -0.00090417 -0.00218364 0.99997 -0.00741405 0.000887833 0.00741596 0.999972 -0.0266439 0.0202022 -0.405793
FixedParameters: 0 0 0

#Transform 4
Transform: AffineTransform_float_3_3
Parameters: 0.999997 0.00216288 -0.00105481 -0.00217112 0.999967 -0.00775773 0.00103819 0.00776027 0.99997 -0.0166161 0.0363062 -0.42491
FixedParameters: 0 0 0

#Transform 5
Transform: AffineTransform_float_3_3
Parameters: 0.999997 0.00137973 -0.00167418 -0.00139227 0.999972 -0.00734868 0.00166381 0.00735131 0.999971 0.00524668 -0.0786362 -0.289309
FixedParameters: 0 0 0

#Transform 6
Transform: AffineTransform_float_3_3
Parameters: 0.999993 -0.000109391 -0.00356081 0.000102607 0.999999 -0.00179538 0.00356119 0.00179462 0.999992 0.0633134 -0.721163 0.595423
FixedParameters: 0 0 0

#Transform 7
Transform: AffineTransform_float_3_3
Parameters: 0.999992 -0.00126269 -0.00368687 0.0012943 0.999963 0.00850029 0.00367613 -0.00850571 0.999957 0.197177 -0.955726 1.56781
FixedParameters: 0 0 0

#Transform 8
Transform: AffineTransform_float_3_3
Parameters: 0.999997 -0.00195364 -0.00188098 0.00196736 0.999972 0.00712932 0.00186702 -0.00713267 0.999973 0.154459 -0.455039 0.304995
FixedParameters: 0 0 0

#Transform 9
Transform: AffineTransform_float_3_3
Parameters: 0.999997 -0.00222133 -0.000968542 0.00222167 0.999998 0.000692851 0.000967461 -0.000694151 1 0.0968729 -0.264287 0.283816
FixedParameters: 0 0 0

#Transform 10
Transform: AffineTransform_float_3_3
Parameters: 0.999999 -0.00143971 -0.000276539 0.0014393 0.999999 0.0010686 0.000275461 -0.0010694 1 0.0354741 -0.225466 0.134441
FixedParameters: 0 0 0

#Transform 11
Transform: AffineTransform_float_3_3
Parameters: 0.999998 -0.00099384 0.00141211 0.000994158 0.999999 -0.000111596 -0.00141189 0.000113403 0.999999 0.00829969 -0.242718 0.0903485
FixedParameters: 0 0 0

#Transform 12
Transform: AffineTransform_float_3_3
Parameters: 0.999999 -0.00107601 0.000896983 0.00107599 1 1.59652e-05 -0.000897016 -1.50348e-05 0.999999 0.000128944 -0.245899 0.0578177
FixedParameters: 0 0 0

#Transform 13
Transform: AffineTransform_float_3_3
Parameters: 1 -0.000273771 0.00104206 0.00027423 1 -0.000220714 -0.00104194 0.000220285 1 -0.0438961 -0.234424 0.0777501
FixedParameters: 0 0 0

#Transform 14
Transform: AffineTransform_float_3_3
Parameters: 0.999998 -5.84875e-05 0.00167305 5.95139e-05 0.999999 -0.000904901 -0.00167295 0.000904099 0.999998 -0.0629928 -0.183377 0.017682
FixedParameters: 0 0 0

#Transform 15
Transform: AffineTransform_float_3_3
Parameters: 0.999999 0.000391801 0.00150731 -0.000393199 0.999999 0.000795408 -0.00150669 -0.000795591 0.999998 -0.0733279 -0.192862 0.0397517
FixedParameters: 0 0 0

#Transform 16
Transform: AffineTransform_float_3_3
Parameters: 0.999998 0.000485862 0.00150704 -0.000486138 1 9.12675e-05 -0.00150695 -9.17323e-05 0.999999 -0.0733024 -0.146245 0.0471737
FixedParameters: 0 0 0

#Transform 17
Transform: AffineTransform_float_3_3
Parameters: 0.999998 0.000678065 0.00154953 -0.000676934 0.999999 -0.000688049 -0.00155046 0.000686949 0.999998 -0.0968854 -0.127377 -0.0162464
FixedParameters: 0 0 0

#Transform 18
Transform: AffineTransform_float_3_3
Parameters: 0.999998 0.000703924 0.00154612 -0.000702075 0.999999 -0.00124509 -0.00154687 0.00124391 0.999998 -0.0896227 -0.113943 -0.03078
FixedParameters: 0 0 0

#Transform 19
Transform: AffineTransform_float_3_3
Parameters: 0.999998 0.00107459 0.00123261 -0.00107241 0.999998 -0.00129132 -0.00123338 0.00128968 0.999999 -0.0762755 -0.0487568 -0.0576145
FixedParameters: 0 0 0

#Transform 20
Transform: AffineTransform_float_3_3
Parameters: 0.999999 0.00070006 0.000282851 -0.000699939 0.999999 -0.000213198 -0.000283149 0.000212802 1 -0.0485651 -0.0399416 -0.068352
FixedParameters: 0 0 0

#Transform 21
Transform: AffineTransform_float_3_3
Parameters: 0.999999 0.000700164 0.000216471 -0.000699836 1 -0.000756152 -0.000217529 0.000755848 0.999999 -0.0382786 -0.0940209 -0.0327427
FixedParameters: 0 0 0

#Transform 22
Transform: AffineTransform_float_3_3
Parameters: 1 -0.000181725 -0.000633367 0.000183274 0.999998 0.00201288 0.000632632 -0.00201311 0.999998 0.0514689 -0.212891 0.0694049
FixedParameters: 0 0 0

#Transform 23
Transform: AffineTransform_float_3_3
Parameters: 0.999991 -0.00120324 -0.00407556 0.00127375 0.999847 0.017404 0.00405344 -0.017409 0.99984 0.0930725 -0.814537 1.20787
FixedParameters: 0 0 0

#Transform 24
Transform: AffineTransform_float_3_3
Parameters: 0.999991 -0.00266561 -0.00308755 0.00274241 0.999675 0.0253398 0.00301947 -0.0253473 0.999674 0.15795 -0.511162 1.2776
FixedParameters: 0 0 0

#Transform 25
Transform: AffineTransform_float_3_3
Parameters: 0.999993 -0.00295033 -0.00226979 0.00300267 0.999729 0.0231074 0.00220119 -0.0231147 0.999731 0.155932 -0.453931 1.04053
FixedParameters: 0 0 0

#Transform 26
Transform: AffineTransform_float_3_3
Parameters: 0.999995 -0.00308972 -0.0013718 0.00311527 0.999803 0.0195918 0.00131021 -0.0195962 0.999807 0.125107 -0.422678 0.890488
FixedParameters: 0 0 0

#Transform 27
Transform: AffineTransform_float_3_3
Parameters: 0.999994 -0.00319487 -0.00169888 0.00322613 0.999821 0.0186486 0.00163911 -0.0186544 0.999824 0.148329 -0.382903 0.816064
FixedParameters: 0 0 0

#Transform 28
Transform: AffineTransform_float_3_3
Parameters: 0.999993 -0.00319767 -0.00151144 0.00322633 0.999812 0.0191252 0.00145055 -0.0191298 0.999816 0.143354 -0.33413 0.793881
FixedParameters: 0 0 0

#Transform 29
Transform: AffineTransform_float_3_3
Parameters: 0.999993 -0.0031983 -0.00151492 0.0032257 0.999821 0.0186492 0.00145509 -0.0186538 0.999825 0.14409 -0.303088 0.800615
FixedParameters: 0 0 0

#Transform 30
Transform: AffineTransform_float_3_3
Parameters: 0.999994 -0.00319373 -0.00180822 0.00322629 0.999831 0.0181333 0.00175077 -0.0181397 0.999834 0.168315 -0.217859 0.779188
FixedParameters: 0 0 0

#Transform 31
Transform: AffineTransform_float_3_3
Parameters: 0.999994 -0.00320341 -0.00131543 0.00322559 0.999841 0.0175489 0.00125858 -0.0175521 0.999845 0.168101 -0.236633 0.783185
FixedParameters: 0 0 0

#Transform 32
Transform: AffineTransform_float_3_3
Parameters: 0.999995 -0.00294307 -0.00113056 0.00296193 0.999849 0.0171207 0.00108044 -0.0171243 0.999853 0.145132 -0.284022 0.797001
FixedParameters: 0 0 0

#Transform 33
Transform: AffineTransform_float_3_3
Parameters: 0.999995 -0.00271716 -0.00112655 0.00273584 0.99985 0.01707 0.00108045 -0.017073 0.999853 0.12952 -0.302166 0.744663
FixedParameters: 0 0 0

#Transform 34
Transform: AffineTransform_float_3_3
Parameters: 0.999996 -0.00250536 -0.000598851 0.00251462 0.999858 0.0166705 0.000556154 -0.0166724 0.999861 0.113642 -0.293399 0.715969
FixedParameters: 0 0 0

#Transform 35
Transform: AffineTransform_float_3_3
Parameters: 0.999996 -0.00244608 -0.000802499 0.00245892 0.99986 0.0165111 0.000762502 -0.0165129 0.999864 0.121797 -0.267682 0.697897
FixedParameters: 0 0 0

#Transform 36
Transform: AffineTransform_float_3_3
Parameters: 0.999996 -0.00265262 -0.00112439 0.00267139 0.999858 0.0166751 0.0010806 -0.0166779 0.999861 0.140678 -0.256641 0.671132
FixedParameters: 0 0 0

#Transform 37
Transform: AffineTransform_float_3_3
Parameters: 0.999995 -0.00271493 -0.00112221 0.00273206 0.999876 0.015496 0.00107979 -0.015499 0.99988 0.165096 -0.198585 0.644984
FixedParameters: 0 0 0

#Transform 38
Transform: AffineTransform_float_3_3
Parameters: 0.999996 -0.00262506 -0.00156487 0.00264894 0.999876 0.0154949 0.00152413 -0.0154991 0.999878 0.1661 -0.182293 0.640017
FixedParameters: 0 0 0

#Transform 39
Transform: AffineTransform_float_3_3
Parameters: 0.999996 -0.00266969 -0.0011245 0.00268832 0.999859 0.0166091 0.00108049 -0.016612 0.999862 0.148754 -0.243413 0.566287
FixedParameters: 0 0 0

#Transform 40
Transform: AffineTransform_float_3_3
Parameters: 0.999997 -0.00218584 -0.00111433 0.00220316 0.999875 0.0156426 0.00107967 -0.0156454 0.999877 0.114337 -0.255355 0.691098
FixedParameters: 0 0 0

#Transform 41
Transform: AffineTransform_float_3_3
Parameters: 0.999998 -0.00197091 -0.0007793 0.00198308 0.999872 0.0158305 0.000747698 -0.0158325 0.999875 0.0926045 -0.232019 0.669961
FixedParameters: 0 0 0

#Transform 42
Transform: AffineTransform_float_3_3
Parameters: 0.999998 -0.00196484 -0.00111269 0.00198216 0.999861 0.0165598 0.00108032 -0.0165622 0.999863 0.100863 -0.248253 0.582804
FixedParameters: 0 0 0

#Transform 43
Transform: AffineTransform_float_3_3
Parameters: 0.999998 -0.00196696 -0.00104962 0.00198304 0.999878 0.015504 0.00101938 -0.015506 0.99988 0.102953 -0.233061 0.637893
FixedParameters: 0 0 0

#Transform 44
Transform: AffineTransform_float_3_3
Parameters: 0.999997 -0.00211993 -0.00111122 0.00213607 0.99989 0.0146687 0.00107978 -0.0146713 0.999892 0.122425 -0.155957 0.620244
FixedParameters: 0 0 0

#Transform 45
Transform: AffineTransform_float_3_3
Parameters: 0.999996 -0.00262062 -0.00111916 0.00263738 0.999885 0.0148931 0.00107984 -0.0148959 0.999889 0.1447 -0.171478 0.552839
FixedParameters: 0 0 0

#Transform 46
Transform: AffineTransform_float_3_3
Parameters: 0.999997 -0.00223916 -0.000852768 0.00225083 0.999898 0.0141481 0.000820236 -0.0141499 0.9999 0.127877 -0.200574 0.662951
FixedParameters: 0 0 0

#Transform 47
Transform: AffineTransform_float_3_3
Parameters: 0.999998 -0.00227809 -0.000219606 0.00228191 0.999895 0.0143025 0.000187383 -0.0143025 0.999897 0.110593 -0.21787 0.647665
FixedParameters: 0 0 0

#Transform 48
Transform: AffineTransform_float_3_3
Parameters: 0.999998 -0.00217973 -0.000502653 0.00218726 0.999886 0.0149539 0.000469343 -0.0149551 0.999888 0.120803 -0.252309 0.519185
FixedParameters: 0 0 0

#Transform 49
Transform: AffineTransform_float_3_3
Parameters: 0.999999 -0.00178961 -0.000337201 0.00179439 0.999907 0.0135054 0.000312793 -0.0135066 0.999908 0.0933521 -0.200867 0.588473
FixedParameters: 0 0 0

#Transform 50
Transform: AffineTransform_float_3_3
Parameters: 0.999998 -0.00196296 -8.97869e-05 0.00196405 0.999905 0.0136418 6.32122e-05 -0.0136421 0.999907 0.0921765 -0.173962 0.586119
FixedParameters: 0 0 0

#Transform 51
Transform: AffineTransform_float_3_3
Parameters: 0.999997 -0.00227259 -0.000672638 0.0022824 0.999894 0.0143305 0.000639355 -0.0143325 0.999897 0.126887 -0.154929 0.49257
FixedParameters: 0 0 0

#Transform 52
Transform: AffineTransform_float_3_3
Parameters: 0.999996 -0.0024671 -0.000691579 0.00247591 0.99991 0.0131803 0.000659422 -0.0131817 0.999913 0.138933 -0.126011 0.601911
FixedParameters: 0 0 0

#Transform 53
Transform: AffineTransform_float_3_3
Parameters: 0.999998 -0.00229699 -0.00046105 0.00230302 0.999906 0.013499 0.00042995 -0.0135 0.999909 0.117271 -0.164365 0.652771
FixedParameters: 0 0 0

#Transform 54
Transform: AffineTransform_float_3_3
Parameters: 0.999997 -0.00225953 -0.000694055 0.00227047 0.999877 0.0154765 0.000658939 -0.0154775 0.99988 0.11854 -0.230977 0.485412
FixedParameters: 0 0 0

#Transform 55
Transform: AffineTransform_float_3_3
Parameters: 0.999998 -0.00199526 -0.000139624 0.00199675 0.999903 0.0138378 0.00011238 -0.0138383 0.999904 0.0978389 -0.213992 0.616558
FixedParameters: 0 0 0

#Transform 56
Transform: AffineTransform_float_3_3
Parameters: 0.999999 -0.0017529 -0.00023359 0.00175609 0.999901 0.0140146 0.00020841 -0.0140144 0.999902 0.0972037 -0.20576 0.604643
FixedParameters: 0 0 0

#Transform 57
Transform: AffineTransform_float_3_3
Parameters: 0.999998 -0.00186929 -0.000686058 0.00187871 0.999894 0.0144357 0.000658947 -0.0144373 0.999896 0.0899059 -0.200086 0.565282
FixedParameters: 0 0 0

#Transform 58
Transform: AffineTransform_float_3_3
Parameters: 0.999998 -0.00199903 -0.000382901 0.00200397 0.999907 0.0134393 0.000356098 -0.0134407 0.999909 0.10631 -0.148695 0.584288
FixedParameters: 0 0 0

#Transform 59
Transform: AffineTransform_float_3_3
Parameters: 0.999998 -0.00216635 -0.000686891 0.00217465 0.999915 0.0128475 0.000659116 -0.0128485 0.999917 0.121959 -0.112731 0.562349
FixedParameters: 0 0 0

#Transform 60
Transform: AffineTransform_float_3_3
Parameters: 0.999997 -0.00230827 -0.000692321 0.00231774 0.999893 0.0144034 0.000659682 -0.0144056 0.999896 0.13817 -0.140896 0.526541
FixedParameters: 0 0 0

#Transform 61
Transform: AffineTransform_float_3_3
Parameters: 0.999997 -0.00214205 -0.000304237 0.00214594 0.999904 0.0136354 0.000274763 -0.0136366 0.999907 0.1225 -0.200061 0.643511
FixedParameters: 0 0 0

#Transform 62
Transform: AffineTransform_float_3_3
Parameters: 0.999999 -0.00175651 -0.000331722 0.00176049 0.999899 0.0140554 0.000307286 -0.0140556 0.999901 0.104711 -0.197176 0.600787
FixedParameters: 0 0 0

#Transform 63
Transform: AffineTransform_float_3_3
Parameters: 0.999998 -0.0020057 -0.000370911 0.0020113 0.999887 0.0148923 0.000341083 -0.0148937 0.999889 0.101134 -0.218319 0.536527
FixedParameters: 0 0 0

#Transform 64
Transform: AffineTransform_float_3_3
Parameters: 0.999999 -0.00173751 0.000242 0.00173349 0.999903 0.0138264 -0.000265994 -0.0138266 0.999905 0.0922186 -0.191861 0.590768
FixedParameters: 0 0 0

#Transform 65
Transform: AffineTransform_float_3_3
Parameters: 0.999998 -0.0020261 -6.69944e-06 0.00202589 0.999904 0.013671 -2.1698e-05 -0.013671 0.999907 0.10875 -0.157684 0.575417
FixedParameters: 0 0 0

#Transform 66
Transform: AffineTransform_float_3_3
Parameters: 0.999997 -0.00224133 -0.000691186 0.00225069 0.999895 0.0143275 0.000659821 -0.0143285 0.999897 0.131354 -0.15408 0.453256
FixedParameters: 0 0 0

#Transform 67
Transform: AffineTransform_float_3_3
Parameters: 0.999998 -0.00213807 -0.000687412 0.00214694 0.99991 0.0132596 0.000659588 -0.0132614 0.999912 0.134513 -0.105269 0.59242
FixedParameters: 0 0 0

#Transform 68
Transform: AffineTransform_float_3_3
Parameters: 0.999998 -0.00207134 -6.18659e-05 0.00207166 0.999901 0.0139329 3.31386e-05 -0.0139331 0.999903 0.131926 -0.169475 0.621486
FixedParameters: 0 0 0

#Transform 69
Transform: AffineTransform_float_3_3
Parameters: 0.999998 -0.00199346 -0.000175654 0.00199654 0.999872 0.0158677 0.000144337 -0.0158683 0.999874 0.114521 -0.246569 0.468707
FixedParameters: 0 0 0

#Transform 70
Transform: AffineTransform_float_3_3
Parameters: 0.999999 -0.00171346 -0.000339755 0.00171853 0.999902 0.0138444 0.000315239 -0.0138446 0.999904 0.108371 -0.226812 0.634891
FixedParameters: 0 0 0

#Transform 71
Transform: AffineTransform_float_3_3
Parameters: 1 -0.00113902 -0.0001508 0.00114098 0.999904 0.0138588 0.0001352 -0.0138592 0.999904 0.0665402 -0.197399 0.606373
FixedParameters: 0 0 0

#Transform 72
Transform: AffineTransform_float_3_3
Parameters: 0.999999 -0.00174638 -0.000340605 0.00175061 0.9999 0.0140694 0.0003154 -0.0140706 0.999901 0.104141 -0.185783 0.608352
FixedParameters: 0 0 0

#Transform 73
Transform: AffineTransform_float_3_3
Parameters: 0.999998 -0.00174123 -0.000786992 0.00175077 0.999919 0.0125937 0.000765011 -0.0125954 0.999921 0.150973 -0.143801 0.687499
FixedParameters: 0 0 0

#Transform 74
Transform: AffineTransform_float_3_3
Parameters: 0.999998 -0.00214486 -0.000792985 0.00215514 0.999913 0.0130153 0.000765014 -0.0130167 0.999915 0.138491 -0.107063 0.720715
FixedParameters: 0 0 0

#Transform 75
Transform: AffineTransform_float_3_3
Parameters: 0.999998 -0.00189839 -0.000173389 0.0019016 0.999861 0.0165217 0.000141603 -0.0165213 0.999863 0.102257 -0.256465 0.549248
FixedParameters: 0 0 0

#Transform 76
Transform: AffineTransform_float_3_3
Parameters: 0.999999 -0.0016801 -0.000296075 0.0016839 0.999905 0.0137175 0.000272926 -0.0137185 0.999906 0.0948613 -0.21355 0.671196
FixedParameters: 0 0 0

#Transform 77
Transform: AffineTransform_float_3_3
Parameters: 0.999998 -0.0016768 0.000121208 0.0016752 0.999906 0.0135992 -0.000143794 -0.0135988 0.999907 0.0817648 -0.213923 0.643485
FixedParameters: 0 0 0

#Transform 78
Transform: AffineTransform_float_3_3
Parameters: 0.999998 -0.00183842 -0.000420222 0.00184358 0.999905 0.0136973 0.000394785 -0.0136978 0.999906 0.11206 -0.205095 0.641318
FixedParameters: 0 0 0

#Transform 79
Transform: AffineTransform_float_3_3
Parameters: 0.999999 -0.00182449 -0.000200367 0.00182752 0.99991 0.0133457 0.000176625 -0.0133463 0.999911 0.120292 -0.155348 0.626107
FixedParameters: 0 0 0

#Transform 80
Transform: AffineTransform_float_3_3
Parameters: 0.999998 -0.00191944 -0.000436245 0.00192556 0.999912 0.0131322 0.000410748 -0.0131328 0.999913 0.132536 -0.160051 0.613328
FixedParameters: 0 0 0

#Transform 81
Transform: AffineTransform_float_3_3
Parameters: 0.999997 -0.00214692 -0.000610184 0.00215508 0.999905 0.0135667 0.000580814 -0.0135683 0.999908 0.13919 -0.178587 0.657269
FixedParameters: 0 0 0

#Transform 82
Transform: AffineTransform_float_3_3
Parameters: 0.999998 -0.00187741 -0.000127219 0.00187959 0.999901 0.0139588 0.000100772 -0.0139592 0.999902 0.122435 -0.211065 0.62316
FixedParameters: 0 0 0

#Transform 83
Transform: AffineTransform_float_3_3
Parameters: 0.999998 -0.00166353 0.000246236 0.00165947 0.999905 0.0136984 -0.000268758 -0.0136986 0.999906 0.0953215 -0.210422 0.624328
FixedParameters: 0 0 0

#Transform 84
Transform: AffineTransform_float_3_3
Parameters: 0.999998 -0.00160502 0.000133557 0.00160297 0.999901 0.0139912 -0.000156442 -0.0139908 0.999902 0.097369 -0.20778 0.60407
FixedParameters: 0 0 0

#Transform 85
Transform: AffineTransform_float_3_3
Parameters: 0.999999 -0.00143 0.000410661 0.00142401 0.999898 0.0142526 -0.00043034 -0.0142524 0.999899 0.0886207 -0.213396 0.5816
FixedParameters: 0 0 0

#Transform 86
Transform: AffineTransform_float_3_3
Parameters: 0.999999 -0.00174963 0.000257449 0.00174638 0.999907 0.0134745 -0.000280558 -0.0134745 0.999909 0.109425 -0.157954 0.586584
FixedParameters: 0 0 0

#Transform 87
Transform: AffineTransform_float_3_3
Parameters: 0.999998 -0.00203456 -0.00018597 0.00203744 0.999896 0.0142296 0.000157023 -0.0142303 0.999898 0.137562 -0.166875 0.42353
FixedParameters: 0 0 0

#Transform 88
Transform: AffineTransform_float_3_3
Parameters: 0.999998 -0.00204336 0.000456416 0.00203765 0.999907 0.01352 -0.000483592 -0.013519 0.999908 0.118231 -0.1742 0.600828
FixedParameters: 0 0 0

#Transform 89
Transform: AffineTransform_float_3_3
Parameters: 0.999998 -0.00204337 0.000443598 0.00203763 0.999901 0.0139209 -0.000471411 -0.0139201 0.999903 0.114671 -0.193923 0.601589
FixedParameters: 0 0 0

#Transform 90
Transform: AffineTransform_float_3_3
Parameters: 0.999998 -0.00204255 0.00034785 0.00203745 0.999882 0.0152708 -0.000379157 -0.0152703 0.999884 0.112434 -0.235227 0.455916
FixedParameters: 0 0 0

#Transform 91
Transform: AffineTransform_float_3_3
Parameters: 0.999999 -0.0017846 0.000249503 0.0017814 0.999904 0.0137405 -0.000274502 -0.0137395 0.999906 0.0992369 -0.21123 0.586991
FixedParameters: 0 0 0

#Transform 92
Transform: AffineTransform_float_3_3
Parameters: 0.999998 -0.00158058 0.000252541 0.00157642 0.999907 0.0135914 -0.00027445 -0.0135906 0.999907 0.0972385 -0.199667 0.581284
FixedParameters: 0 0 0

#Transform 93
Transform: AffineTransform_float_3_3
Parameters: 0.999998 -0.00204175 0.000318961 0.00203725 0.999896 0.0142387 -0.000348041 -0.0142373 0.999898 0.115017 -0.202748 0.48195
FixedParameters: 0 0 0

#Transform 94
Transform: AffineTransform_float_3_3
Parameters: 0.999999 -0.00179704 -8.68204e-05 0.00179795 0.999918 0.0126949 6.31801e-05 -0.0126951 0.99992 0.128605 -0.163295 0.557126
FixedParameters: 0 0 0

#Transform 95
Transform: AffineTransform_float_3_3
Parameters: 0.999998 -0.00194533 0.000249248 0.00194167 0.999917 0.0127345 -0.000273747 -0.0127335 0.999919 0.122113 -0.16042 0.581069
FixedParameters: 0 0 0

#Transform 96
Transform: AffineTransform_float_3_3
Parameters: 0.999998 -0.00204077 0.000244328 0.00203723 0.999892 0.0145525 -0.000273674 -0.0145515 0.999894 0.123327 -0.235089 0.483643
FixedParameters: 0 0 0

#Transform 97
Transform: AffineTransform_float_3_3
Parameters: 0.999998 -0.00166862 0.00033475 0.00166339 0.999909 0.0133526 -0.000356241 -0.0133514 0.999911 0.111796 -0.20365 0.59027
FixedParameters: 0 0 0

#Transform 98
Transform: AffineTransform_float_3_3
Parameters: 0.999999 -0.00154556 0.000253144 0.00154244 0.999907 0.0135094 -0.000273861 -0.0135086 0.999908 0.10111 -0.219652 0.563403
FixedParameters: 0 0 0

#Transform 99
Transform: AffineTransform_float_3_3
Parameters: 0.999999 -0.0015196 0.0002533 0.00151641 0.999906 0.0136374 -0.000273706 -0.0136376 0.999907 0.0962114 -0.204736 0.560054
FixedParameters: 0 0 0

#Transform 100
Transform: AffineTransform_float_3_3
Parameters: 0.999999 -0.00171349 0.000251258 0.00170952 0.999911 0.0132854 -0.000273735 -0.0132846 0.999911 0.109851 -0.196009 0.571073
FixedParameters: 0 0 0

#Transform 101
Transform: AffineTransform_float_3_3
Parameters: 0.999996 -0.00307059 -0.000229828 0.0030734 0.999931 0.0113373 0.000194168 -0.0113376 0.999935 0.165782 -0.157503 0.454424
FixedParameters: 0 0 0

#Transform 102
Transform: AffineTransform_float_3_3
Parameters: 0.999983 -0.00558043 -0.0012711 0.00559456 0.999924 0.0109321 0.00120989 -0.0109399 0.99994 0.276857 -0.140315 0.392558
FixedParameters: 0 0 0

#Transform 103
Transform: AffineTransform_float_3_3
Parameters: 0.999981 -0.00623775 -0.000736039 0.00624425 0.999941 0.00881657 0.000680957 -0.00882142 0.999961 0.286994 -0.173904 0.354944
FixedParameters: 0 0 0

#Transform 104
Transform: AffineTransform_float_3_3
Parameters: 0.999984 -0.00560004 -0.000395913 0.00560496 0.999887 0.013905 0.000318088 -0.013907 0.999903 0.262818 -0.215231 0.546501
FixedParameters: 0 0 0

#Transform 105
Transform: AffineTransform_float_3_3
Parameters: 0.999987 -0.00497994 -5.03545e-05 0.00498007 0.999808 0.018945 -4.33559e-05 -0.018945 0.99982 0.23604 -0.273908 0.649291
FixedParameters: 0 0 0

#Transform 106
Transform: AffineTransform_float_3_3
Parameters: 0.99999 -0.00448529 -1.99526e-05 0.00448471 0.999851 0.0167101 -5.49474e-05 -0.0167099 0.999861 0.209664 -0.253945 0.651999
FixedParameters: 0 0 0

#Transform 107
Transform: AffineTransform_float_3_3
Parameters: 0.99999 -0.00433092 0.000156368 0.00432809 0.999872 0.0153898 -0.000222634 -0.0153892 0.999881 0.201333 -0.186672 0.604547
FixedParameters: 0 0 0

#Transform 108
Transform: AffineTransform_float_3_3
Parameters: 0.999992 -0.00400496 -0.000164909 0.00400703 0.999877 0.0152035 0.000103092 -0.0152035 0.999884 0.21648 -0.186597 0.509576
FixedParameters: 0 0 0

#Transform 109
Transform: AffineTransform_float_3_3
Parameters: 0.999992 -0.00404229 -8.45428e-06 0.0040417 0.999891 0.0142131 -4.94538e-05 -0.0142139 0.999899 0.209488 -0.139062 0.597489
FixedParameters: 0 0 0

#Transform 110
Transform: AffineTransform_float_3_3
Parameters: 0.999994 -0.00365336 -3.64399e-06 0.00365265 0.999882 0.0149571 -5.06384e-05 -0.0149569 0.999888 0.183168 -0.214233 0.596747
FixedParameters: 0 0 0

#Transform 111
Transform: AffineTransform_float_3_3
Parameters: 0.999994 -0.00326694 -2.84552e-05 0.00326705 0.999884 0.014831 -2.04561e-05 -0.014831 0.99989 0.158227 -0.195229 0.572812
FixedParameters: 0 0 0

#Transform 112
Transform: AffineTransform_float_3_3
Parameters: 0.999996 -0.00257326 0.000281405 0.00256974 0.999895 0.0142328 -0.000317606 -0.0142322 0.999898 0.113356 -0.181497 0.579142
FixedParameters: 0 0 0

#Transform 113
Transform: AffineTransform_float_3_3
Parameters: 0.999997 -0.00241137 -6.15611e-05 0.00241163 0.999895 0.0143299 2.64439e-05 -0.0143301 0.999898 0.115251 -0.172022 0.562441
FixedParameters: 0 0 0

#Transform 114
Transform: AffineTransform_float_3_3
Parameters: 0.999996 -0.00281065 -0.000259258 0.00281434 0.999898 0.0139583 0.000219738 -0.0139587 0.999902 0.144338 -0.14364 0.5531
FixedParameters: 0 0 0

#Transform 115
Transform: AffineTransform_float_3_3
Parameters: 0.999995 -0.0031888 -0.000262376 0.00319221 0.999906 0.0132812 0.000220622 -0.0132818 0.999912 0.164872 -0.135817 0.525406
FixedParameters: 0 0 0

#Transform 116
Transform: AffineTransform_float_3_3
Parameters: 0.999996 -0.00304561 -0.000262862 0.0030494 0.999897 0.0140643 0.000220134 -0.0140647 0.999901 0.172268 -0.148865 0.530272
FixedParameters: 0 0 0

#Transform 117
Transform: AffineTransform_float_3_3
Parameters: 0.999996 -0.00288495 4.77333e-05 0.00288405 0.999899 0.0139592 -8.82668e-05 -0.0139588 0.999902 0.155514 -0.188748 0.601542
FixedParameters: 0 0 0

#Transform 118
Transform: AffineTransform_float_3_3
Parameters: 0.999996 -0.00279324 -1.99122e-06 0.00279276 0.999898 0.013959 -3.69877e-05 -0.0139589 0.999902 0.142877 -0.186611 0.582485
FixedParameters: 0 0 0

#Transform 119
Transform: AffineTransform_float_3_3
Parameters: 0.999997 -0.00269953 1.73309e-05 0.00269847 0.999893 0.0143251 -5.66613e-05 -0.0143249 0.999898 0.13634 -0.190585 0.562516
FixedParameters: 0 0 0

#Transform 120
Transform: AffineTransform_float_3_3
Parameters: 0.999997 -0.00236168 0.000247073 0.00235732 0.9999 0.0139526 -0.000279918 -0.0139524 0.999902 0.131069 -0.184821 0.564007
FixedParameters: 0 0 0

#Transform 121
Transform: AffineTransform_float_3_3
Parameters: 0.999998 -0.00227564 0.000248669 0.00227237 0.999903 0.0137786 -0.000279337 -0.0137784 0.999905 0.121028 -0.157438 0.544803
FixedParameters: 0 0 0

#Transform 122
Transform: AffineTransform_float_3_3
Parameters: 0.999996 -0.00259968 -0.000114384 0.00260131 0.999904 0.0136068 7.86109e-05 -0.0136073 0.999908 0.138228 -0.149366 0.461243
FixedParameters: 0 0 0

#Transform 123
Transform: AffineTransform_float_3_3
Parameters: 0.999996 -0.00284561 -0.000283432 0.0028484 0.999914 0.0127942 0.000247574 -0.0127958 0.999918 0.156092 -0.10216 0.513931
FixedParameters: 0 0 0

#Transform 124
Transform: AffineTransform_float_3_3
Parameters: 0.999996 -0.00301902 -1.88588e-05 0.00301899 0.999909 0.013202 -2.08586e-05 -0.013202 0.999913 0.156819 -0.143356 0.570862
FixedParameters: 0 0 0

#Transform 125
Transform: AffineTransform_float_3_3
Parameters: 0.999996 -0.00285239 0.000207815 0.00284861 0.999887 0.0147977 -0.00025018 -0.0147974 0.999891 0.153687 -0.200206 0.480749
FixedParameters: 0 0 0

#Transform 126
Transform: AffineTransform_float_3_3
Parameters: 0.999997 -0.00267781 0.000256941 0.00267418 0.9999 0.0138487 -0.000294062 -0.0138483 0.999904 0.152092 -0.19218 0.566421
FixedParameters: 0 0 0

#Transform 127
Transform: AffineTransform_float_3_3
Parameters: 0.999997 -0.0026983 0.000152654 0.00269569 0.999905 0.0134755 -0.000189344 -0.0134755 0.999909 0.141581 -0.173237 0.535683
FixedParameters: 0 0 0

#Transform 128
Transform: AffineTransform_float_3_3
Parameters: 0.999997 -0.00249982 0.000322656 0.00249518 0.999896 0.0141518 -0.000358347 -0.0141511 0.9999 0.129569 -0.172698 0.477343
FixedParameters: 0 0 0

#Transform 129
Transform: AffineTransform_float_3_3
Parameters: 0.999997 -0.00252881 4.42491e-05 0.00252819 0.999907 0.0133481 -7.7753e-05 -0.0133478 0.999911 0.146468 -0.147192 0.521429
FixedParameters: 0 0 0

#Transform 130
Transform: AffineTransform_float_3_3
Parameters: 0.999996 -0.00285104 0.000136554 0.00284895 0.999909 0.0131384 -0.000174447 -0.0131385 0.999913 0.153607 -0.129532 0.495356
FixedParameters: 0 0 0

#Transform 131
Transform: AffineTransform_float_3_3
Parameters: 0.999996 -0.00284721 -0.000155226 0.00284878 0.99991 0.0130696 0.000117776 -0.0130704 0.999914 0.160709 -0.127336 0.498108
FixedParameters: 0 0 0

#Transform 132
Transform: AffineTransform_float_3_3
Parameters: 0.999997 -0.00271436 8.10403e-05 0.00271264 0.999903 0.0136193 -0.000117954 -0.0136187 0.999908 0.142907 -0.156915 0.564298
FixedParameters: 0 0 0

#Transform 133
Transform: AffineTransform_float_3_3
Parameters: 0.999997 -0.00240406 -0.000152547 0.00240595 0.999894 0.0143637 0.000118453 -0.0143643 0.999897 0.133217 -0.172713 0.448837
FixedParameters: 0 0 0

#Transform 134
Transform: AffineTransform_float_3_3
Parameters: 0.999998 -0.00202882 0.000122867 0.00202717 0.999908 0.0133793 -0.000150135 -0.0133787 0.999911 0.103122 -0.151304 0.535444
FixedParameters: 0 0 0

#Transform 135
Transform: AffineTransform_float_3_3
Parameters: 0.999999 -0.00180231 8.20439e-05 0.00180069 0.999903 0.0138512 -0.000106952 -0.0138508 0.999904 0.105591 -0.162793 0.570738
FixedParameters: 0 0 0

#Transform 136
Transform: AffineTransform_float_3_3
Parameters: 0.999998 -0.00202866 0.000100935 0.00202634 0.999895 0.0143322 -0.000130055 -0.0143318 0.999898 0.115794 -0.142059 0.53737
FixedParameters: 0 0 0

#Transform 137
Transform: AffineTransform_float_3_3
Parameters: 0.999998 -0.00202536 -0.000143464 0.00202665 0.999919 0.0125667 0.00011854 -0.0125673 0.999921 0.137367 -0.112293 0.553639
FixedParameters: 0 0 0

#Transform 138
Transform: AffineTransform_float_3_3
Parameters: 0.999998 -0.00202541 -0.000142672 0.00202659 0.999924 0.0121757 0.000118335 -0.0121753 0.999926 0.144772 -0.0609557 0.544001
FixedParameters: 0 0 0

#Transform 139
Transform: AffineTransform_float_3_3
Parameters: 0.999996 -0.00259206 -0.000154825 0.00259394 0.999896 0.0142006 0.000118175 -0.0142014 0.999899 0.147865 -0.142022 0.483176
FixedParameters: 0 0 0

#Transform 140
Transform: AffineTransform_float_3_3
Parameters: 0.999998 -0.00207003 0.00013598 0.00206797 0.999906 0.0135423 -0.000164019 -0.0135417 0.999909 0.118607 -0.167861 0.608767
FixedParameters: 0 0 0

#Transform 141
Transform: AffineTransform_float_3_3
Parameters: 0.999998 -0.00202204 6.23967e-05 0.00202096 0.999904 0.0136541 -8.96045e-05 -0.0136548 0.999907 0.128559 -0.171141 0.568759
FixedParameters: 0 0 0

#Transform 142
Transform: AffineTransform_float_3_3
Parameters: 0.999998 -0.00199923 0.000142615 0.00199778 0.999897 0.0142053 -0.000170395 -0.0142047 0.999899 0.114537 -0.172566 0.50786
FixedParameters: 0 0 0

#Transform 143
Transform: AffineTransform_float_3_3
Parameters: 0.999999 -0.00180432 8.43661e-05 0.00180267 0.999905 0.0136572 -0.000109631 -0.0136578 0.999906 0.106405 -0.155949 0.539806
FixedParameters: 0 0 0

#Transform 144
Transform: AffineTransform_float_3_3
Parameters: 0.999998 -0.0019713 0.000233678 0.00196771 0.999909 0.0133635 -0.000259317 -0.0133625 0.99991 0.118415 -0.123342 0.515764
FixedParameters: 0 0 0

#Transform 145
Transform: AffineTransform_float_3_3
Parameters: 0.999997 -0.00234145 0.000171219 0.00233855 0.999911 0.0131524 -0.000201776 -0.0131526 0.999913 0.144449 -0.104508 0.470501
FixedParameters: 0 0 0

#Transform 146
Transform: AffineTransform_float_3_3
Parameters: 0.999998 -0.00224339 -0.000145375 0.00224562 0.999923 0.0121977 0.000118619 -0.0121973 0.999925 0.156277 -0.0608469 0.514013
FixedParameters: 0 0 0

#Transform 147
Transform: AffineTransform_float_3_3
Parameters: 0.999998 -0.0022669 -2.27754e-05 0.00226611 0.999911 0.013134 -6.76369e-06 -0.013134 0.999913 0.140466 -0.122269 0.575754
FixedParameters: 0 0 0

#Transform 148
Transform: AffineTransform_float_3_3
Parameters: 0.999998 -0.00195821 0.000214486 0.00195578 0.999899 0.0140615 -0.000242524 -0.0140606 0.999901 0.112468 -0.165971 0.484831
FixedParameters: 0 0 0

#Transform 149
Transform: AffineTransform_float_3_3
Parameters: 0.999998 -0.00166652 0.0002582 0.00166246 0.999913 0.0130944 -0.000280792 -0.0130936 0.999914 0.0950697 -0.16268 0.540708
FixedParameters: 0 0 0

#Transform 150
Transform: AffineTransform_float_3_3
Parameters: 0.999998 -0.00159658 0.000258809 0.00159342 0.99991 0.0132874 -0.000280198 -0.0132876 0.999911 0.0845735 -0.149319 0.519444
FixedParameters: 0 0 0

#Transform 151
Transform: AffineTransform_float_3_3
Parameters: 0.999998 -0.00169483 5.01106e-05 0.00169417 0.999908 0.0135081 -7.28914e-05 -0.0135079 0.999909 0.0867135 -0.142038 0.539358
FixedParameters: 0 0 0

#Transform 152
Transform: AffineTransform_float_3_3
Parameters: 0.999998 -0.00169353 -4.63451e-05 0.00169346 0.999911 0.0131919 2.36619e-05 -0.0131921 0.999913 0.0889517 -0.108261 0.532722
FixedParameters: 0 0 0

#Transform 153
Transform: AffineTransform_float_3_3
Parameters: 0.999997 -0.00221088 -2.36329e-05 0.00221112 0.999913 0.01295 -4.63451e-06 -0.01295 0.999916 0.134374 -0.0890311 0.486359
FixedParameters: 0 0 0

#Transform 154
Transform: AffineTransform_float_3_3
Parameters: 0.999997 -0.00221175 4.45869e-05 0.00221125 0.999915 0.0128481 -7.2416e-05 -0.0128479 0.999918 0.130546 -0.0956439 0.558358
FixedParameters: 0 0 0

#Transform 155
Transform: AffineTransform_float_3_3
Parameters: 0.999998 -0.00195432 0.000163228 0.00195168 0.999911 0.0131943 -0.000188769 -0.0131947 0.999913 0.115092 -0.131755 0.587376
FixedParameters: 0 0 0

#Transform 156
Transform: AffineTransform_float_3_3
Parameters: 0.999998 -0.00200639 0.000160541 0.00200462 0.999904 0.0136934 -0.000187467 -0.0136927 0.999906 0.105967 -0.144274 0.555001
FixedParameters: 0 0 0

#Transform 157
Transform: AffineTransform_float_3_3
Parameters: 0.999998 -0.0017388 5.04275e-05 0.0017372 0.999914 0.0129841 -7.25618e-05 -0.0129839 0.999915 0.101653 -0.148813 0.54059
FixedParameters: 0 0 0

#Transform 158
Transform: AffineTransform_float_3_3
Parameters: 0.999998 -0.00170881 5.0506e-05 0.00170819 0.999912 0.0131661 -7.24963e-05 -0.0131659 0.999914 0.0985722 -0.148384 0.522761
FixedParameters: 0 0 0

#Transform 159
Transform: AffineTransform_float_3_3
Parameters: 0.999998 -0.00202379 4.63405e-05 0.00202322 0.999911 0.0131751 -7.26621e-05 -0.0131749 0.999913 0.117892 -0.123488 0.442162
FixedParameters: 0 0 0

#Transform 160
Transform: AffineTransform_float_3_3
Parameters: 0.999998 -0.00200183 -2.58207e-05 0.00200216 0.999921 0.012398 1.77229e-07 -0.012398 0.999923 0.125371 -0.0859462 0.492934
FixedParameters: 0 0 0

#Transform 161
Transform: AffineTransform_float_3_3
Parameters: 0.999997 -0.00221026 -7.0978e-05 0.00221074 0.999911 0.0131079 4.2025e-05 -0.0131081 0.999914 0.141486 -0.102971 0.492949
FixedParameters: 0 0 0

#Transform 162
Transform: AffineTransform_float_3_3
Parameters: 0.999998 -0.00211381 4.34572e-05 0.00211319 0.9999 0.0139781 -7.25452e-05 -0.0139779 0.999903 0.122871 -0.159674 0.494573
FixedParameters: 0 0 0

#Transform 163
Transform: AffineTransform_float_3_3
Parameters: 0.999998 -0.00206776 4.66272e-05 0.00206725 0.999917 0.0127561 -7.23776e-05 -0.0127569 0.999918 0.119957 -0.171668 0.531333
FixedParameters: 0 0 0

#Transform 164
Transform: AffineTransform_float_3_3
Parameters: 0.999998 -0.00220713 -0.000305393 0.00221088 0.999909 0.0133044 0.000276608 -0.0133057 0.999912 0.126371 -0.158926 0.393243
FixedParameters: 0 0 0

#Transform 165
Transform: AffineTransform_float_3_3
Parameters: 0.999999 -0.00183979 4.93554e-05 0.00183922 0.999915 0.0128541 -7.26473e-05 -0.0128539 0.999918 0.109693 -0.140889 0.504676
FixedParameters: 0 0 0

#Transform 166
Transform: AffineTransform_float_3_3
Parameters: 0.999998 -0.00198377 4.77325e-05 0.00198324 0.999917 0.0127391 -7.22703e-05 -0.0127389 0.999919 0.110146 -0.103279 0.481896
FixedParameters: 0 0 0

#Transform 167
Transform: AffineTransform_float_3_3
Parameters: 0.999997 -0.00221032 -6.77669e-05 0.00221068 0.999918 0.0125599 4.02391e-05 -0.0125591 0.999921 0.125242 -0.0964207 0.41941
FixedParameters: 0 0 0

#Transform 168
Transform: AffineTransform_float_3_3
Parameters: 0.999997 -0.00221069 -3.94205e-05 0.00221031 0.999926 0.0119499 1.25876e-05 -0.0119501 0.999928 0.130798 -0.0831549 0.488192
FixedParameters: 0 0 0

#Transform 169
Transform: AffineTransform_float_3_3
Parameters: 0.999997 -0.00221174 4.53809e-05 0.00221126 0.999919 0.0124891 -7.2622e-05 -0.0124889 0.999922 0.146142 -0.106277 0.538218
FixedParameters: 0 0 0

#Transform 170
Transform: AffineTransform_float_3_3
Parameters: 0.999998 -0.00195435 -6.07196e-05 0.00195465 0.999904 0.0136689 3.4285e-05 -0.0136691 0.999906 0.1196 -0.154133 0.444586
FixedParameters: 0 0 0

#Transform 171
Transform: AffineTransform_float_3_3
Parameters: 0.999998 -0.0017268 5.05419e-05 0.0017252 0.999914 0.0130081 -7.24475e-05 -0.0130079 0.999916 0.0999324 -0.155208 0.511294
FixedParameters: 0 0 0

#Transform 172
Transform: AffineTransform_float_3_3
Parameters: 0.999998 -0.00157159 -0.000197241 0.00157342 0.999916 0.0128687 0.000177766 -0.0128693 0.999917 0.110758 -0.135772 0.499696
FixedParameters: 0 0 0

#Transform 173
Transform: AffineTransform_float_3_3
Parameters: 0.999999 -0.0015694 -5.64195e-05 0.0015696 0.999914 0.0130079 3.55856e-05 -0.0130081 0.999916 0.0940162 -0.146114 0.497044
FixedParameters: 0 0 0

#Transform 174
Transform: AffineTransform_float_3_3
Parameters: 0.999998 -0.0015601 -0.000394896 0.0015649 0.999917 0.0127324 0.000375105 -0.0127326 0.999919 0.102076 -0.114012 0.496873
FixedParameters: 0 0 0

#Transform 175
Transform: AffineTransform_float_3_3
Parameters: 0.999998 -0.00170154 -0.000375813 0.00170547 0.999924 0.0122154 0.000355194 -0.0122156 0.999926 0.103358 -0.0886876 0.419461
FixedParameters: 0 0 0

#Transform 176
Transform: AffineTransform_float_3_3
Parameters: 0.999999 -0.00174964 -0.00029375 0.00175236 0.999929 0.0118475 0.000273257 -0.0118485 0.99993 0.111948 -0.0843181 0.503074
FixedParameters: 0 0 0

#Transform 177
Transform: AffineTransform_float_3_3
Parameters: 0.999998 -0.00162178 5.28517e-05 0.00162123 0.999922 0.0124261 -7.21509e-05 -0.0124259 0.999923 0.0940535 -0.119537 0.525662
FixedParameters: 0 0 0

#Transform 178
Transform: AffineTransform_float_3_3
Parameters: 0.999998 -0.00162984 5.10164e-05 0.00162916 0.999907 0.0134911 -7.29856e-05 -0.0134909 0.999909 0.0940288 -0.161702 0.399027
FixedParameters: 0 0 0

#Transform 179
Transform: AffineTransform_float_3_3
Parameters: 0.999999 -0.00132766 -0.000193769 0.00132934 0.99992 0.0126188 0.000177239 -0.0126193 0.999921 0.0818337 -0.136411 0.500172
FixedParameters: 0 0 0

#Transform 180
Transform: AffineTransform_float_3_3
Parameters: 0.999999 -0.00128481 5.6952e-05 0.00128419 0.999921 0.0124941 -7.30503e-05 -0.0124939 0.999922 0.0856942 -0.13343 0.494099
FixedParameters: 0 0 0

#Transform 181
Transform: AffineTransform_float_3_3
Parameters: 0.999999 -0.00144392 -1.51231e-05 0.00144408 0.999928 0.011858 -2.12402e-06 -0.011858 0.999929 0.0896651 -0.0981054 0.432594
FixedParameters: 0 0 0

#Transform 182
Transform: AffineTransform_float_3_3
Parameters: 0.999999 -0.00177702 -0.000348927 0.00178098 0.999929 0.0117624 0.000328074 -0.0117626 0.999931 0.104521 -0.067385 0.447219
FixedParameters: 0 0 0

#Transform 183
Transform: AffineTransform_float_3_3
Parameters: 0.999999 -0.0017767 -0.000347729 0.0017813 0.999917 0.0127764 0.000325268 -0.0127766 0.999919 0.115592 -0.0929241 0.381039
FixedParameters: 0 0 0

#Transform 184
Transform: AffineTransform_float_3_3
Parameters: 0.999998 -0.00162779 5.25997e-05 0.00162722 0.99992 0.0125351 -7.24028e-05 -0.0125349 0.999922 0.107963 -0.123489 0.473453
FixedParameters: 0 0 0

#Transform 185
Transform: AffineTransform_float_3_3
Parameters: 0.999999 -0.00146578 5.52197e-05 0.00146523 0.999926 0.0121331 -7.27844e-05 -0.0121339 0.999927 0.102305 -0.126174 0.481961
FixedParameters: 0 0 0

#Transform 186
Transform: AffineTransform_float_3_3
Parameters: 0.999999 -0.00136882 5.54548e-05 0.00136818 0.999917 0.0128211 -7.25474e-05 -0.0128209 0.999918 0.0899227 -0.127135 0.428249
FixedParameters: 0 0 0

#Transform 187
Transform: AffineTransform_float_3_3
Parameters: 0.999999 -0.000912835 6.16773e-05 0.000912172 0.999922 0.0124091 -7.23247e-05 -0.0124089 0.999923 0.0695021 -0.107828 0.462104
FixedParameters: 0 0 0

#Transform 188
Transform: AffineTransform_float_3_3
Parameters: 0.999999 -0.00125181 5.73956e-05 0.00125119 0.999922 0.0124691 -7.2608e-05 -0.0124699 0.999923 0.0755437 -0.068088 0.441159
FixedParameters: 0 0 0

#Transform 189
Transform: AffineTransform_float_3_3
