#Insight Transform File V1.0
#Transform 0
Transform: AffineTransform_float_3_3
Parameters: 1 0.000607232 -0.000118819 -0.000606767 0.999998 0.00194507 0.00012018 -0.00194493 0.999998 -0.0820843 0.142385 0.227849
FixedParameters: 0 0 0

#Transform 1
Transform: AffineTransform_float_3_3
Parameters: 0.999999 0.000615573 0.00111534 -0.000617429 0.999998 0.00217731 -0.00111466 -0.00217769 0.999997 -0.0681281 0.06375 0.251171
FixedParameters: 0 0 0

#Transform 2
Transform: AffineTransform_float_3_3
Parameters: 0.999999 0.000771981 0.00164148 -0.000773018 0.999999 0.000619732 -0.00164152 -0.000621268 0.999999 -0.0889778 0.123783 0.206922
FixedParameters: 0 0 0

#Transform 3
Transform: AffineTransform_float_3_3
Parameters: 0.999999 0.000757763 0.00156463 -0.000756237 0.999999 -0.000488184 -0.00156537 0.000486814 0.999998 -0.100642 0.252567 0.138566
FixedParameters: 0 0 0

#Transform 4
Transform: AffineTransform_float_3_3
Parameters: 1 0.000661814 0.000891396 -0.000660186 1 -0.00091359 -0.000891603 0.000912411 0.999999 -0.0646936 0.338835 0.0201527
FixedParameters: 0 0 0

#Transform 5
Transform: AffineTransform_float_3_3
Parameters: 0.999999 0.000749196 0.000375607 -0.000748803 0.999999 -0.000524281 -0.000375392 0.000523719 1 -0.0589749 0.280078 -0.00891498
FixedParameters: 0 0 0

#Transform 6
Transform: AffineTransform_float_3_3
Parameters: 1 0.000592914 0.00024321 -0.000593086 1 0.000354856 -0.00024279 -0.000354144 1 -0.0456766 0.115684 0.0751953
FixedParameters: 0 0 0

#Transform 7
Transform: AffineTransform_float_3_3
Parameters: 1 0.000660802 0.000858152 -0.000660198 1 0.000230433 -0.000857847 -0.000231567 0.999999 -0.0465263 0.0975196 0.14216
FixedParameters: 0 0 0

#Transform 8
Transform: AffineTransform_float_3_3
Parameters: 0.999999 0.000660686 0.000648319 -0.000660312 0.999999 0.000482572 -0.000647681 -0.000483428 0.999999 -0.0289538 0.0924377 0.0631514
FixedParameters: 0 0 0

#Transform 9
Transform: AffineTransform_float_3_3
Parameters: 0.999999 0.000660595 0.000553482 -0.000660403 0.999999 0.000730634 -0.000552517 -0.000730365 0.999999 -0.0227169 0.202169 0.152716
FixedParameters: 0 0 0

#Transform 10
Transform: AffineTransform_float_3_3
Parameters: 0.999999 0.000547537 0.000553458 -0.000548463 1 0.000836697 -0.000552541 -0.000837303 0.999999 -0.0100811 0.306345 0.129678
FixedParameters: 0 0 0

#Transform 11
Transform: AffineTransform_float_3_3
Parameters: 1 0.000275321 0.000391478 -0.000275678 0.999998 0.00173489 -0.000390522 -0.00173511 0.999999 -0.000935488 0.300027 0.0308192
FixedParameters: 0 0 0

#Transform 12
Transform: AffineTransform_float_3_3
Parameters: 0.999999 0.000156005 0.00089335 -0.000157997 0.999998 0.00223386 -0.000893649 -0.00223414 0.999997 0.00518022 0.361705 0.164952
FixedParameters: 0 0 0

#Transform 13
Transform: AffineTransform_float_3_3
Parameters: 1 0.000135888 0.000553274 -0.000137111 0.999998 0.00200992 -0.000552725 -0.00201008 0.999998 0.00991644 0.365634 0.13641
FixedParameters: 0 0 0

#Transform 14
Transform: AffineTransform_float_3_3
Parameters: 1 6.21577e-05 0.0011261 -6.38437e-05 0.999998 0.00163593 -0.0011269 -0.00163607 0.999998 -0.0110853 0.242738 0.0582723
FixedParameters: 0 0 0

#Transform 15
Transform: AffineTransform_float_3_3
Parameters: 0.999999 0.000398339 0.00134349 -0.000399659 0.999999 0.00123546 -0.00134251 -0.00123654 0.999999 -0.0369058 0.203291 0.0452976
FixedParameters: 0 0 0

#Transform 16
Transform: AffineTransform_float_3_3
Parameters: 1 0.000642862 0.000940095 -0.000643139 1 0.000147395 -0.000939905 -0.000147604 0.999999 -0.0408962 0.278662 -0.0525045
FixedParameters: 0 0 0

#Transform 17
Transform: AffineTransform_float_3_3
Parameters: 0.999999 0.000482498 0.000552566 -0.000482503 1 -0.000899268 -0.000553435 0.000899734 1 -0.0450839 0.297088 -0.097248
FixedParameters: 0 0 0

#Transform 18
Transform: AffineTransform_float_3_3
Parameters: 0.999999 0.000482661 0.000552423 -0.000482339 0.999999 -0.00119627 -0.000552577 0.00119573 0.999999 -0.0460211 0.275466 -0.147563
FixedParameters: 0 0 0

#Transform 19
Transform: AffineTransform_float_3_3
Parameters: 0.999999 0.000482188 0.000552836 -0.000482812 1 -0.000340267 -0.000553164 0.000339733 1 -0.041587 0.0912368 -0.0916524
FixedParameters: 0 0 0

#Transform 20
Transform: AffineTransform_float_3_3
Parameters: 1 0.000123109 -0.000340961 -0.000122891 1 0.000319042 0.000341039 -0.000318958 1 0.0146939 -0.04037 -0.0117873
FixedParameters: 0 0 0

#Transform 21
Transform: AffineTransform_float_3_3
Parameters: 1 -7.10044e-05 1.09716e-05 7.09956e-05 1 0.000400001 -1.10284e-05 -0.000399999 1 0.0105976 0.0953084 -0.0166877
FixedParameters: 0 0 0

#Transform 22
Transform: AffineTransform_float_3_3
Parameters: 1 0.00017207 -0.000309961 -0.00017193 1 0.000227053 0.000310039 -0.000226947 1 0.0377371 0.178924 -0.0360068
FixedParameters: 0 0 0

#Transform 23
Transform: AffineTransform_float_3_3
Parameters: 1 0.000116005 -9.39943e-05 -0.000115995 1 4.90109e-05 9.40057e-05 -4.89891e-05 1 0.0344705 0.305873 0.0204083
FixedParameters: 0 0 0

#Transform 24
Transform: AffineTransform_float_3_3
Parameters: 1 -7.10001e-05 -2.99996e-05 7.09998e-05 1 -5.00213e-06 3.00004e-05 4.99787e-06 1 0.0208557 0.403156 0.0105959
FixedParameters: 0 0 0

#Transform 25
Transform: AffineTransform_float_3_3
Parameters: 0.999999 0.000120176 0.000730971 -0.000119824 1 -0.000241088 -0.000730028 0.000240912 0.999999 -0.0152043 0.403509 0.0167365
FixedParameters: 0 0 0

#Transform 26
Transform: AffineTransform_float_3_3
Parameters: 1 3.0418e-06 8.79986e-05 -2.9582e-06 1 -0.000475 -8.80014e-05 0.000475 1 -0.00813904 0.431129 0.0552967
FixedParameters: 0 0 0

#Transform 27
Transform: AffineTransform_float_3_3
Parameters: 1 -7.09433e-05 9.20437e-05 7.10566e-05 1 -0.000615993 -9.19562e-05 0.000616006 1 -0.00808412 0.326088 0.039565
FixedParameters: 0 0 0

#Transform 28
Transform: AffineTransform_float_3_3
Parameters: 1 -0.000144059 -8.79036e-05 0.000143941 1 -0.000669012 8.80963e-05 0.000668987 1 0.000304618 0.220448 0.0177847
FixedParameters: 0 0 0

#Transform 29
Transform: AffineTransform_float_3_3
Parameters: 1 2.55198e-05 0.00021894 -2.448e-05 0.999997 -0.00237401 -0.000219059 0.002374 0.999997 -0.0256588 0.275211 -0.0713901
FixedParameters: 0 0 0

#Transform 30
Transform: AffineTransform_float_3_3
Parameters: 1 -7.12724e-05 -0.00010181 7.07271e-05 0.999997 -0.00267301 0.000102189 0.002673 0.999997 -0.0289075 0.243597 -0.0626088
FixedParameters: 0 0 0

#Transform 31
Transform: AffineTransform_float_3_3
Parameters: 0.999999 -0.000559007 -0.000648274 0.00055699 0.999995 -0.00309336 0.000650726 0.00309264 0.999995 0.00283134 0.197678 -0.0535713
FixedParameters: 0 0 0

#Transform 32
Transform: AffineTransform_float_3_3
Parameters: 0.999999 -0.00080918 -7.7131e-05 0.00080982 0.999997 -0.00231006 7.88709e-05 0.00230994 0.999998 0.0183212 0.0774836 0.0143469
FixedParameters: 0 0 0

#Transform 33
Transform: AffineTransform_float_3_3
Parameters: 0.999999 -0.000806957 2.16301e-05 0.000807042 0.999997 -0.00201998 -2.03706e-05 0.00201902 0.999998 -0.00497756 0.0595116 0.0315502
FixedParameters: 0 0 0

#Transform 34
Transform: AffineTransform_float_3_3
Parameters: 1 -0.000615439 -0.000216757 0.00061556 0.999998 -0.00202013 0.000218244 0.00201987 0.999998 -0.00747691 0.171268 0.0406908
FixedParameters: 0 0 0

#Transform 35
Transform: AffineTransform_float_3_3
Parameters: 1 -0.000223987 0.000497457 0.000225012 0.999998 -0.00203689 -0.000496542 0.00203711 0.999998 -0.0584963 0.267314 0.00307757
FixedParameters: 0 0 0

#Transform 36
Transform: AffineTransform_float_3_3
Parameters: 1 -0.000845105 0.000435743 0.000845898 0.999998 -0.00206063 -0.000434258 0.00206137 0.999998 -0.0271465 0.332315 0.0109335
FixedParameters: 0 0 0

#Transform 37
Transform: AffineTransform_float_3_3
Parameters: 0.999999 -0.000802664 0.000205317 0.000803335 0.999999 -0.00164084 -0.000203682 0.00164116 0.999998 -0.0260677 0.472503 0.0178221
FixedParameters: 0 0 0

#Transform 38
Transform: AffineTransform_float_3_3
Parameters: 0.999999 -0.000547248 0.000525783 0.000548751 0.999999 -0.00142971 -0.000525216 0.00143029 0.999999 -0.0398806 0.459374 0.0231015
FixedParameters: 0 0 0

#Transform 39
Transform: AffineTransform_float_3_3
Parameters: 1 -0.000465021 0.000514886 0.000465979 0.999998 -0.00190276 -0.000514114 0.00190324 0.999998 -0.0404689 0.403104 -0.0103952
FixedParameters: 0 0 0

#Transform 40
Transform: AffineTransform_float_3_3
Parameters: 1 -0.000328604 0.000402145 0.000330396 0.999994 -0.00347687 -0.000400854 0.00347713 0.999994 -0.0232506 0.429149 -0.100225
FixedParameters: 0 0 0

#Transform 41
Transform: AffineTransform_float_3_3
Parameters: 1 -0.000397679 8.64875e-05 0.000398322 0.999993 -0.00373897 -8.55113e-05 0.00373903 0.999993 -0.0213313 0.364212 -0.0988146
FixedParameters: 0 0 0

#Transform 42
Transform: AffineTransform_float_3_3
Parameters: 1 -0.00046725 0.000171063 0.00046775 0.99999 -0.00441092 -0.000168938 0.00441108 0.999991 -0.0342282 0.28792 -0.1051
FixedParameters: 0 0 0

#Transform 43
Transform: AffineTransform_float_3_3
Parameters: 1 -0.000460127 0.000171362 0.000460871 0.999986 -0.00512792 -0.000168639 0.00512808 0.999987 -0.0442442 0.217347 -0.26286
FixedParameters: 0 0 0

#Transform 44
Transform: AffineTransform_float_3_3
Parameters: 1 -2.14476e-06 -0.000242993 8.55205e-07 0.999989 -0.004711 0.000243007 0.004711 0.999989 -0.0317894 0.0863979 -0.237047
FixedParameters: 0 0 0

#Transform 45
Transform: AffineTransform_float_3_3
Parameters: 0.999999 -0.000202042 -0.00124535 0.00019796 0.999994 -0.00324425 0.00124565 0.00324475 0.999994 -0.0121989 0.0217511 -0.040882
FixedParameters: 0 0 0

#Transform 46
Transform: AffineTransform_float_3_3
Parameters: 0.999999 -0.000661177 -0.00113215 0.000657824 0.999996 -0.00280375 0.00113385 0.00280325 0.999996 -0.00921059 0.112852 -0.0770434
FixedParameters: 0 0 0

#Transform 47
Transform: AffineTransform_float_3_3
Parameters: 0.999999 -0.000659121 -0.000763032 0.000657878 0.999998 -0.0014695 0.000763966 0.0014685 0.999998 -0.0158002 0.152698 -0.117943
FixedParameters: 0 0 0

#Transform 48
Transform: AffineTransform_float_3_3
Parameters: 0.999999 -0.00065939 -0.000762799 0.00065761 0.999998 -0.0018225 0.000763199 0.0018215 0.999998 0.00100124 0.321814 -0.151575
FixedParameters: 0 0 0

#Transform 49
Transform: AffineTransform_float_3_3
Parameters: 0.999999 -0.000480393 -0.000763124 0.000478606 0.999998 -0.00182537 0.000763874 0.00182463 0.999998 -0.0178728 0.516946 -0.106353
FixedParameters: 0 0 0

#Transform 50
Transform: AffineTransform_float_3_3
Parameters: 0.999999 -0.000660034 -0.00110779 0.000657967 0.999998 -0.00183473 0.00110921 0.00183427 0.999997 -0.00992662 0.590724 -0.0830199
FixedParameters: 0 0 0

#Transform 51
Transform: AffineTransform_float_3_3
Parameters: 1 -0.000659514 -0.000867852 0.000658486 0.999999 -0.00174357 0.000869149 0.00174243 0.999998 0.022077 0.55349 -0.0731842
FixedParameters: 0 0 0

#Transform 52
Transform: AffineTransform_float_3_3
Parameters: 1 -0.000659556 -0.000931902 0.000658446 0.999999 -0.00166762 0.0009331 0.00166739 0.999998 0.0296996 0.477966 -0.0547728
FixedParameters: 0 0 0

#Transform 53
Transform: AffineTransform_float_3_3
Parameters: 0.999999 -0.000957688 -0.00111956 0.000956313 0.999999 -0.00150707 0.00112044 0.00150593 0.999998 0.0791966 0.31595 0.035113
FixedParameters: 0 0 0

#Transform 54
Transform: AffineTransform_float_3_3
Parameters: 0.999998 -0.00110895 -0.00121122 0.00110705 0.999998 -0.00161034 0.00121278 0.00160966 0.999998 0.0629766 0.142376 -0.0546507
FixedParameters: 0 0 0

#Transform 55
Transform: AffineTransform_float_3_3
Parameters: 0.999999 -0.000971486 -0.00115808 0.000967514 0.999995 -0.00300712 0.00116091 0.00300588 0.999995 0.0488046 0.118103 -0.19751
FixedParameters: 0 0 0

#Transform 56
Transform: AffineTransform_float_3_3
Parameters: 1 -0.000661619 -0.000840164 0.000658382 0.99999 -0.00429956 0.000842839 0.00429944 0.999991 0.0556439 0.170814 -0.279876
FixedParameters: 0 0 0

#Transform 57
Transform: AffineTransform_float_3_3
Parameters: 0.999999 -0.000662921 -0.00114316 0.000658075 0.99999 -0.00429975 0.00114684 0.00429924 0.99999 0.033686 0.186353 -0.279824
FixedParameters: 0 0 0

#Transform 58
Transform: AffineTransform_float_3_3
Parameters: 0.999999 -0.00105836 -0.00104862 0.00105564 0.999995 -0.00319811 0.00105238 0.00319689 0.999995 0.0654609 0.0575706 -0.177379
FixedParameters: 0 0 0

#Transform 59
Transform: AffineTransform_float_3_3
Parameters: 0.999998 -0.00135345 -0.00131544 0.00134855 0.999994 -0.00337478 0.00132056 0.00337222 0.999994 0.0643909 0.166542 -0.183022
FixedParameters: 0 0 0

#Transform 60
Transform: AffineTransform_float_3_3
Parameters: 0.999999 -0.00135296 -0.00124271 0.00134904 0.999994 -0.00317868 0.00124729 0.00317732 0.999994 0.0623697 0.320015 -0.180583
FixedParameters: 0 0 0

#Transform 61
Transform: AffineTransform_float_3_3
Parameters: 0.999999 -0.00135213 -0.00108411 0.00134887 0.999995 -0.00288147 0.00108789 0.00287953 0.999996 0.0581085 0.441302 -0.177207
FixedParameters: 0 0 0

#Transform 62
Transform: AffineTransform_float_3_3
Parameters: 0.999998 -0.00135305 -0.00131685 0.00134895 0.999995 -0.00307378 0.00132115 0.00307222 0.999995 0.0627667 0.497378 -0.154918
FixedParameters: 0 0 0

#Transform 63
Transform: AffineTransform_float_3_3
Parameters: 0.999999 -0.00135233 -0.00113304 0.00134867 0.999995 -0.00293253 0.00113696 0.00293147 0.999995 0.056059 0.527262 -0.142319
FixedParameters: 0 0 0

#Transform 64
Transform: AffineTransform_float_3_3
Parameters: 0.999999 -0.00135254 -0.00120604 0.00134846 0.999995 -0.00293363 0.00120996 0.00293237 0.999995 0.0500593 0.411205 -0.112182
FixedParameters: 0 0 0

#Transform 65
Transform: AffineTransform_float_3_3
Parameters: 0.999998 -0.00135192 -0.00100509 0.00134908 0.999995 -0.00289536 0.00100891 0.00289464 0.999996 0.0411538 0.321979 -0.0964784
FixedParameters: 0 0 0

#Transform 66
Transform: AffineTransform_float_3_3
Parameters: 0.999999 -0.00135286 -0.000808569 0.00134914 0.999988 -0.0047611 0.000814432 0.0047599 0.999989 0.0376251 0.438229 -0.101151
FixedParameters: 0 0 0

#Transform 67
Transform: AffineTransform_float_3_3
Parameters: 0.999999 -0.000482376 -0.000813596 0.000479626 0.999995 -0.00291739 0.000814403 0.00291761 0.999996 0.0145684 0.282339 -0.115592
FixedParameters: 0 0 0

#Transform 68
Transform: AffineTransform_float_3_3
Parameters: 1 6.14003e-05 -0.000188197 -6.1599e-05 0.999995 -0.00318799 0.000187805 0.00318801 0.999995 -0.0262511 0.188434 -0.0463721
FixedParameters: 0 0 0

#Transform 69
Transform: AffineTransform_float_3_3
Parameters: 1 -0.000125477 -0.000136564 0.000124522 0.999994 -0.00348502 0.000137435 0.00348498 0.999994 -0.036391 0.170559 0.0411662
FixedParameters: 0 0 0

#Transform 70
Transform: AffineTransform_float_3_3
Parameters: 0.999999 -0.000825469 -0.000151466 0.000825532 0.999995 -0.00307113 0.000153536 0.00307088 0.999996 -0.0176531 0.0758318 0.0865885
FixedParameters: 0 0 0

#Transform 71
Transform: AffineTransform_float_3_3
Parameters: 1 -0.00109336 -0.000133063 0.00109264 0.999996 -0.00268715 0.000135938 0.00268785 0.999997 -0.0150156 0.0411993 0.0156378
FixedParameters: 0 0 0

#Transform 72
Transform: AffineTransform_float_3_3
Parameters: 0.999999 -0.00109264 0.000158464 0.00109235 0.999997 -0.00225483 -0.000155537 0.00225517 0.999998 -0.0202758 0.110403 -0.0616833
FixedParameters: 0 0 0

#Transform 73
Transform: AffineTransform_float_3_3
Parameters: 1 -0.00109227 0.000310594 0.00109274 0.999996 -0.00237366 -0.000308407 0.00237434 0.999997 -0.00789062 0.229173 -0.135526
FixedParameters: 0 0 0

#Transform 74
Transform: AffineTransform_float_3_3
Parameters: 1 -0.00109307 -3.17352e-05 0.00109293 0.999998 -0.00207204 3.42646e-05 0.00207196 0.999998 0.00562449 0.363898 -0.174561
FixedParameters: 0 0 0

#Transform 75
Transform: AffineTransform_float_3_3
Parameters: 0.999999 -0.000710905 3.12409e-05 0.000710094 0.999995 -0.00315198 -2.87619e-05 0.00315202 0.999995 0.000335631 0.544051 -0.241319
FixedParameters: 0 0 0

#Transform 76
Transform: AffineTransform_float_3_3
Parameters: 0.999999 -0.000759987 0.000458355 0.000762016 0.99999 -0.00440865 -0.000455645 0.00440835 0.99999 -0.0180726 0.612271 -0.223288
FixedParameters: 0 0 0

#Transform 77
Transform: AffineTransform_float_3_3
Parameters: 1 -0.000425959 -0.000551728 0.000423039 0.999985 -0.00535223 0.000554272 0.00535176 0.999985 -0.0245831 0.557007 -0.180077
FixedParameters: 0 0 0

#Transform 78
Transform: AffineTransform_float_3_3
Parameters: 0.999999 -0.00068616 -0.000589494 0.000683837 0.999993 -0.00365741 0.000592504 0.0036566 0.999993 -0.00352078 0.220999 -0.0722017
FixedParameters: 0 0 0

#Transform 79
Transform: AffineTransform_float_3_3
Parameters: 1 -0.000920199 -0.000502811 0.0009188 0.999996 -0.00238046 0.000505188 0.00237954 0.999997 -0.013875 -0.00684763 -0.0831397
FixedParameters: 0 0 0

#Transform 80
Transform: AffineTransform_float_3_3
Parameters: 0.999999 -0.000786006 -0.000356792 0.000784993 0.999995 -0.00281128 0.000359208 0.00281072 0.999996 -0.0200686 -0.058731 -0.144798
FixedParameters: 0 0 0

#Transform 81
Transform: AffineTransform_float_3_3
Parameters: 1 -0.00117443 -0.000178208 0.00117457 0.999997 -0.00237821 0.000180794 0.00237779 0.999997 -0.0169135 0.0301367 -0.139975
FixedParameters: 0 0 0

#Transform 82
Transform: AffineTransform_float_3_3
Parameters: 1 -0.00111981 -0.000388679 0.00111919 0.999997 -0.00207344 0.000390321 0.00207256 0.999998 -0.00968365 0.194906 -0.141701
FixedParameters: 0 0 0

#Transform 83
Transform: AffineTransform_float_3_3
Parameters: 0.999999 -0.00100457 -0.000241636 0.00100343 0.999996 -0.00235424 0.000243363 0.00235376 0.999997 -0.0231281 0.282207 -0.15631
FixedParameters: 0 0 0

#Transform 84
Transform: AffineTransform_float_3_3
Parameters: 0.999999 -0.000857721 0.000129859 0.00085828 0.999998 -0.00216689 -0.00012814 0.00216711 0.999997 -0.039235 0.37368 -0.169937
FixedParameters: 0 0 0

#Transform 85
Transform: AffineTransform_float_3_3
Parameters: 0.999999 -0.000848876 6.65977e-05 0.000849124 0.999998 -0.00188194 -6.5402e-05 0.00188206 0.999998 -0.0415534 0.337264 -0.164885
FixedParameters: 0 0 0

#Transform 86
Transform: AffineTransform_float_3_3
Parameters: 0.999999 -0.000968679 0.000151069 0.00096932 0.999997 -0.00213585 -0.00014893 0.00213615 0.999997 -0.0425555 0.378811 -0.207506
FixedParameters: 0 0 0

#Transform 87
Transform: AffineTransform_float_3_3
Parameters: 0.999999 -0.00073727 0.000184934 0.00073773 0.999992 -0.00397786 -0.000182067 0.00397813 0.999992 -0.0283235 0.456395 -0.275564
FixedParameters: 0 0 0

#Transform 88
Transform: AffineTransform_float_3_3
Parameters: 1 -9.3627e-05 -0.00059159 9.13712e-05 0.99999 -0.00443906 0.000592411 0.00443895 0.99999 -0.0213446 0.404826 -0.230587
FixedParameters: 0 0 0

#Transform 89
Transform: AffineTransform_float_3_3
Parameters: 0.999999 -0.000679159 -0.000589521 0.000676839 0.999993 -0.0036554 0.000592478 0.0036556 0.999993 -0.0152359 0.235337 -0.188574
FixedParameters: 0 0 0

#Transform 90
Transform: AffineTransform_float_3_3
Parameters: 1 -0.000909695 -0.000589393 0.000908305 0.999996 -0.00286854 0.000592608 0.00286846 0.999995 -0.0189729 0.0526992 -0.143251
FixedParameters: 0 0 0

#Transform 91
Transform: AffineTransform_float_3_3
Parameters: 0.999999 -0.00122365 -0.000223491 0.00122335 0.999995 -0.00286828 0.000227509 0.00286772 0.999996 -0.0404293 0.0156194 -0.202364
FixedParameters: 0 0 0

#Transform 92
Transform: AffineTransform_float_3_3
Parameters: 1 -0.0011528 7.22869e-05 0.0011532 0.999996 -0.00285092 -6.87125e-05 0.00285108 0.999996 -0.0486 0.065171 -0.24491
FixedParameters: 0 0 0

#Transform 93
Transform: AffineTransform_float_3_3
Parameters: 1 -0.000989614 0.000132913 0.000990388 0.999995 -0.00294287 -0.000130086 0.00294313 0.999995 -0.0491622 0.11882 -0.265693
FixedParameters: 0 0 0

#Transform 94
Transform: AffineTransform_float_3_3
Parameters: 1 -0.00109403 -7.96629e-06 0.00109397 0.999995 -0.00277301 1.10336e-05 0.00277299 0.999996 -0.0336448 0.25263 -0.270123
FixedParameters: 0 0 0

#Transform 95
Transform: AffineTransform_float_3_3
Parameters: 0.999999 -0.000750078 0.000267597 0.000750919 0.999993 -0.0034598 -0.000264403 0.0034602 0.999994 -0.009588 0.408037 -0.161787
FixedParameters: 0 0 0

#Transform 96
Transform: AffineTransform_float_3_3
Parameters: 1 -0.000664602 0.000110425 0.000665397 0.999993 -0.00364793 -0.000107573 0.00364807 0.999994 -0.00121415 0.521321 -0.106278
FixedParameters: 0 0 0

#Transform 97
Transform: AffineTransform_float_3_3
Parameters: 0.999999 -0.000757003 0.000216516 0.000757999 0.999989 -0.00464084 -0.000213484 0.00464116 0.999989 -0.0263228 0.458745 -0.182922
FixedParameters: 0 0 0

#Transform 98
Transform: AffineTransform_float_3_3
Parameters: 0.999999 -0.000901992 -0.000211816 0.000901006 0.999989 -0.00464119 0.000216184 0.00464081 0.999989 -0.00779843 0.373779 -0.108814
FixedParameters: 0 0 0

#Transform 99
Transform: AffineTransform_float_3_3
Parameters: 0.999999 -0.000839906 -0.000240862 0.000839093 0.999992 -0.0037382 0.000244138 0.0037378 0.999993 -0.00570137 0.158273 -0.0668552
FixedParameters: 0 0 0

#Transform 100
Transform: AffineTransform_float_3_3
Parameters: 0.999999 -0.00114558 -0.000469167 0.00114342 0.999993 -0.00334854 0.000472831 0.00334746 0.999995 0.00776754 0.111164 -0.0626335
FixedParameters: 0 0 0

#Transform 101
Transform: AffineTransform_float_3_3
Parameters: 1 -0.00113617 -0.000361353 0.00113484 0.999994 -0.00321141 0.000364646 0.00321059 0.999995 0.00583236 0.108961 -0.127362
FixedParameters: 0 0 0

#Transform 102
Transform: AffineTransform_float_3_3
Parameters: 0.999999 -0.00129894 2.16956e-05 0.00129906 0.999995 -0.00284497 -1.83042e-05 0.00284503 0.999996 -0.0152017 0.153847 -0.164845
FixedParameters: 0 0 0

#Transform 103
Transform: AffineTransform_float_3_3
Parameters: 0.999999 -0.00142411 -3.92219e-05 0.00142389 0.999996 -0.00265306 4.27791e-05 0.00265394 0.999997 -0.0361907 0.266671 -0.136644
FixedParameters: 0 0 0

#Transform 104
Transform: AffineTransform_float_3_3
Parameters: 0.999999 -0.00142381 7.75696e-05 0.00142419 0.999996 -0.00250689 -7.34297e-05 0.00250711 0.999997 -0.033821 0.409101 -0.142599
FixedParameters: 0 0 0

#Transform 105
Transform: AffineTransform_float_3_3
Parameters: 0.999999 -0.00137011 0.000344537 0.00137088 0.999995 -0.00258053 -0.000340462 0.00258147 0.999996 -0.0648574 0.465604 -0.120766
FixedParameters: 0 0 0

#Transform 106
Transform: AffineTransform_float_3_3
Parameters: 0.999999 -0.00133306 0.00042099 0.00133394 0.999996 -0.00224144 -0.000418011 0.00224156 0.999998 -0.0626646 0.401958 -0.153282
FixedParameters: 0 0 0

#Transform 107
Transform: AffineTransform_float_3_3
Parameters: 0.999999 -0.00121299 0.000450735 0.00121401 0.999996 -0.00225345 -0.000448266 0.00225355 0.999998 -0.0448756 0.365675 -0.184599
FixedParameters: 0 0 0

#Transform 108
Transform: AffineTransform_float_3_3
Parameters: 0.999999 -0.00098648 -0.000119083 0.000985515 0.999991 -0.00397212 0.000123915 0.00397188 0.999992 -0.0122974 0.402308 -0.271773
FixedParameters: 0 0 0

#Transform 109
Transform: AffineTransform_float_3_3
Parameters: 0.999999 -0.000935736 -0.000382782 0.000934263 0.99999 -0.00451136 0.000387218 0.00451064 0.99999 0.0011704 0.3889 -0.226781
FixedParameters: 0 0 0

#Transform 110
Transform: AffineTransform_float_3_3
Parameters: 0.999999 -0.00139578 -0.000605622 0.00139321 0.999988 -0.00457485 0.00061238 0.00457415 0.99999 -0.0113223 0.275904 -0.244307
FixedParameters: 0 0 0

#Transform 111
Transform: AffineTransform_float_3_3
Parameters: 1 -0.00110542 -0.000377868 0.00110458 0.999993 -0.00374042 0.000382135 0.00374058 0.999993 -0.0128372 0.000938976 -0.153312
FixedParameters: 0 0 0

#Transform 112
Transform: AffineTransform_float_3_3
Parameters: 0.999999 -0.00129413 -0.000378171 0.00129287 0.999995 -0.00296049 0.00038283 0.00296051 0.999996 0.00636231 0.0039743 -0.0259805
FixedParameters: 0 0 0

#Transform 113
Transform: AffineTransform_float_3_3
Parameters: 0.999999 -0.000976327 -8.84613e-05 0.000975674 0.999993 -0.00362509 9.15374e-05 0.00362491 0.999994 -0.0194808 0.111056 -0.138958
FixedParameters: 0 0 0

#Transform 114
Transform: AffineTransform_float_3_3
Parameters: 1 -0.00107923 -6.31443e-05 0.00107876 0.999993 -0.00357307 6.78548e-05 0.00357293 0.999993 -0.0353323 0.172407 -0.141972
FixedParameters: 0 0 0

#Transform 115
Transform: AffineTransform_float_3_3
Parameters: 0.999999 -0.00143383 5.4544e-05 0.00143417 0.999994 -0.00316892 -5.04553e-05 0.00316908 0.999995 -0.0151084 0.350419 -0.137222
FixedParameters: 0 0 0

#Transform 116
Transform: AffineTransform_float_3_3
Parameters: 0.999999 -0.00143534 -0.000376948 0.00143366 0.999993 -0.00352154 0.000382051 0.00352145 0.999993 0.00240731 0.472643 -0.130459
FixedParameters: 0 0 0

#Transform 117
Transform: AffineTransform_float_3_3
Parameters: 0.999998 -0.00156118 -0.000377159 0.00156082 0.999994 -0.00310259 0.000382845 0.00310241 0.999995 0.00767689 0.517094 -0.133111
FixedParameters: 0 0 0

#Transform 118
Transform: AffineTransform_float_3_3
Parameters: 0.999999 -0.00143511 -0.000377789 0.00143388 0.999994 -0.00293554 0.00038221 0.00293445 0.999995 0.00647714 0.48688 -0.133722
FixedParameters: 0 0 0

#Transform 119
Transform: AffineTransform_float_3_3
Parameters: 0.999999 -0.00143532 -0.000481086 0.00143368 0.999995 -0.00272869 0.000484914 0.00272831 0.999996 0.0149996 0.402076 -0.135352
FixedParameters: 0 0 0

#Transform 120
Transform: AffineTransform_float_3_3
Parameters: 0.999999 -0.00162864 -0.000627772 0.00162736 0.999996 -0.00259803 0.00063223 0.00259698 0.999997 0.0280407 0.292328 -0.143502
FixedParameters: 0 0 0

#Transform 121
Transform: AffineTransform_float_3_3
Parameters: 0.999999 -0.00143559 -0.00047522 0.00143441 0.999993 -0.00333168 0.000479782 0.00333131 0.999995 0.0160854 0.269583 -0.220176
FixedParameters: 0 0 0

#Transform 122
Transform: AffineTransform_float_3_3
Parameters: 1 -0.00105252 -0.000377802 0.00105048 0.999992 -0.0039914 0.000382196 0.0039916 0.999992 0.00296807 0.206569 -0.254081
FixedParameters: 0 0 0

#Transform 123
Transform: AffineTransform_float_3_3
Parameters: 1 -0.00098203 -0.000469781 0.00097997 0.999991 -0.00430046 0.000474219 0.00430054 0.99999 -0.0113424 0.162951 -0.277518
FixedParameters: 0 0 0

#Transform 124
Transform: AffineTransform_float_3_3
Parameters: 0.999998 -0.00188669 -0.000318976 0.00188632 0.999996 -0.0021336 0.000323026 0.00213339 0.999997 0.0222019 -0.140781 -0.145553
FixedParameters: 0 0 0

#Transform 125
Transform: AffineTransform_float_3_3
Parameters: 0.999998 -0.00188688 -0.000377636 0.00188612 0.999995 -0.00231372 0.000382365 0.00231328 0.999998 0.0337794 -0.0219606 -0.250118
FixedParameters: 0 0 0

#Transform 126
Transform: AffineTransform_float_3_3
Parameters: 0.999999 -0.00170403 -0.0005214 0.00170196 0.999991 -0.0038759 0.0005286 0.00387511 0.999993 0.0423171 0.299213 -0.329029
FixedParameters: 0 0 0

#Transform 127
Transform: AffineTransform_float_3_3
Parameters: 0.999998 -0.00183009 -0.000933019 0.00182691 0.999989 -0.00436671 0.000940985 0.00436529 0.99999 0.0566252 0.336069 -0.30341
FixedParameters: 0 0 0

#Transform 128
Transform: AffineTransform_float_3_3
Parameters: 0.999999 -0.0017004 -0.000526317 0.0016986 0.999989 -0.0045219 0.000534686 0.0045211 0.999989 -0.00133234 0.437554 -0.316492
FixedParameters: 0 0 0

#Transform 129
Transform: AffineTransform_float_3_3
Parameters: 0.999998 -0.00188921 -0.000765123 0.00188579 0.999989 -0.00417345 0.000772877 0.00417255 0.999991 0.0380339 0.33754 -0.266232
FixedParameters: 0 0 0

#Transform 130
Transform: AffineTransform_float_3_3
Parameters: 0.999998 -0.00207064 -0.00104784 0.00206736 0.999992 -0.00346418 0.00105517 0.00346183 0.999994 0.0606235 0.126943 -0.203605
FixedParameters: 0 0 0

#Transform 131
Transform: AffineTransform_float_3_3
Parameters: 0.999997 -0.00200324 -0.000865542 0.00199976 0.999991 -0.00372674 0.000872457 0.00372526 0.999992 0.0476397 0.233117 -0.194933
FixedParameters: 0 0 0

#Transform 132
Transform: AffineTransform_float_3_3
Parameters: 0.999997 -0.00219735 -0.000864543 0.00219366 0.99999 -0.00385291 0.000872457 0.0038511 0.999992 0.0418966 0.265249 -0.172768
FixedParameters: 0 0 0

#Transform 133
Transform: AffineTransform_float_3_3
Parameters: 0.999997 -0.00236147 -0.000946382 0.00235852 0.99999 -0.00365324 0.000955619 0.00365075 0.999993 0.0497886 0.363509 -0.160607
FixedParameters: 0 0 0

#Transform 134
Transform: AffineTransform_float_3_3
Parameters: 0.999997 -0.00236209 -0.000861879 0.00235791 0.999986 -0.00471305 0.00087312 0.00471095 0.999988 0.0278377 0.394471 -0.197896
FixedParameters: 0 0 0

#Transform 135
Transform: AffineTransform_float_3_3
Parameters: 0.999997 -0.0023657 -0.00130009 0.0023583 0.99998 -0.00589109 0.00131491 0.00588791 0.999982 0.029013 0.373579 -0.216153
FixedParameters: 0 0 0

#Transform 136
Transform: AffineTransform_float_3_3
Parameters: 0.999998 -0.00185879 -0.00124848 0.00185121 0.999979 -0.00621333 0.00125952 0.00621067 0.99998 -0.0364808 0.347369 -0.215762
FixedParameters: 0 0 0

#Transform 137
Transform: AffineTransform_float_3_3
Parameters: 0.999987 0.00287725 -0.00424256 -0.00292974 0.999921 -0.0122427 0.00420643 0.0122553 0.999916 -0.309088 0.352991 -0.445171
FixedParameters: 0 0 0

#Transform 138
Transform: AffineTransform_float_3_3
Parameters: 0.999979 0.00382705 -0.00533557 -0.00390195 0.999893 -0.0141095 0.00528044 0.0141295 0.999886 -0.360677 0.347289 -0.497509
FixedParameters: 0 0 0

#Transform 139
Transform: AffineTransform_float_3_3
Parameters: 0.999995 0.00224535 -0.00222197 -0.00226265 0.999965 -0.00797101 0.00220403 0.00797598 0.999966 -0.322255 0.213387 -0.254637
FixedParameters: 0 0 0

#Transform 140
Transform: AffineTransform_float_3_3
Parameters: 0.999995 0.00248936 -0.00185176 -0.00250064 0.999977 -0.0063124 0.00183525 0.0063176 0.999979 -0.27603 0.24407 -0.356095
FixedParameters: 0 0 0

#Transform 141
Transform: AffineTransform_float_3_3
Parameters: 0.999992 0.00253967 -0.00328718 -0.00257733 0.999931 -0.0114016 0.00325782 0.0114094 0.999929 -0.271751 0.359236 -0.573091
FixedParameters: 0 0 0

#Transform 142
Transform: AffineTransform_float_3_3
Parameters: 0.999991 0.00239953 -0.00367543 -0.00244448 0.999924 -0.0121441 0.00364658 0.0121529 0.99992 -0.254383 0.389352 -0.597138
FixedParameters: 0 0 0

#Transform 143
Transform: AffineTransform_float_3_3
Parameters: 0.999992 0.0021186 -0.00323284 -0.0021584 0.999919 -0.0125461 0.00320616 0.0125529 0.999916 -0.255029 0.39307 -0.622114
FixedParameters: 0 0 0

#Transform 144
Transform: AffineTransform_float_3_3
Parameters: 0.999993 0.0015681 -0.00335446 -0.0016069 0.999931 -0.0116257 0.00333554 0.0116313 0.999927 -0.192541 0.148268 -0.533366
FixedParameters: 0 0 0

#Transform 145
Transform: AffineTransform_float_3_3
Parameters: 0.999992 0.0013077 -0.00378353 -0.0013493 0.99994 -0.010933 0.00376947 0.010938 0.999933 -0.18404 0.16873 -0.56499
FixedParameters: 0 0 0

#Transform 146
Transform: AffineTransform_float_3_3
Parameters: 0.999993 0.00130775 -0.00370781 -0.00134926 0.999937 -0.0111461 0.00369319 0.0111509 0.999931 -0.202664 0.266764 -0.599829
FixedParameters: 0 0 0

#Transform 147
Transform: AffineTransform_float_3_3
Parameters: 0.999993 0.00130985 -0.00353575 -0.00134915 0.999937 -0.0110943 0.00352025 0.0110987 0.999932 -0.202721 0.299661 -0.599222
FixedParameters: 0 0 0

#Transform 148
Transform: AffineTransform_float_3_3
Parameters: 0.999993 0.00131411 -0.00335089 -0.00134889 0.999944 -0.0104315 0.00333711 0.0104364 0.99994 -0.208848 0.385962 -0.591527
FixedParameters: 0 0 0

#Transform 149
Transform: AffineTransform_float_3_3
Parameters: 0.999993 0.00131595 -0.00332128 -0.00134905 0.99995 -0.00996659 0.00330871 0.00997142 0.999945 -0.19332 0.442242 -0.55655
FixedParameters: 0 0 0

#Transform 150
Transform: AffineTransform_float_3_3
Parameters: 0.999992 0.00131462 -0.00363063 -0.00134938 0.999954 -0.00948218 0.00361836 0.00948783 0.999949 -0.180257 0.43789 -0.527941
FixedParameters: 0 0 0

#Transform 151
Transform: AffineTransform_float_3_3
Parameters: 0.999992 0.00131478 -0.00361463 -0.00134923 0.999954 -0.00948219 0.00360236 0.0094868 0.999948 -0.182059 0.451864 -0.521612
FixedParameters: 0 0 0

#Transform 152
Transform: AffineTransform_float_3_3
Parameters: 0.999993 0.00131231 -0.00368726 -0.00134869 0.99995 -0.0099661 0.00367374 0.0099709 0.999943 -0.174156 0.321673 -0.538161
FixedParameters: 0 0 0

#Transform 153
Transform: AffineTransform_float_3_3
Parameters: 0.999992 0.00131527 -0.00374402 -0.00134873 0.999959 -0.00902003 0.00373198 0.00902499 0.999953 -0.172442 0.282029 -0.518068
FixedParameters: 0 0 0

#Transform 154
Transform: AffineTransform_float_3_3
Parameters: 0.999993 0.00131996 -0.00345424 -0.00134905 0.999963 -0.00841939 0.00344376 0.0084236 0.999958 -0.186341 0.251744 -0.505307
FixedParameters: 0 0 0

#Transform 155
Transform: AffineTransform_float_3_3
Parameters: 0.999996 0.000687921 -0.00281697 -0.00070408 0.999984 -0.00571104 0.00281302 0.00571296 0.999979 -0.195576 0.157779 -0.442725
FixedParameters: 0 0 0

#Transform 156
Transform: AffineTransform_float_3_3
Parameters: 0.999995 0.000868668 -0.00300776 -0.000884332 0.999985 -0.00543236 0.00300324 0.00543563 0.99998 -0.176007 0.192296 -0.464201
FixedParameters: 0 0 0

#Transform 157
Transform: AffineTransform_float_3_3
Parameters: 0.999993 0.00121241 -0.00335857 -0.00124359 0.999955 -0.00941988 0.00334743 0.00942412 0.99995 -0.144914 0.270836 -0.58683
FixedParameters: 0 0 0

#Transform 158
Transform: AffineTransform_float_3_3
Parameters: 0.999995 0.000863236 -0.00325885 -0.000884766 0.999978 -0.00668316 0.00325316 0.00668585 0.999973 -0.122036 0.380261 -0.520986
FixedParameters: 0 0 0

#Transform 159
Transform: AffineTransform_float_3_3
Parameters: 0.999997 0.000451723 -0.00234261 -0.000460277 0.999993 -0.00353493 0.00234039 0.00353507 0.999991 -0.135464 0.151649 -0.383727
FixedParameters: 0 0 0

#Transform 160
Transform: AffineTransform_float_3_3
Parameters: 0.999996 0.000347444 -0.00255332 -0.000356558 0.999993 -0.0037431 0.00255268 0.0037439 0.999989 -0.140348 0.068091 -0.302157
FixedParameters: 0 0 0

#Transform 161
Transform: AffineTransform_float_3_3
Parameters: 0.999997 0.000399342 -0.00212384 -0.000408659 0.999989 -0.00454914 0.00212216 0.00454986 0.999988 -0.159256 0.266154 -0.289698
FixedParameters: 0 0 0

#Transform 162
Transform: AffineTransform_float_3_3
Parameters: 0.999997 0.000398879 -0.00212393 -0.000409121 0.999988 -0.00476714 0.00212207 0.00476786 0.999987 -0.148589 0.321923 -0.301629
FixedParameters: 0 0 0

#Transform 163
Transform: AffineTransform_float_3_3
Parameters: 0.999998 0.000399376 -0.00205489 -0.000408624 0.999989 -0.00468517 0.00205311 0.00468583 0.999987 -0.149894 0.439796 -0.329526
FixedParameters: 0 0 0

#Transform 164
Transform: AffineTransform_float_3_3
Parameters: 0.999997 0.000535909 -0.00212431 -0.000544088 0.99999 -0.00428085 0.00212169 0.00428214 0.999988 -0.141983 0.351483 -0.339161
FixedParameters: 0 0 0

#Transform 165
Transform: AffineTransform_float_3_3
Parameters: 0.999997 0.000341485 -0.00212339 -0.000349512 0.999992 -0.00401027 0.00212161 0.00401173 0.999989 -0.146865 0.365967 -0.375047
FixedParameters: 0 0 0

#Transform 166
Transform: AffineTransform_float_3_3
Parameters: 0.999998 0.000532892 -0.00200272 -0.000543109 0.999987 -0.00504992 0.00200028 0.00505108 0.999985 -0.150848 0.383838 -0.452635
FixedParameters: 0 0 0

#Transform 167
Transform: AffineTransform_float_3_3
Parameters: 0.999995 0.000382578 -0.0030824 -0.000408419 0.999963 -0.00857579 0.00307861 0.00857722 0.999959 -0.123225 0.415751 -0.614186
FixedParameters: 0 0 0

#Transform 168
Transform: AffineTransform_float_3_3
Parameters: 0.999994 0.000378039 -0.00340558 -0.000408966 0.999958 -0.00909566 0.00340242 0.00909633 0.999953 -0.0979158 0.446358 -0.599335
FixedParameters: 0 0 0

#Transform 169
Transform: AffineTransform_float_3_3
Parameters: 0.999993 0.00088269 -0.00364475 -0.000922313 0.999942 -0.0107977 0.00363525 0.0108013 0.999935 -0.100999 0.387092 -0.726991
FixedParameters: 0 0 0

#Transform 170
Transform: AffineTransform_float_3_3
Parameters: 0.999995 0.000803452 -0.00311025 -0.000831544 0.999961 -0.00886546 0.00310275 0.00886854 0.999956 -0.122359 0.109857 -0.565516
FixedParameters: 0 0 0

#Transform 171
Transform: AffineTransform_float_3_3
Parameters: 0.999997 0.000480525 -0.00267738 -0.000499481 0.999976 -0.00690469 0.00267461 0.00690531 0.999972 -0.112548 0.0797578 -0.465283
FixedParameters: 0 0 0

#Transform 172
Transform: AffineTransform_float_3_3
Parameters: 0.999996 0.000480402 -0.00252261 -0.000499592 0.999972 -0.00737676 0.00251838 0.00737823 0.999969 -0.11849 0.174795 -0.491907
FixedParameters: 0 0 0

#Transform 173
Transform: AffineTransform_float_3_3
Parameters: 0.999996 0.000480639 -0.00252257 -0.000499356 0.999974 -0.00728277 0.00251843 0.00728424 0.999971 -0.134744 0.263722 -0.461306
FixedParameters: 0 0 0

#Transform 174
Transform: AffineTransform_float_3_3
Parameters: 0.999998 0.000484751 -0.0020624 -0.000499253 0.999976 -0.00691399 0.0020596 0.00691501 0.999974 -0.142773 0.420813 -0.450173
FixedParameters: 0 0 0

#Transform 175
Transform: AffineTransform_float_3_3
Parameters: 0.999997 0.000483284 -0.0023433 -0.000499714 0.999978 -0.00671085 0.0023397 0.00671215 0.999974 -0.135713 0.47685 -0.416412
FixedParameters: 0 0 0

#Transform 176
Transform: AffineTransform_float_3_3
Parameters: 0.999998 0.000383851 -0.00225945 -0.000398147 0.999981 -0.00626512 0.00225655 0.00626588 0.999978 -0.138234 0.544079 -0.40792
FixedParameters: 0 0 0

#Transform 177
Transform: AffineTransform_float_3_3
Parameters: 0.999997 0.000483811 -0.00235118 -0.000499194 0.999979 -0.00646385 0.00234882 0.00646516 0.999977 -0.137658 0.536016 -0.405303
FixedParameters: 0 0 0

#Transform 178
Transform: AffineTransform_float_3_3
Parameters: 0.999996 0.000483982 -0.00250994 -0.00049902 0.999982 -0.00598677 0.00250706 0.00598723 0.999979 -0.128945 0.462806 -0.373726
FixedParameters: 0 0 0

#Transform 179
Transform: AffineTransform_float_3_3
Parameters: 0.999997 0.000484781 -0.00240391 -0.00049922 0.999983 -0.00591782 0.00240109 0.00591918 0.999979 -0.137004 0.376447 -0.329007
FixedParameters: 0 0 0

#Transform 180
Transform: AffineTransform_float_3_3
Parameters: 0.999997 0.000486162 -0.00233871 -0.000498834 0.999985 -0.00549185 0.0023353 0.00549315 0.999982 -0.138241 0.207821 -0.334135
FixedParameters: 0 0 0

#Transform 181
Transform: AffineTransform_float_3_3
Parameters: 0.999997 0.000485868 -0.00240669 -0.000499134 0.999985 -0.00545882 0.00240431 0.00546019 0.999982 -0.137052 0.155806 -0.342595
FixedParameters: 0 0 0

#Transform 182
Transform: AffineTransform_float_3_3
Parameters: 0.999996 0.000484136 -0.00250991 -0.000498867 0.999983 -0.00592577 0.00250709 0.00592624 0.99998 -0.116948 0.183148 -0.429044
FixedParameters: 0 0 0

#Transform 183
Transform: AffineTransform_float_3_3
Parameters: 0.999997 0.000479109 -0.0026337 -0.000498893 0.999972 -0.00755672 0.00263031 0.00755829 0.999968 -0.10686 0.261181 -0.514022
FixedParameters: 0 0 0

#Transform 184
Transform: AffineTransform_float_3_3
Parameters: 0.999996 0.0004742 -0.00298005 -0.000498802 0.999965 -0.00832755 0.00297595 0.00832845 0.999961 -0.108201 0.343932 -0.532643
FixedParameters: 0 0 0

#Transform 185
Transform: AffineTransform_float_3_3
Parameters: 0.999995 -7.23345e-05 -0.00295755 5.06719e-05 0.999974 -0.00721218 0.00295744 0.00721281 0.999969 -0.0920418 0.319515 -0.473265
FixedParameters: 0 0 0

#Transform 186
Transform: AffineTransform_float_3_3
Parameters: 0.999996 2.68927e-05 -0.00277722 -4.41057e-05 0.999981 -0.0061599 0.00277678 0.0061601 0.999977 -0.0808721 0.226678 -0.38424
FixedParameters: 0 0 0

#Transform 187
Transform: AffineTransform_float_3_3
Parameters: 0.999996 2.84591e-05 -0.00259022 -4.45394e-05 0.999982 -0.0059999 0.00258978 0.00600009 0.999978 -0.0860386 0.265342 -0.386679
FixedParameters: 0 0 0

#Transform 188
Transform: AffineTransform_float_3_3
