#Insight Transform File V1.0
#Transform 0
Transform: AffineTransform_float_3_3
Parameters: 1 0.000504619 0.000319602 -0.00050438 0.999999 0.00119184 -0.000318399 -0.00119216 0.999999 -0.107181 0.21916 0.323953
FixedParameters: 0 0 0

#Transform 1
Transform: AffineTransform_float_3_3
Parameters: 1 0.000269722 0.00107832 -0.000271278 1 0.00118571 -0.00107768 -0.00118529 0.999998 -0.0822238 0.151713 0.330465
FixedParameters: 0 0 0

#Transform 2
Transform: AffineTransform_float_3_3
Parameters: 0.999999 0.000600101 0.00137796 -0.000599899 1 -7.38267e-05 -0.00137804 7.31731e-05 0.999999 -0.104165 0.189244 0.258835
FixedParameters: 0 0 0

#Transform 3
Transform: AffineTransform_float_3_3
Parameters: 0.999999 0.000531947 0.0012486 -0.000531053 0.999999 -0.000758663 -0.0012484 0.000758336 0.999999 -0.104276 0.320158 0.154061
FixedParameters: 0 0 0

#Transform 4
Transform: AffineTransform_float_3_3
Parameters: 1 0.000688236 0.00085 -0.000686763 0.999998 -0.00145458 -0.000850999 0.00145341 0.999998 -0.08883 0.375148 0.0717185
FixedParameters: 0 0 0

#Transform 5
Transform: AffineTransform_float_3_3
Parameters: 0.999999 0.0007045 0.000564377 -0.0007045 1 -0.000885399 -0.000565624 0.000885603 1 -0.0827624 0.302994 0.0116958
FixedParameters: 0 0 0

#Transform 6
Transform: AffineTransform_float_3_3
Parameters: 1 0.000531101 0.000434877 -0.000530899 1 -0.000232231 -0.000435123 0.000232769 1 -0.0577443 0.146866 0.128462
FixedParameters: 0 0 0

#Transform 7
Transform: AffineTransform_float_3_3
Parameters: 0.999999 0.000451886 0.000565091 -0.000452113 1 0.000200745 -0.000564909 -0.000201255 1 -0.0597983 0.133791 0.171024
FixedParameters: 0 0 0

#Transform 8
Transform: AffineTransform_float_3_3
Parameters: 1 0.000414124 0.000423879 -0.000413876 1 -0.000293175 -0.000423121 0.000292825 1 -0.0326126 0.125713 0.156858
FixedParameters: 0 0 0

#Transform 9
Transform: AffineTransform_float_3_3
Parameters: 1 0.000530935 0.000135253 -0.000531064 0.999999 0.000475928 -0.000134747 -0.000476071 1 -0.027286 0.258808 0.179651
FixedParameters: 0 0 0

#Transform 10
Transform: AffineTransform_float_3_3
Parameters: 0.999999 0.00040574 0.000666158 -0.000406259 1 0.000389729 -0.000665841 -0.00039027 0.999999 -0.0193199 0.370439 0.174114
FixedParameters: 0 0 0

#Transform 11
Transform: AffineTransform_float_3_3
Parameters: 1 0.000330522 0.000488325 -0.00033048 1 0.00098084 -0.000488676 -0.000980163 1 -0.0145276 0.372237 0.163658
FixedParameters: 0 0 0

#Transform 12
Transform: AffineTransform_float_3_3
Parameters: 0.999999 0.000237884 0.000686388 -0.000239115 0.999998 0.00162584 -0.000685612 -0.00162616 0.999999 0.000211057 0.441346 0.209566
FixedParameters: 0 0 0

#Transform 13
Transform: AffineTransform_float_3_3
Parameters: 0.999999 0.000146646 0.000706282 -0.000147353 0.999998 0.0019169 -0.000705719 -0.0019171 0.999998 -0.00653009 0.414006 0.18087
FixedParameters: 0 0 0

#Transform 14
Transform: AffineTransform_float_3_3
Parameters: 0.999999 7.10354e-05 0.000771089 -7.19644e-05 0.999999 0.00125095 -0.00077091 -0.00125106 0.999999 -0.0163008 0.297469 0.118419
FixedParameters: 0 0 0

#Transform 15
Transform: AffineTransform_float_3_3
Parameters: 1 0.000424175 0.00111332 -0.000424826 0.999999 0.000741527 -0.00111369 -0.000741473 0.999999 -0.0427297 0.270537 0.0692996
FixedParameters: 0 0 0

#Transform 16
Transform: AffineTransform_float_3_3
Parameters: 0.999999 0.000592014 0.000746989 -0.000591986 1 -1.84422e-05 -0.000747011 1.85578e-05 0.999999 -0.0453555 0.325861 -0.0407764
FixedParameters: 0 0 0

#Transform 17
Transform: AffineTransform_float_3_3
Parameters: 1 0.000531326 0.000394561 -0.000531673 0.999999 -0.000826209 -0.000395439 0.000825789 0.999999 -0.0558236 0.31473 -0.0876853
FixedParameters: 0 0 0

#Transform 18
Transform: AffineTransform_float_3_3
Parameters: 1 0.000257274 0.000240708 -0.000257727 1 -0.00113606 -0.000240293 0.00113594 1 -0.053786 0.271687 -0.147969
FixedParameters: 0 0 0

#Transform 19
Transform: AffineTransform_float_3_3
Parameters: 1 0.00011607 0.00027297 -0.00011593 1 -0.000256032 -0.00027303 0.000255968 1 -0.0523031 0.0884622 -0.0854412
FixedParameters: 0 0 0

#Transform 20
Transform: AffineTransform_float_3_3
Parameters: 1 0.000116002 -4.94409e-06 -0.000115998 1 0.000482 5.05591e-06 -0.000481999 1 -0.0217529 -0.00192301 0.00491353
FixedParameters: 0 0 0

#Transform 21
Transform: AffineTransform_float_3_3
Parameters: 1 -7.97294e-06 -0.000136002 8.02706e-06 1 0.000198999 0.000135998 -0.000199001 1 -0.00734933 0.131826 -0.00211253
FixedParameters: 0 0 0

#Transform 22
Transform: AffineTransform_float_3_3
Parameters: 1 6.38689e-05 -0.000679012 -6.3131e-05 1 -0.000192957 0.000678987 0.000193043 1 0.038161 0.229373 -0.0155102
FixedParameters: 0 0 0

#Transform 23
Transform: AffineTransform_float_3_3
Parameters: 1 0.000130892 -0.00028505 -0.000131108 1 -0.000378963 0.00028495 0.000379037 1 0.0250659 0.372244 0.0292623
FixedParameters: 0 0 0

#Transform 24
Transform: AffineTransform_float_3_3
Parameters: 1 -7.61943e-05 -0.000286948 7.58059e-05 1 -0.000676021 0.000287051 0.000676978 0.999999 0.00220229 0.497102 0.016213
FixedParameters: 0 0 0

#Transform 25
Transform: AffineTransform_float_3_3
Parameters: 1 2.14388e-06 8.79966e-05 -1.85612e-06 0.999998 -0.001635 -8.80031e-05 0.001635 0.999998 -0.0213564 0.509197 0.0253181
FixedParameters: 0 0 0

#Transform 26
Transform: AffineTransform_float_3_3
Parameters: 1 -9.03004e-05 -0.00019386 8.96994e-05 0.999999 -0.00154902 0.000194139 0.00154898 0.999999 -0.0131001 0.52243 0.0500748
FixedParameters: 0 0 0

#Transform 27
Transform: AffineTransform_float_3_3
Parameters: 1 -0.000163974 2.51688e-05 0.000164026 1 -0.001029 -2.48312e-05 0.00102901 1 -0.0213318 0.403409 0.0489324
FixedParameters: 0 0 0

#Transform 28
Transform: AffineTransform_float_3_3
Parameters: 1 -0.000361026 -2.36036e-05 0.000360974 1 -0.00109801 2.43964e-05 0.00109799 1 -0.00898182 0.280127 0.0391741
FixedParameters: 0 0 0

#Transform 29
Transform: AffineTransform_float_3_3
Parameters: 1 -0.000192211 -8.25095e-05 0.000192787 0.999996 -0.00255301 8.34924e-05 0.00255298 0.999996 -0.0289697 0.325233 -0.0671338
FixedParameters: 0 0 0

#Transform 30
Transform: AffineTransform_float_3_3
Parameters: 1 -0.000444643 -0.000257894 0.000443356 0.999997 -0.00248911 0.000259104 0.00248888 0.999997 -0.018831 0.261889 -0.0586004
FixedParameters: 0 0 0

#Transform 31
Transform: AffineTransform_float_3_3
Parameters: 0.999999 -0.000945796 -0.000267199 0.000945204 0.999995 -0.00296326 0.000269803 0.00296375 0.999996 -0.00802136 0.209493 -0.0619467
FixedParameters: 0 0 0

#Transform 32
Transform: AffineTransform_float_3_3
Parameters: 0.999999 -0.000997688 -0.000274511 0.000997311 0.999997 -0.00249528 0.00027749 0.00249573 0.999997 0.00961155 0.0617886 0.0135728
FixedParameters: 0 0 0

#Transform 33
Transform: AffineTransform_float_3_3
Parameters: 0.999999 -0.000805195 -8.10838e-05 0.000804805 0.999997 -0.00238007 8.29156e-05 0.00237993 0.999997 -0.00279399 0.0545085 0.0381275
FixedParameters: 0 0 0

#Transform 34
Transform: AffineTransform_float_3_3
Parameters: 0.999999 -0.000805175 -8.12851e-05 0.000804824 0.999998 -0.00213007 8.37144e-05 0.00212993 0.999997 -0.0205624 0.20296 0.0494364
FixedParameters: 0 0 0

#Transform 35
Transform: AffineTransform_float_3_3
Parameters: 1 -0.000483552 0.000191136 0.000484447 0.999997 -0.00234891 -0.000189863 0.00234909 0.999997 -0.0631378 0.340797 0.0110866
FixedParameters: 0 0 0

#Transform 36
Transform: AffineTransform_float_3_3
Parameters: 0.999999 -0.000875708 0.000121126 0.00087529 0.999996 -0.00242689 -0.000118876 0.0024271 0.999997 -0.0355854 0.39343 0.0121341
FixedParameters: 0 0 0

#Transform 37
Transform: AffineTransform_float_3_3
Parameters: 0.999999 -0.000805206 -8.09735e-05 0.000804793 0.999996 -0.00251706 8.30259e-05 0.00251693 0.999997 -0.0251632 0.565967 0.0204389
FixedParameters: 0 0 0

#Transform 38
Transform: AffineTransform_float_3_3
Parameters: 0.999999 -0.000748732 0.000138453 0.000749268 0.999998 -0.0019399 -0.000137547 0.0019401 0.999998 -0.0406191 0.53622 0.0344264
FixedParameters: 0 0 0

#Transform 39
Transform: AffineTransform_float_3_3
Parameters: 1 -0.000675824 7.55891e-05 0.000676177 0.999997 -0.00235095 -7.44105e-05 0.00235105 0.999997 -0.0399137 0.463626 -0.00221216
FixedParameters: 0 0 0

#Transform 40
Transform: AffineTransform_float_3_3
Parameters: 1 -0.000462314 -8.12308e-05 0.000462682 0.999992 -0.00382804 8.37717e-05 0.00382796 0.999992 -0.0241831 0.481978 -0.103444
FixedParameters: 0 0 0

#Transform 41
Transform: AffineTransform_float_3_3
Parameters: 1 -0.000405338 -8.13339e-05 0.00040466 0.999992 -0.00411203 8.36646e-05 0.00411197 0.999991 -0.0312709 0.384862 -0.113343
FixedParameters: 0 0 0

#Transform 42
Transform: AffineTransform_float_3_3
Parameters: 1 -0.000623761 5.86016e-05 0.000624241 0.999991 -0.00416997 -5.63974e-05 0.00417004 0.999992 -0.0429657 0.300793 -0.108306
FixedParameters: 0 0 0

#Transform 43
Transform: AffineTransform_float_3_3
Parameters: 1 -0.000437742 5.50926e-05 0.000438263 0.999989 -0.00477898 -5.39061e-05 0.00477902 0.999988 -0.0476598 0.170557 -0.279454
FixedParameters: 0 0 0

#Transform 44
Transform: AffineTransform_float_3_3
Parameters: 1 -0.000390361 -0.000346473 0.000389641 0.999992 -0.00391814 0.00034753 0.00391887 0.999993 -0.0333818 0.0302396 -0.243082
FixedParameters: 0 0 0

#Transform 45
Transform: AffineTransform_float_3_3
Parameters: 1 -0.000460489 -0.000844648 0.000458509 0.999995 -0.00294539 0.000846355 0.00294461 0.999996 -0.0387356 -0.00772349 -0.0303824
FixedParameters: 0 0 0

#Transform 46
Transform: AffineTransform_float_3_3
Parameters: 0.999999 -0.000595089 -0.000802455 0.000593913 0.999997 -0.00260048 0.000803547 0.00260053 0.999997 -0.0264952 0.11558 -0.0707589
FixedParameters: 0 0 0

#Transform 47
Transform: AffineTransform_float_3_3
Parameters: 0.999999 -0.000655805 -0.00062816 0.000655195 0.999999 -0.00128141 0.00062884 0.00128159 0.999999 -0.026166 0.162925 -0.113038
FixedParameters: 0 0 0

#Transform 48
Transform: AffineTransform_float_3_3
Parameters: 1 -0.000595156 -0.000950654 0.000593844 0.999998 -0.00226657 0.000952348 0.00226544 0.999997 -0.0206554 0.373672 -0.149347
FixedParameters: 0 0 0

#Transform 49
Transform: AffineTransform_float_3_3
Parameters: 0.999999 -0.000594009 -0.00049078 0.000592989 0.999997 -0.00205529 0.000492219 0.00205471 0.999998 -0.0405811 0.583092 -0.104345
FixedParameters: 0 0 0

#Transform 50
Transform: AffineTransform_float_3_3
Parameters: 1 -0.000594464 -0.000677719 0.000593535 0.999997 -0.0021594 0.000679284 0.0021586 0.999998 -0.0331951 0.682096 -0.0786624
FixedParameters: 0 0 0

#Transform 51
Transform: AffineTransform_float_3_3
Parameters: 0.999999 -0.000814432 -0.00105312 0.000811568 0.999997 -0.00230786 0.00105488 0.00230714 0.999997 0.00664218 0.635232 -0.0709536
FixedParameters: 0 0 0

#Transform 52
Transform: AffineTransform_float_3_3
Parameters: 0.999999 -0.000800077 -0.00108047 0.000797924 0.999998 -0.00192086 0.00108153 0.00192014 0.999997 0.0277303 0.546995 -0.0498845
FixedParameters: 0 0 0

#Transform 53
Transform: AffineTransform_float_3_3
Parameters: 0.999998 -0.00104005 -0.00119622 0.00103795 0.999998 -0.00171324 0.00119778 0.00171176 0.999998 0.0713349 0.368032 0.0511104
FixedParameters: 0 0 0

#Transform 54
Transform: AffineTransform_float_3_3
Parameters: 0.999999 -0.00104015 -0.00105589 0.00103785 0.999998 -0.0020341 0.00105811 0.0020329 0.999998 0.0467771 0.190549 -0.0424886
FixedParameters: 0 0 0

#Transform 55
Transform: AffineTransform_float_3_3
Parameters: 0.999999 -0.00139086 -0.00123555 0.00138614 0.999992 -0.00392372 0.00124145 0.00392228 0.999991 0.0460242 0.161745 -0.217699
FixedParameters: 0 0 0

#Transform 56
Transform: AffineTransform_float_3_3
Parameters: 0.999999 -0.000669845 -0.000643049 0.000667154 0.99999 -0.00441543 0.000645951 0.00441457 0.99999 0.0392595 0.174979 -0.299047
FixedParameters: 0 0 0

#Transform 57
Transform: AffineTransform_float_3_3
Parameters: 0.999999 -0.00127917 -0.000742573 0.00127584 0.99999 -0.00424795 0.000747426 0.00424705 0.99999 0.0266533 0.175777 -0.288096
FixedParameters: 0 0 0

#Transform 58
Transform: AffineTransform_float_3_3
Parameters: 0.999998 -0.00118104 -0.00125621 0.00117696 0.999994 -0.00321148 0.00125978 0.00320952 0.999994 0.0480537 0.0842907 -0.175373
FixedParameters: 0 0 0

#Transform 59
Transform: AffineTransform_float_3_3
Parameters: 0.999998 -0.00130153 -0.00107875 0.00129747 0.999994 -0.0032684 0.00108325 0.00326759 0.999994 0.0536611 0.194528 -0.181043
FixedParameters: 0 0 0

#Transform 60
Transform: AffineTransform_float_3_3
Parameters: 0.999998 -0.00130261 -0.00141677 0.00129838 0.999994 -0.00325384 0.00142123 0.00325115 0.999993 0.0637617 0.371621 -0.171713
FixedParameters: 0 0 0

#Transform 61
Transform: AffineTransform_float_3_3
Parameters: 0.999999 -0.00143266 -0.00110829 0.00142834 0.999993 -0.00329559 0.00111271 0.00329441 0.999994 0.0459294 0.51459 -0.174631
FixedParameters: 0 0 0

#Transform 62
Transform: AffineTransform_float_3_3
Parameters: 0.999998 -0.00148373 -0.00118033 0.00148028 0.999994 -0.00315075 0.00118467 0.00314925 0.999995 0.0510314 0.561478 -0.143661
FixedParameters: 0 0 0

#Transform 63
Transform: AffineTransform_float_3_3
Parameters: 0.999999 -0.00140469 -0.00121575 0.00140031 0.999995 -0.00302971 0.00121925 0.00302829 0.999994 0.0427321 0.594222 -0.136179
FixedParameters: 0 0 0

#Transform 64
Transform: AffineTransform_float_3_3
Parameters: 0.999999 -0.00147734 -0.00110856 0.00147366 0.999995 -0.00300764 0.00111244 0.00300636 0.999995 0.0338898 0.479248 -0.102517
FixedParameters: 0 0 0

#Transform 65
Transform: AffineTransform_float_3_3
Parameters: 0.999998 -0.00144404 -0.00095341 0.00144096 0.999994 -0.00318238 0.00095859 0.00318162 0.999995 0.0298228 0.37424 -0.0962799
FixedParameters: 0 0 0

#Transform 66
Transform: AffineTransform_float_3_3
Parameters: 0.999999 -0.00130001 -0.000402558 0.00129799 0.999987 -0.00495952 0.000409441 0.00495847 0.999987 0.0243105 0.481632 -0.10258
FixedParameters: 0 0 0

#Transform 67
Transform: AffineTransform_float_3_3
Parameters: 1 -0.000352613 -0.000165701 0.000352386 0.999993 -0.00368606 0.0001673 0.00368594 0.999993 -0.0334284 0.32964 -0.131257
FixedParameters: 0 0 0

#Transform 68
Transform: AffineTransform_float_3_3
Parameters: 1 8.9432e-05 0.000119678 -8.85668e-05 0.999993 -0.00360501 -0.00012032 0.00360499 0.999993 -0.0570136 0.214805 -0.0368306
FixedParameters: 0 0 0

#Transform 69
Transform: AffineTransform_float_3_3
Parameters: 1 -8.90804e-05 0.000238346 8.99221e-05 0.999992 -0.00386098 -0.000238655 0.00386102 0.999993 -0.0667193 0.160854 0.0710237
FixedParameters: 0 0 0

#Transform 70
Transform: AffineTransform_float_3_3
Parameters: 0.999999 -0.000782 1.30299e-06 0.000782 0.999996 -0.002945 1.30299e-06 0.002945 0.999995 -0.0255088 0.0419841 0.0979634
FixedParameters: 0 0 0

#Transform 71
Transform: AffineTransform_float_3_3
Parameters: 1 -0.00114956 -0.000217065 0.00114944 0.999996 -0.00255425 0.000219936 0.00255375 0.999996 -0.0118346 0.0341852 0.0184317
FixedParameters: 0 0 0

#Transform 72
Transform: AffineTransform_float_3_3
Parameters: 0.999999 -0.00149164 -0.000244113 0.00149136 0.999996 -0.00260637 0.000247888 0.00260663 0.999996 -0.0117734 0.124956 -0.0613976
FixedParameters: 0 0 0

#Transform 73
Transform: AffineTransform_float_3_3
Parameters: 1 -0.00121299 5.34302e-06 0.00121301 0.999996 -0.002756 -1.65695e-06 0.00275601 0.999996 -0.0129676 0.281003 -0.141034
FixedParameters: 0 0 0

#Transform 74
Transform: AffineTransform_float_3_3
Parameters: 0.999999 -0.00073198 8.82119e-06 0.00073202 0.999996 -0.00248799 -7.17875e-06 0.002488 0.999997 -0.0129285 0.432141 -0.183696
FixedParameters: 0 0 0

#Transform 75
Transform: AffineTransform_float_3_3
Parameters: 0.999999 -0.000733287 -8.35124e-05 0.000732711 0.999994 -0.00339306 8.64866e-05 0.00339294 0.999994 -0.0105622 0.610413 -0.252115
FixedParameters: 0 0 0

#Transform 76
Transform: AffineTransform_float_3_3
Parameters: 1 -0.000610689 7.07329e-05 0.000610311 0.99999 -0.00447396 -6.82701e-05 0.00447404 0.99999 -0.0215248 0.650829 -0.242126
FixedParameters: 0 0 0

#Transform 77
Transform: AffineTransform_float_3_3
Parameters: 1 -0.000573692 -0.000323013 0.000571308 0.999986 -0.00521519 0.000325984 0.00521482 0.999987 -0.0392085 0.572955 -0.20254
FixedParameters: 0 0 0

#Transform 78
Transform: AffineTransform_float_3_3
Parameters: 0.999999 -0.000625133 -0.000553601 0.00062287 0.999993 -0.00384335 0.000555398 0.00384365 0.999992 -0.018204 0.254411 -0.072484
FixedParameters: 0 0 0

#Transform 79
Transform: AffineTransform_float_3_3
Parameters: 1 -0.000897569 -0.000553463 0.000896432 0.999995 -0.0028295 0.000555538 0.0028285 0.999996 -0.0229158 0.0057388 -0.0803915
FixedParameters: 0 0 0

#Transform 80
Transform: AffineTransform_float_3_3
Parameters: 0.999999 -0.000808197 -0.000404618 0.000806802 0.999996 -0.00294933 0.000407381 0.00294867 0.999995 -0.0299478 -0.0291876 -0.139426
FixedParameters: 0 0 0

#Transform 81
Transform: AffineTransform_float_3_3
Parameters: 0.999999 -0.00119099 -0.000386982 0.00119002 0.999996 -0.00253546 0.000390019 0.00253554 0.999996 -0.0220871 0.0627989 -0.134601
FixedParameters: 0 0 0

#Transform 82
Transform: AffineTransform_float_3_3
Parameters: 0.999999 -0.00126425 -0.000553157 0.00126275 0.999996 -0.0022507 0.000555844 0.0022503 0.999998 -0.0278375 0.241446 -0.130474
FixedParameters: 0 0 0

#Transform 83
Transform: AffineTransform_float_3_3
Parameters: 1 -0.000918113 -0.00041052 0.000916886 0.999996 -0.00270338 0.00041348 0.00270262 0.999997 -0.0349846 0.339747 -0.162677
FixedParameters: 0 0 0

#Transform 84
Transform: AffineTransform_float_3_3
Parameters: 0.999999 -0.000794737 -0.000259754 0.000794264 0.999995 -0.00282721 0.000261246 0.00282679 0.999996 -0.0426567 0.450873 -0.175691
FixedParameters: 0 0 0

#Transform 85
Transform: AffineTransform_float_3_3
Parameters: 0.999999 -0.000849494 -0.000229175 0.000849506 0.999998 -0.0021492 0.000230826 0.0021488 0.999997 -0.0400482 0.408674 -0.159168
FixedParameters: 0 0 0

#Transform 86
Transform: AffineTransform_float_3_3
Parameters: 0.999999 -0.000885493 -0.000191739 0.000884507 0.999997 -0.00255417 0.000194259 0.00255383 0.999996 -0.0404779 0.457748 -0.197757
FixedParameters: 0 0 0

#Transform 87
Transform: AffineTransform_float_3_3
Parameters: 1 -0.000558037 -8.90463e-06 0.000557966 0.999993 -0.003755 1.00952e-05 0.00375499 0.999993 -0.0483418 0.496491 -0.281148
FixedParameters: 0 0 0

#Transform 88
Transform: AffineTransform_float_3_3
Parameters: 1 -0.000365475 -0.00032133 0.000363526 0.99999 -0.00457912 0.000322668 0.00457889 0.99999 -0.0432767 0.442581 -0.263258
FixedParameters: 0 0 0

#Transform 89
Transform: AffineTransform_float_3_3
Parameters: 1 -0.000501969 -0.000229895 0.000501034 0.999991 -0.00419712 0.000231105 0.00419689 0.999991 -0.0350897 0.288156 -0.200288
FixedParameters: 0 0 0

#Transform 90
Transform: AffineTransform_float_3_3
Parameters: 1 -0.00102575 -0.000209383 0.00102526 0.999994 -0.00352722 0.000212617 0.00352678 0.999994 -0.0406513 0.10255 -0.168052
FixedParameters: 0 0 0

#Transform 91
Transform: AffineTransform_float_3_3
Parameters: 1 -0.00105603 -7.21839e-06 0.00105597 0.999993 -0.00358101 1.07815e-05 0.00358099 0.999993 -0.0554222 0.0579054 -0.207886
FixedParameters: 0 0 0

#Transform 92
Transform: AffineTransform_float_3_3
Parameters: 1 -0.00109703 -7.25258e-06 0.00109697 0.999993 -0.00341601 1.07473e-05 0.00341599 0.999994 -0.0566386 0.108191 -0.256184
FixedParameters: 0 0 0

#Transform 93
Transform: AffineTransform_float_3_3
Parameters: 0.999999 -0.000936346 -0.000109066 0.00093665 0.999994 -0.0031341 0.000112936 0.00313389 0.999995 -0.0470099 0.168657 -0.26969
FixedParameters: 0 0 0

#Transform 94
Transform: AffineTransform_float_3_3
Parameters: 0.999999 -0.00124858 -0.000186124 0.00124841 0.999995 -0.00310524 0.000190877 0.00310477 0.999995 -0.0366912 0.31542 -0.272235
FixedParameters: 0 0 0

#Transform 95
Transform: AffineTransform_float_3_3
Parameters: 0.999999 -0.000835218 -6.21355e-05 0.000834782 0.999994 -0.00343005 6.48636e-05 0.00342995 0.999994 -0.0134111 0.449257 -0.160235
FixedParameters: 0 0 0

#Transform 96
Transform: AffineTransform_float_3_3
Parameters: 0.999999 -0.000766511 -0.000149402 0.00076649 0.999994 -0.00339112 0.0001516 0.00339089 0.999994 -0.00785774 0.548728 -0.0951906
FixedParameters: 0 0 0

#Transform 97
Transform: AffineTransform_float_3_3
Parameters: 1 -0.000706039 -8.12013e-06 0.000705962 0.999992 -0.00407901 1.08797e-05 0.00407899 0.999991 -0.026956 0.467128 -0.184798
FixedParameters: 0 0 0

#Transform 98
Transform: AffineTransform_float_3_3
Parameters: 0.999999 -0.000765041 -7.5964e-06 0.000764961 0.99999 -0.00444901 1.04034e-05 0.00444899 0.99999 -0.0294603 0.350057 -0.108675
FixedParameters: 0 0 0

#Transform 99
Transform: AffineTransform_float_3_3
Parameters: 1 -0.00114281 -0.000197372 0.00114219 0.999991 -0.00405123 0.000201629 0.00405077 0.999992 -0.0104136 0.153116 -0.0709989
FixedParameters: 0 0 0

#Transform 100
Transform: AffineTransform_float_3_3
Parameters: 1 -0.00100764 -0.000184554 0.00100736 0.999993 -0.00342119 0.000187448 0.00342181 0.999994 -0.00725675 0.0868589 -0.0632332
FixedParameters: 0 0 0

#Transform 101
Transform: AffineTransform_float_3_3
Parameters: 1 -0.00120766 -0.000196982 0.00120634 0.999993 -0.00332824 0.000201017 0.00332876 0.999995 -0.0114443 0.123913 -0.122022
FixedParameters: 0 0 0

#Transform 102
Transform: AffineTransform_float_3_3
Parameters: 0.999999 -0.00131249 -0.000151868 0.00131252 0.999994 -0.0031492 0.000156135 0.0031498 0.999995 -0.0193005 0.177865 -0.163573
FixedParameters: 0 0 0

#Transform 103
Transform: AffineTransform_float_3_3
Parameters: 0.999999 -0.00131233 -0.000119469 0.00131167 0.999995 -0.00269116 0.00012253 0.00269084 0.999997 -0.031355 0.301276 -0.1359
FixedParameters: 0 0 0

#Transform 104
Transform: AffineTransform_float_3_3
Parameters: 0.999999 -0.00131203 -7.40245e-06 0.00131198 0.999996 -0.00274201 1.05975e-05 0.00274199 0.999996 -0.0454912 0.47447 -0.140521
FixedParameters: 0 0 0

#Transform 105
Transform: AffineTransform_float_3_3
Parameters: 0.999999 -0.00131122 0.000294494 0.00131178 0.999995 -0.00266362 -0.000290508 0.00266338 0.999997 -0.0668871 0.534052 -0.115406
FixedParameters: 0 0 0

#Transform 106
Transform: AffineTransform_float_3_3
Parameters: 1 -0.00119033 0.0002502 0.00119067 0.999995 -0.0026877 -0.0002468 0.0026883 0.999997 -0.0715567 0.471261 -0.146443
FixedParameters: 0 0 0

#Transform 107
Transform: AffineTransform_float_3_3
Parameters: 1 -0.00119402 -7.97197e-06 0.00119398 0.999996 -0.00253601 1.1028e-05 0.00253599 0.999997 -0.0467102 0.427944 -0.188802
FixedParameters: 0 0 0

#Transform 108
Transform: AffineTransform_float_3_3
Parameters: 1 -0.000942027 -0.000269439 0.000940973 0.999993 -0.00378226 0.000273561 0.00378174 0.999993 -0.0228303 0.436494 -0.280585
FixedParameters: 0 0 0

#Transform 109
Transform: AffineTransform_float_3_3
Parameters: 0.999999 -0.000861198 -0.000509301 0.000858803 0.999991 -0.00430044 0.000512698 0.00430056 0.99999 -0.0110756 0.397608 -0.239662
FixedParameters: 0 0 0

#Transform 110
Transform: AffineTransform_float_3_3
Parameters: 1 -0.00108827 -0.000280102 0.00108673 0.99999 -0.00450331 0.000284896 0.00450269 0.99999 -0.0294259 0.26549 -0.269529
FixedParameters: 0 0 0

#Transform 111
Transform: AffineTransform_float_3_3
Parameters: 0.999999 -0.00127919 -0.000297952 0.00127781 0.999992 -0.00394839 0.000303047 0.00394762 0.999992 -0.0194511 -0.0134615 -0.163498
FixedParameters: 0 0 0

#Transform 112
Transform: AffineTransform_float_3_3
Parameters: 1 -0.00102292 -0.000282694 0.00102208 0.999995 -0.00323329 0.000286306 0.00323271 0.999994 -0.00884325 0.0170916 -0.0247079
FixedParameters: 0 0 0

#Transform 113
Transform: AffineTransform_float_3_3
Parameters: 0.999999 -0.000965859 -0.000227382 0.000964143 0.999993 -0.00374722 0.000230615 0.00374778 0.999993 -0.0251103 0.122948 -0.135982
FixedParameters: 0 0 0

#Transform 114
Transform: AffineTransform_float_3_3
Parameters: 1 -0.00104309 -2.19978e-05 0.00104291 0.999992 -0.00383702 2.60018e-05 0.00383697 0.999992 -0.0348046 0.201833 -0.138705
FixedParameters: 0 0 0

#Transform 115
Transform: AffineTransform_float_3_3
Parameters: 0.999999 -0.00142506 -0.000336564 0.00142394 0.999994 -0.00311448 0.000341437 0.00311452 0.999995 -0.017729 0.409904 -0.135338
FixedParameters: 0 0 0

#Transform 116
Transform: AffineTransform_float_3_3
Parameters: 0.999998 -0.00154243 -0.000416758 0.00154058 0.999993 -0.00340065 0.000421241 0.00340036 0.999994 0.00180123 0.531314 -0.129591
FixedParameters: 0 0 0

#Transform 117
Transform: AffineTransform_float_3_3
Parameters: 0.999998 -0.00165377 -0.000225383 0.00165323 0.999993 -0.00339738 0.000230617 0.00339662 0.999994 0.000150106 0.597264 -0.122145
FixedParameters: 0 0 0

#Transform 118
Transform: AffineTransform_float_3_3
Parameters: 0.999999 -0.00163492 -0.000631042 0.00163308 0.999994 -0.00303504 0.000635959 0.00303397 0.999995 0.0168375 0.559968 -0.130168
FixedParameters: 0 0 0

#Transform 119
Transform: AffineTransform_float_3_3
Parameters: 0.999999 -0.00170897 -0.000630699 0.00170703 0.999993 -0.00310408 0.000636301 0.00310292 0.999995 0.0173815 0.488613 -0.129987
FixedParameters: 0 0 0

#Transform 120
Transform: AffineTransform_float_3_3
Parameters: 0.999999 -0.00170833 -0.000488356 0.00170767 0.999995 -0.00271984 0.000492646 0.00271916 0.999996 0.0188049 0.361785 -0.135892
FixedParameters: 0 0 0

#Transform 121
Transform: AffineTransform_float_3_3
Parameters: 0.999999 -0.00123141 -0.000441076 0.00122959 0.999994 -0.00318854 0.000444923 0.00318845 0.999995 0.00632802 0.321914 -0.213329
FixedParameters: 0 0 0

#Transform 122
Transform: AffineTransform_float_3_3
Parameters: 0.999999 -0.000789881 -0.000227969 0.000789119 0.999993 -0.00383918 0.000231031 0.00383882 0.999992 -0.01006 0.233452 -0.25688
FixedParameters: 0 0 0

#Transform 123
Transform: AffineTransform_float_3_3
Parameters: 0.999999 -0.00122846 -9.52641e-05 0.00122754 0.999989 -0.00467012 0.000100734 0.00466988 0.999989 -0.0240903 0.198288 -0.317741
FixedParameters: 0 0 0

#Transform 124
Transform: AffineTransform_float_3_3
Parameters: 0.999998 -0.00200699 7.8243e-06 0.00200701 0.999994 -0.00290199 -2.17564e-06 0.00290201 0.999996 -0.00157234 -0.0561472 -0.150487
FixedParameters: 0 0 0

#Transform 125
Transform: AffineTransform_float_3_3
Parameters: 0.999998 -0.00188566 -0.000237856 0.00188534 0.999994 -0.00272845 0.000243144 0.00272755 0.999997 0.0165759 0.0217073 -0.255425
FixedParameters: 0 0 0

#Transform 126
Transform: AffineTransform_float_3_3
Parameters: 0.999999 -0.00174516 -0.000570445 0.00174284 0.999991 -0.003759 0.000577555 0.003758 0.999993 0.0415124 0.30529 -0.337497
FixedParameters: 0 0 0

#Transform 127
Transform: AffineTransform_float_3_3
Parameters: 0.999998 -0.00174575 -0.000692097 0.00174325 0.99999 -0.00395821 0.000698904 0.00395679 0.999992 0.0367337 0.33309 -0.315061
FixedParameters: 0 0 0

#Transform 128
Transform: AffineTransform_float_3_3
Parameters: 0.999999 -0.00174481 -0.000435816 0.00174319 0.99999 -0.00411977 0.000442185 0.00411924 0.999992 -0.00220238 0.438043 -0.323694
FixedParameters: 0 0 0

#Transform 129
Transform: AffineTransform_float_3_3
Parameters: 0.999998 -0.00184433 -0.000866949 0.00184067 0.999991 -0.0038276 0.000874049 0.0038254 0.999993 0.0357619 0.328563 -0.26969
FixedParameters: 0 0 0

#Transform 130
Transform: AffineTransform_float_3_3
Parameters: 0.999997 -0.00219533 -0.00101786 0.00219167 0.999993 -0.00325724 0.00102514 0.00325476 0.999994 0.0568241 0.112334 -0.192996
FixedParameters: 0 0 0

#Transform 131
Transform: AffineTransform_float_3_3
Parameters: 0.999997 -0.00200825 -0.000891724 0.00200475 0.999992 -0.0036268 0.000899275 0.0036252 0.999993 0.0368286 0.272728 -0.189849
FixedParameters: 0 0 0

#Transform 132
Transform: AffineTransform_float_3_3
Parameters: 0.999997 -0.00217278 -0.00103913 0.00216921 0.999991 -0.00362726 0.00104787 0.00362473 0.999993 0.04006 0.297681 -0.166894
FixedParameters: 0 0 0

#Transform 133
Transform: AffineTransform_float_3_3
Parameters: 0.999997 -0.00217264 -0.000996107 0.00216836 0.999991 -0.00363717 0.00100389 0.00363583 0.999993 0.0325026 0.425151 -0.161422
FixedParameters: 0 0 0

#Transform 134
Transform: AffineTransform_float_3_3
Parameters: 0.999997 -0.00233986 -0.000944032 0.00233514 0.999984 -0.00512122 0.000955968 0.00511878 0.999987 0.0231657 0.432181 -0.215668
FixedParameters: 0 0 0

#Transform 135
Transform: AffineTransform_float_3_3
Parameters: 0.999996 -0.00238296 -0.0011112 0.00237604 0.999978 -0.00622066 0.0011258 0.00621834 0.99998 0.0169854 0.430714 -0.232491
FixedParameters: 0 0 0

#Transform 136
Transform: AffineTransform_float_3_3
Parameters: 0.999998 -0.0019457 -0.00112985 0.0019383 0.999975 -0.00677321 0.00114316 0.0067718 0.999977 -0.0464784 0.404805 -0.238738
FixedParameters: 0 0 0

#Transform 137
Transform: AffineTransform_float_3_3
Parameters: 0.999992 0.00271287 -0.00289533 -0.00274813 0.999922 -0.0122001 0.00286168 0.0122079 0.999922 -0.349338 0.405997 -0.488964
FixedParameters: 0 0 0

#Transform 138
Transform: AffineTransform_float_3_3
Parameters: 0.999984 0.0037742 -0.00408719 -0.0038308 0.999895 -0.0139796 0.00403381 0.0139944 0.999894 -0.403503 0.391844 -0.543957
FixedParameters: 0 0 0

#Transform 139
Transform: AffineTransform_float_3_3
Parameters: 0.999996 0.00225172 -0.00133745 -0.00226228 0.999967 -0.007731 0.00132055 0.007734 0.999969 -0.347619 0.258022 -0.268995
FixedParameters: 0 0 0

#Transform 140
Transform: AffineTransform_float_3_3
Parameters: 0.999996 0.00235017 -0.00107505 -0.00235682 0.999977 -0.00639249 0.00105995 0.00639451 0.999979 -0.30487 0.292715 -0.367275
FixedParameters: 0 0 0

#Transform 141
Transform: AffineTransform_float_3_3
Parameters: 0.999994 0.00260345 -0.00223511 -0.00262855 0.999931 -0.0115052 0.0022049 0.0115108 0.999932 -0.302828 0.384706 -0.623929
FixedParameters: 0 0 0

#Transform 142
Transform: AffineTransform_float_3_3
Parameters: 0.999993 0.00255349 -0.00252717 -0.00258352 0.999927 -0.0117425 0.00249782 0.0117494 0.999928 -0.295586 0.384398 -0.657998
FixedParameters: 0 0 0

#Transform 143
Transform: AffineTransform_float_3_3
Parameters: 0.999995 0.00207817 -0.00244975 -0.00210683 0.999928 -0.0118259 0.00242525 0.0118311 0.999927 -0.28126 0.366801 -0.655544
FixedParameters: 0 0 0

#Transform 144
Transform: AffineTransform_float_3_3
Parameters: 0.999995 0.00138698 -0.0028508 -0.00141901 0.999935 -0.011262 0.00283419 0.011266 0.999932 -0.217928 0.129926 -0.562382
FixedParameters: 0 0 0

#Transform 145
Transform: AffineTransform_float_3_3
Parameters: 0.999995 0.00118031 -0.00284749 -0.00121069 0.999944 -0.0104486 0.0028345 0.0104524 0.999942 -0.211224 0.173483 -0.596361
FixedParameters: 0 0 0

#Transform 146
Transform: AffineTransform_float_3_3
Parameters: 0.999995 0.001225 -0.00284853 -0.001256 0.999939 -0.0109085 0.00283446 0.0109115 0.999936 -0.222538 0.288501 -0.632094
FixedParameters: 0 0 0

#Transform 147
Transform: AffineTransform_float_3_3
Parameters: 0.999995 0.00118241 -0.00273996 -0.00121259 0.99994 -0.0108237 0.00272703 0.0108273 0.999937 -0.225658 0.338276 -0.637128
FixedParameters: 0 0 0

#Transform 148
Transform: AffineTransform_float_3_3
Parameters: 0.999996 0.00148965 -0.00248995 -0.00151535 0.999942 -0.0106153 0.00247405 0.0106187 0.99994 -0.236079 0.436948 -0.621538
FixedParameters: 0 0 0

#Transform 149
Transform: AffineTransform_float_3_3
Parameters: 0.999995 0.00148724 -0.00285019 -0.00151576 0.999947 -0.0101147 0.00283481 0.0101183 0.999945 -0.212331 0.503644 -0.583179
FixedParameters: 0 0 0

#Transform 150
Transform: AffineTransform_float_3_3
Parameters: 0.999995 0.0014882 -0.00284969 -0.00151579 0.999951 -0.00977873 0.00283431 0.00978327 0.999948 -0.20844 0.515259 -0.557187
FixedParameters: 0 0 0

#Transform 151
Transform: AffineTransform_float_3_3
Parameters: 0.999995 0.00148748 -0.00285006 -0.00151551 0.999948 -0.0100287 0.00283494 0.0100333 0.999945 -0.209082 0.523682 -0.559875
FixedParameters: 0 0 0

#Transform 152
Transform: AffineTransform_float_3_3
Parameters: 0.999995 0.00148789 -0.00278222 -0.00151512 0.999947 -0.0101288 0.00276779 0.0101332 0.999945 -0.206832 0.382936 -0.562502
FixedParameters: 0 0 0

#Transform 153
Transform: AffineTransform_float_3_3
Parameters: 0.999995 0.0012923 -0.00284773 -0.00131969 0.999951 -0.00974529 0.00283427 0.00974871 0.999949 -0.200819 0.354849 -0.560575
FixedParameters: 0 0 0

#Transform 154
Transform: AffineTransform_float_3_3
Parameters: 0.999996 0.00119546 -0.00278865 -0.00122055 0.999961 -0.00881564 0.00277835 0.00881837 0.999958 -0.196163 0.300983 -0.537936
FixedParameters: 0 0 0

#Transform 155
Transform: AffineTransform_float_3_3
Parameters: 0.999998 0.000685055 -0.00219708 -0.000697945 0.999983 -0.00589649 0.00219292 0.00589852 0.99998 -0.220853 0.199749 -0.459749
FixedParameters: 0 0 0

#Transform 156
Transform: AffineTransform_float_3_3
Parameters: 0.999997 0.000918107 -0.00221072 -0.00092689 0.999991 -0.00402496 0.00220629 0.00402704 0.99999 -0.201101 0.212494 -0.436343
FixedParameters: 0 0 0

#Transform 157
Transform: AffineTransform_float_3_3
Parameters: 0.999995 0.00122717 -0.00273021 -0.00125382 0.99995 -0.00984562 0.00271778 0.00984837 0.999948 -0.169523 0.29736 -0.647648
FixedParameters: 0 0 0

#Transform 158
Transform: AffineTransform_float_3_3
Parameters: 0.999997 0.00107819 -0.00243034 -0.00109881 0.999962 -0.00857636 0.00242167 0.00857864 0.999961 -0.155197 0.427314 -0.618122
FixedParameters: 0 0 0

#Transform 159
Transform: AffineTransform_float_3_3
Parameters: 0.999998 0.00061895 -0.00159336 -0.000625048 0.999992 -0.00379901 0.00159064 0.00379999 0.999991 -0.172815 0.193396 -0.41288
FixedParameters: 0 0 0

#Transform 160
Transform: AffineTransform_float_3_3
Parameters: 0.999999 0.000293532 -0.00178707 -0.000300469 0.999994 -0.00362047 0.00178592 0.00362053 0.999992 -0.170938 0.0678664 -0.302257
FixedParameters: 0 0 0

#Transform 161
Transform: AffineTransform_float_3_3
Parameters: 0.999999 0.000293473 -0.00152727 -0.000299525 0.999991 -0.00427455 0.00152573 0.00427545 0.999989 -0.177601 0.303583 -0.292997
FixedParameters: 0 0 0

#Transform 162
Transform: AffineTransform_float_3_3
Parameters: 0.999999 0.000202021 -0.00135291 -0.00020798 0.99999 -0.00442073 0.00135209 0.00442128 0.99999 -0.169013 0.350963 -0.305615
FixedParameters: 0 0 0

#Transform 163
Transform: AffineTransform_float_3_3
Parameters: 0.999999 0.000437003 -0.00135395 -0.000442998 0.99999 -0.00443241 0.00135205 0.0044326 0.99999 -0.174489 0.483861 -0.32844
FixedParameters: 0 0 0

#Transform 164
Transform: AffineTransform_float_3_3
Parameters: 0.999998 0.000607744 -0.00150454 -0.000614258 0.999991 -0.00416108 0.00150246 0.00416192 0.99999 -0.167969 0.393596 -0.337296
FixedParameters: 0 0 0

#Transform 165
Transform: AffineTransform_float_3_3
Parameters: 0.999999 0.000628627 -0.00135451 -0.000634375 0.999992 -0.00397015 0.00135249 0.00397086 0.999991 -0.170792 0.430241 -0.379774
FixedParameters: 0 0 0

#Transform 166
Transform: AffineTransform_float_3_3
Parameters: 0.999998 0.000637381 -0.00177149 -0.000647622 0.999985 -0.00543486 0.00176851 0.00543614 0.999983 -0.165168 0.417052 -0.47803
FixedParameters: 0 0 0

#Transform 167
Transform: AffineTransform_float_3_3
Parameters: 0.999998 0.000592288 -0.00221636 -0.000612711 0.99996 -0.00890467 0.00221063 0.00890533 0.999958 -0.144317 0.438225 -0.664374
FixedParameters: 0 0 0

#Transform 168
Transform: AffineTransform_float_3_3
Parameters: 0.999997 0.000685276 -0.00231255 -0.000707726 0.999955 -0.00940539 0.00230645 0.0094076 0.999953 -0.134739 0.452485 -0.655549
FixedParameters: 0 0 0

#Transform 169
Transform: AffineTransform_float_3_3
Parameters: 0.999996 0.000896246 -0.00265852 -0.000923758 0.999945 -0.0104566 0.00264948 0.0104594 0.999942 -0.130642 0.346004 -0.759744
FixedParameters: 0 0 0

#Transform 170
Transform: AffineTransform_float_3_3
Parameters: 0.999996 0.000707295 -0.00246932 -0.000728702 0.999961 -0.00880023 0.00246268 0.00880177 0.999958 -0.140519 0.0986755 -0.610675
FixedParameters: 0 0 0

#Transform 171
Transform: AffineTransform_float_3_3
Parameters: 0.999998 0.000383037 -0.00207463 -0.000396964 0.999978 -0.00673319 0.00207237 0.00673481 0.999975 -0.137849 0.0686018 -0.483107
FixedParameters: 0 0 0

#Transform 172
Transform: AffineTransform_float_3_3
Parameters: 0.999997 0.00038967 -0.00214085 -0.000405322 0.999975 -0.00716415 0.00213715 0.00716585 0.999972 -0.138776 0.168014 -0.505676
FixedParameters: 0 0 0

#Transform 173
Transform: AffineTransform_float_3_3
Parameters: 0.999997 0.000374639 -0.00209462 -0.000389357 0.999977 -0.0068602 0.00209138 0.0068608 0.999975 -0.145313 0.271913 -0.471463
FixedParameters: 0 0 0

#Transform 174
Transform: AffineTransform_float_3_3
Parameters: 0.999998 0.000526633 -0.00200256 -0.000539362 0.999977 -0.00667993 0.00199844 0.00668106 0.999975 -0.160371 0.454609 -0.45583
FixedParameters: 0 0 0

#Transform 175
Transform: AffineTransform_float_3_3
Parameters: 0.999998 0.000436527 -0.00200176 -0.000449475 0.999981 -0.00623512 0.00199924 0.00623589 0.999979 -0.155484 0.51763 -0.420562
FixedParameters: 0 0 0

#Transform 176
Transform: AffineTransform_float_3_3
Parameters: 0.999998 0.000371662 -0.00200133 -0.000383336 0.999981 -0.00616824 0.00199867 0.00616875 0.999979 -0.153498 0.598912 -0.416251
FixedParameters: 0 0 0

#Transform 177
Transform: AffineTransform_float_3_3
Parameters: 0.999998 0.000439661 -0.00200175 -0.000451341 0.999981 -0.00616811 0.00199925 0.00616889 0.999979 -0.148273 0.581724 -0.413248
FixedParameters: 0 0 0

#Transform 178
Transform: AffineTransform_float_3_3
Parameters: 0.999998 0.000673086 -0.00200304 -0.000684914 0.999982 -0.00595364 0.00199896 0.00595436 0.999981 -0.151082 0.495533 -0.388295
FixedParameters: 0 0 0

#Transform 179
Transform: AffineTransform_float_3_3
Parameters: 0.999998 0.000673661 -0.00200285 -0.00068534 0.999983 -0.00566664 0.00199915 0.00566736 0.999982 -0.146082 0.387922 -0.341929
FixedParameters: 0 0 0

#Transform 180
Transform: AffineTransform_float_3_3
Parameters: 0.999998 0.000559118 -0.00200207 -0.000569881 0.999985 -0.00543887 0.00199893 0.00544013 0.999983 -0.151264 0.250596 -0.336337
FixedParameters: 0 0 0

#Transform 181
Transform: AffineTransform_float_3_3
Parameters: 0.999998 0.000235386 -0.00158546 -0.000245611 0.999981 -0.00606662 0.00158354 0.00606638 0.999981 -0.158471 0.178348 -0.359974
FixedParameters: 0 0 0

#Transform 182
Transform: AffineTransform_float_3_3
Parameters: 0.999998 0.000270149 -0.00191871 -0.000281854 0.999981 -0.00617947 0.0019173 0.00617953 0.999979 -0.140747 0.210224 -0.440903
FixedParameters: 0 0 0

#Transform 183
Transform: AffineTransform_float_3_3
Parameters: 0.999997 0.000667284 -0.00229622 -0.000684715 0.99997 -0.00772345 0.00229078 0.00772455 0.999967 -0.122385 0.287247 -0.555423
FixedParameters: 0 0 0

#Transform 184
Transform: AffineTransform_float_3_3
Parameters: 0.999997 0.000509362 -0.00241522 -0.000529635 0.999967 -0.00813674 0.00241077 0.00813825 0.999964 -0.126658 0.340853 -0.574224
FixedParameters: 0 0 0

#Transform 185
Transform: AffineTransform_float_3_3
Parameters: 0.999998 0.000256376 -0.00205588 -0.000270625 0.999974 -0.00711645 0.00205412 0.00711654 0.999972 -0.122949 0.31927 -0.49266
FixedParameters: 0 0 0

#Transform 186
Transform: AffineTransform_float_3_3
Parameters: 0.999998 0.000234125 -0.00200043 -0.000245873 0.999983 -0.00593852 0.00199858 0.00593848 0.999981 -0.111637 0.235861 -0.39764
FixedParameters: 0 0 0

#Transform 187
Transform: AffineTransform_float_3_3
Parameters: 0.999997 -0.000159639 -0.00213709 0.000147361 0.999982 -0.00591333 0.00213791 0.00591267 0.99998 -0.105549 0.267643 -0.397621
FixedParameters: 0 0 0

#Transform 188
Transform: AffineTransform_float_3_3
Parameters: 0.999998 -0.000165854 -0.00199798 0.000153147 0.99998 -0.00643132 0.00199903 0.00643169 0.999978 -0.121724 0.390821 -0.421665
FixedParameters: 0 0 0

#Transform 189
