# transform file /out/sourcedata/freesurfer/sub-v2s11x28676_ses-1/mri/transforms/cc_up.lta
# created by oesteban on Tue Mar 10 16:25:19 2026

type      = 0 # LINEAR_VOX_TO_VOX
nxforms   = 1
mean      = 158.0000 155.0000 147.0000
sigma     = 10000.0000
1 4 4
9.996969103813171e-01 -2.984606893733144e-03 2.443755604326725e-02 -3.232966232299805e+01 
2.983715618029237e-03 9.999955892562866e-01 7.293682574527338e-05 -1.747916793823242e+01 
-2.443766407668591e-02 -7.275957614183426e-12 9.997013211250305e-01 1.689550018310547e+01 
0.000000000000000e+00 0.000000000000000e+00 0.000000000000000e+00 1.000000000000000e+00 
src volume info
valid = 1  # volume info valid
filename = /out/sourcedata/freesurfer/sub-v2s11x28676_ses-1/mri/norm.mgz
volume = 320 320 320
voxelsize = 7.999999523162842e-01 7.999999523162842e-01 7.999999523162842e-01
xras   = -9.999999403953552e-01 0.000000000000000e+00 0.000000000000000e+00
yras   = 0.000000000000000e+00 0.000000000000000e+00 -9.999999403953552e-01
zras   = 0.000000000000000e+00 9.999999403953552e-01 0.000000000000000e+00
cras   = 1.500877380371094e+00 3.028625488281250e+00 2.628408813476562e+01
dst volume info
valid = 1  # volume info valid
filename = /out/sourcedata/freesurfer/sub-v2s11x28676_ses-1/mri/norm.mgz
volume = 320 320 320
voxelsize = 7.999999523162842e-01 7.999999523162842e-01 7.999999523162842e-01
xras   = -9.999999403953552e-01 0.000000000000000e+00 0.000000000000000e+00
yras   = 0.000000000000000e+00 0.000000000000000e+00 -9.999999403953552e-01
zras   = 0.000000000000000e+00 9.999999403953552e-01 0.000000000000000e+00
cras   = 1.500877380371094e+00 3.028625488281250e+00 2.628408813476562e+01
