# transform file /out/sourcedata/freesurfer/sub-v2s11x28688_ses-1/mri/transforms/cc_up.lta
# created by oesteban on Tue Mar 10 17:03:04 2026

type      = 0 # LINEAR_VOX_TO_VOX
nxforms   = 1
mean      = 165.0000 158.0000 154.0000
sigma     = 10000.0000
1 4 4
9.979222416877747e-01 6.278340518474579e-02 -1.447084918618202e-02 -4.447620010375977e+01 
-6.277680397033691e-02 9.980271458625793e-01 9.103250922635198e-04 -4.247180223464966e-01 
1.449945475906134e-02 0.000000000000000e+00 9.998949170112610e-01 -1.139362621307373e+01 
0.000000000000000e+00 0.000000000000000e+00 0.000000000000000e+00 1.000000000000000e+00 
src volume info
valid = 1  # volume info valid
filename = /out/sourcedata/freesurfer/sub-v2s11x28688_ses-1/mri/norm.mgz
volume = 320 320 320
voxelsize = 7.999998927116394e-01 7.999998927116394e-01 7.999998927116394e-01
xras   = -9.999999403953552e-01 0.000000000000000e+00 0.000000000000000e+00
yras   = 0.000000000000000e+00 0.000000000000000e+00 -9.999999403953552e-01
zras   = 0.000000000000000e+00 9.999999403953552e-01 0.000000000000000e+00
cras   = 3.922180175781250e+00 2.252238464355469e+01 -1.507865905761719e+01
dst volume info
valid = 1  # volume info valid
filename = /out/sourcedata/freesurfer/sub-v2s11x28688_ses-1/mri/norm.mgz
volume = 320 320 320
voxelsize = 7.999998927116394e-01 7.999998927116394e-01 7.999998927116394e-01
xras   = -9.999999403953552e-01 0.000000000000000e+00 0.000000000000000e+00
yras   = 0.000000000000000e+00 0.000000000000000e+00 -9.999999403953552e-01
zras   = 0.000000000000000e+00 9.999999403953552e-01 0.000000000000000e+00
cras   = 3.922180175781250e+00 2.252238464355469e+01 -1.507865905761719e+01
