# transform file transforms/talairach.lta
# created by oesteban on Tue Mar 10 15:01:34 2026

type      = 0 # LINEAR_VOX_TO_VOX
nxforms   = 1
mean      = 165.0000 157.0000 154.0000
sigma     = 10000.0000
1 4 4
8.276253938674927e-01 5.507255718111992e-02 -5.852706730365753e-03 -1.806475639343262e+01 
-4.536870494484901e-02 9.208455085754395e-01 -1.604086719453335e-04 -2.120021438598633e+01 
6.763096898794174e-03 6.192578002810478e-04 7.272796630859375e-01 -3.131998538970947e+00 
0.000000000000000e+00 0.000000000000000e+00 0.000000000000000e+00 1.000000000000000e+00 
src volume info
valid = 1  # volume info valid
filename = nu.mgz
volume = 320 320 320
voxelsize = 7.999998927116394e-01 7.999998927116394e-01 7.999998927116394e-01
xras   = -9.999999403953552e-01 0.000000000000000e+00 0.000000000000000e+00
yras   = 0.000000000000000e+00 0.000000000000000e+00 -9.999999403953552e-01
zras   = 0.000000000000000e+00 9.999999403953552e-01 0.000000000000000e+00
cras   = 3.922180175781250e+00 2.252238464355469e+01 -1.507865905761719e+01
dst volume info
valid = 1  # volume info valid
filename = /opt/freesurfer/average/RB_all_2020-01-02.gca
volume = 256 256 256
voxelsize = 1.000000000000000e+00 1.000000000000000e+00 1.000000000000000e+00
xras   = -1.000000000000000e+00 0.000000000000000e+00 0.000000000000000e+00
yras   = 0.000000000000000e+00 0.000000000000000e+00 -1.000000000000000e+00
zras   = 0.000000000000000e+00 1.000000000000000e+00 0.000000000000000e+00
cras   = 0.000000000000000e+00 0.000000000000000e+00 0.000000000000000e+00
