# transform file /out/sourcedata/freesurfer/sub-v2s11x28678_ses-1/mri/transforms/cc_up.lta
# created by oesteban on Tue Mar 10 16:22:09 2026

type      = 0 # LINEAR_VOX_TO_VOX
nxforms   = 1
mean      = 163.0000 166.0000 162.0000
sigma     = 10000.0000
1 4 4
9.980648756027222e-01 -4.162527993321419e-02 4.619453847408295e-02 -3.256823730468750e+01 
4.158076643943787e-02 9.991334080696106e-01 1.924528623931110e-03 -2.085433769226074e+01 
-4.623461142182350e-02 -1.164153218269348e-10 9.989306330680847e-01 -1.139901733398438e+01 
0.000000000000000e+00 0.000000000000000e+00 0.000000000000000e+00 1.000000000000000e+00 
src volume info
valid = 1  # volume info valid
filename = /out/sourcedata/freesurfer/sub-v2s11x28678_ses-1/mri/norm.mgz
volume = 320 320 320
voxelsize = 7.999999523162842e-01 7.999999523162842e-01 7.999999523162842e-01
xras   = -9.999999403953552e-01 0.000000000000000e+00 0.000000000000000e+00
yras   = 0.000000000000000e+00 0.000000000000000e+00 -9.999999403953552e-01
zras   = 0.000000000000000e+00 9.999999403953552e-01 0.000000000000000e+00
cras   = 3.316856384277344e+00 -3.268566131591797e+01 7.388793945312500e+00
dst volume info
valid = 1  # volume info valid
filename = /out/sourcedata/freesurfer/sub-v2s11x28678_ses-1/mri/norm.mgz
volume = 320 320 320
voxelsize = 7.999999523162842e-01 7.999999523162842e-01 7.999999523162842e-01
xras   = -9.999999403953552e-01 0.000000000000000e+00 0.000000000000000e+00
yras   = 0.000000000000000e+00 0.000000000000000e+00 -9.999999403953552e-01
zras   = 0.000000000000000e+00 9.999999403953552e-01 0.000000000000000e+00
cras   = 3.316856384277344e+00 -3.268566131591797e+01 7.388793945312500e+00
