#Insight Transform File V1.0
#Transform 0
Transform: AffineTransform_float_3_3
Parameters: 1 -0.000420048 -0.000161874 0.000419951 1 -0.000299068 0.000162126 0.000298932 1 0.0268696 -0.0615776 0.0530253
FixedParameters: 0 0 0

#Transform 1
Transform: AffineTransform_float_3_3
Parameters: 1 -0.00023624 -0.000138591 0.000235759 0.999998 -0.00173303 0.000139409 0.00173297 0.999998 0.0268291 -0.0163083 -0.00619676
FixedParameters: 0 0 0

#Transform 2
Transform: AffineTransform_float_3_3
Parameters: 1 -0.0004198 0.000137611 0.0004192 0.999999 -0.00145594 -0.00013739 0.00145606 0.999999 0.0312652 -0.0364662 0.0462284
FixedParameters: 0 0 0

#Transform 3
Transform: AffineTransform_float_3_3
Parameters: 1 -0.000420091 0.000246845 0.000419909 1 0.000370104 -0.000246155 -0.000369897 1 0.0367291 -0.0400227 0.0706227
FixedParameters: 0 0 0

#Transform 4
Transform: AffineTransform_float_3_3
Parameters: 1 -0.000244011 -0.000230988 0.000243989 1 -4.80564e-05 0.000231012 4.79436e-05 1 0.0220987 -0.0506112 0.0224779
FixedParameters: 0 0 0

#Transform 5
Transform: AffineTransform_float_3_3
Parameters: 1 -8.89698e-06 -0.000510002 9.10302e-06 1 0.000201995 0.000509998 -0.000202005 1 0.000301545 -0.0336078 0.00659664
FixedParameters: 0 0 0

#Transform 6
Transform: AffineTransform_float_3_3
Parameters: 1 0.00013299 -0.000217006 -0.00013301 1 -4.79711e-05 0.000216994 4.80289e-05 1 0.014353 -0.0265431 -0.00759733
FixedParameters: 0 0 0

#Transform 7
Transform: AffineTransform_float_3_3
Parameters: 1 -0.000193203 -0.000329881 0.000193797 1 -0.000614064 0.000330119 0.000614936 1 0.0132527 -0.0015621 0.00442638
FixedParameters: 0 0 0

#Transform 8
Transform: AffineTransform_float_3_3
Parameters: 1 -0.000192836 0.000142222 0.000193165 1 -0.00115297 -0.000142777 0.00115303 1 0.0201348 0.0316862 -0.016744
FixedParameters: 0 0 0

#Transform 9
Transform: AffineTransform_float_3_3
Parameters: 1 -0.000192396 0.000541215 0.000193604 1 -0.0011159 -0.000540784 0.0011161 0.999999 0.00195144 -0.00553339 0.0576662
FixedParameters: 0 0 0

#Transform 10
Transform: AffineTransform_float_3_3
Parameters: 1 -0.000192963 3.61988e-05 0.000193037 1 -0.00102999 -3.58012e-05 0.00103001 1 0.0086698 -0.0499122 0.0686637
FixedParameters: 0 0 0

#Transform 11
Transform: AffineTransform_float_3_3
Parameters: 1 -0.0001931 -0.000213909 0.0001939 1 -0.000469041 0.000214091 0.000468959 1 0.0049941 -0.0646246 0.0302983
FixedParameters: 0 0 0

#Transform 12
Transform: AffineTransform_float_3_3
Parameters: 1 -0.000192952 0.000208045 0.000193048 1 -0.00023296 -0.000207955 0.00023304 1 0.0111815 -0.0612704 0.00172871
FixedParameters: 0 0 0

#Transform 13
Transform: AffineTransform_float_3_3
Parameters: 1 -0.000192926 0.000336042 0.000193074 1 -0.000218935 -0.000335958 0.000219065 1 0.0130568 -0.0342894 -0.0132109
FixedParameters: 0 0 0

#Transform 14
Transform: AffineTransform_float_3_3
Parameters: 1 5.80275e-05 3.59556e-05 -5.79724e-05 0.999999 -0.000766002 -3.60444e-05 0.000765997 0.999999 0.0120943 -0.00697864 0.00131007
FixedParameters: 0 0 0

#Transform 15
Transform: AffineTransform_float_3_3
Parameters: 1 -0.000192604 0.000452169 0.000193396 0.999999 -0.000875912 -0.00045183 0.000876086 0.999999 0.00958777 0.0244827 -0.0141241
FixedParameters: 0 0 0

#Transform 16
Transform: AffineTransform_float_3_3
Parameters: 1 -0.000192947 3.6285e-05 0.000193053 0.999999 -0.00147699 -3.57149e-05 0.00147701 0.999999 0.00724977 -0.00446052 0.033829
FixedParameters: 0 0 0

#Transform 17
Transform: AffineTransform_float_3_3
Parameters: 1 -0.000192973 3.61443e-05 0.000193027 0.999999 -0.000747993 -3.58556e-05 0.000748007 0.999999 0.023415 -0.0327366 0.0826614
FixedParameters: 0 0 0

#Transform 18
Transform: AffineTransform_float_3_3
Parameters: 1 -0.000192957 0.00020704 0.000193043 1 -0.00020896 -0.00020696 0.00020904 1 0.00677232 -0.0348829 0.0481021
FixedParameters: 0 0 0

#Transform 19
Transform: AffineTransform_float_3_3
Parameters: 1 -0.000193014 0.00026999 0.000193986 1 5.10524e-05 -0.00027001 -5.09479e-05 1 0.00444766 -0.0304254 0.0117639
FixedParameters: 0 0 0

#Transform 20
Transform: AffineTransform_float_3_3
Parameters: 1 -0.000123994 0.000153005 0.000124006 1 -3.7981e-05 -0.000152995 3.8019e-05 1 -0.00293822 -0.0225271 -0.00691006
FixedParameters: 0 0 0

#Transform 21
Transform: AffineTransform_float_3_3
Parameters: 1 0.000254007 0.00017299 -0.000253993 1 -4.10439e-05 -0.00017301 4.09561e-05 1 -0.0133904 -0.0238542 -0.0106707
FixedParameters: 0 0 0

#Transform 22
Transform: AffineTransform_float_3_3
Parameters: 1 -0.000176023 0.000339988 0.000175977 1 6.80598e-05 -0.000340012 -6.79401e-05 1 -0.000110002 0.0166425 -0.0217825
FixedParameters: 0 0 0

#Transform 23
Transform: AffineTransform_float_3_3
Parameters: 1 -0.000127909 9.01297e-05 0.000128091 1 -0.00101299 -8.98703e-05 0.00101301 1 -0.000100045 0.0141031 -0.000582893
FixedParameters: 0 0 0

#Transform 24
Transform: AffineTransform_float_3_3
Parameters: 1 -0.000377511 0.000483383 0.000377489 1 -0.00101282 -0.000482618 0.00101218 1 0.00470373 0.0149063 0.0302581
FixedParameters: 0 0 0

#Transform 25
Transform: AffineTransform_float_3_3
Parameters: 1 -0.000377789 0.000457174 0.000377211 1 -0.000461827 -0.000456826 0.000462172 1 0.00438929 -0.0289104 0.0720779
FixedParameters: 0 0 0

#Transform 26
Transform: AffineTransform_float_3_3
Parameters: 1 7.0976e-05 9.00189e-05 -7.1024e-05 1 0.000266994 -8.9981e-05 -0.000267006 1 0.0113028 -0.0198186 0.0305849
FixedParameters: 0 0 0

#Transform 27
Transform: AffineTransform_float_3_3
Parameters: 1 5.19648e-05 0.000275007 -5.20352e-05 1 0.000127986 -0.000274993 -0.000128014 1 -0.00379237 -0.0340876 0.0103699
FixedParameters: 0 0 0

#Transform 28
Transform: AffineTransform_float_3_3
Parameters: 1 0.000305992 0.000291009 -0.000306008 1 2.79109e-05 -0.000290991 -2.8089e-05 1 -0.00408187 -0.0441393 -0.0025891
FixedParameters: 0 0 0

#Transform 29
Transform: AffineTransform_float_3_3
Parameters: 1 0.000306086 0.000416937 -0.000305914 1 -0.000206128 -0.000417063 0.000205872 1 -0.00220409 -0.0275758 -0.0143787
FixedParameters: 0 0 0

#Transform 30
Transform: AffineTransform_float_3_3
Parameters: 1 0.000214086 0.000416956 -0.000213914 1 -0.000206089 -0.000417044 0.000205911 1 -0.00203629 0.00571444 -0.0143789
FixedParameters: 0 0 0

#Transform 31
Transform: AffineTransform_float_3_3
Parameters: 0.999999 0.00115707 0.000864908 -0.00115693 1 -8.00007e-05 -0.000865092 7.89991e-05 0.999999 0.00287106 0.0394326 -0.0158003
FixedParameters: 0 0 0

#Transform 32
Transform: AffineTransform_float_3_3
Parameters: 1 0.000147961 0.000417014 -0.000147039 1 9.39387e-05 -0.000416986 -9.40617e-05 1 -0.00185323 0.0509111 0.0646329
FixedParameters: 0 0 0

#Transform 33
Transform: AffineTransform_float_3_3
Parameters: 1 0.000148279 0.000416901 -0.000147721 1 -0.000669061 -0.000417099 0.000668938 0.999999 -0.00186303 -0.0265535 0.0494425
FixedParameters: 0 0 0

#Transform 34
Transform: AffineTransform_float_3_3
Parameters: 1 0.000147762 0.000417084 -0.000147238 1 0.000569938 -0.000416916 -0.000570061 1 -0.0118769 -0.0406654 0.0403047
FixedParameters: 0 0 0

#Transform 35
Transform: AffineTransform_float_3_3
Parameters: 1 0.00038 2.166e-07 -0.00038 1 0.00057 2.166e-07 -0.00057 1 -0.0113311 -0.0349198 0.0196846
FixedParameters: 0 0 0

#Transform 36
Transform: AffineTransform_float_3_3
Parameters: 1 0.000147475 -0.000628124 -0.000147525 0.999999 -0.000835908 0.000627877 0.000836093 1 -0.0294706 -0.0391913 0.0331584
FixedParameters: 0 0 0

#Transform 37
Transform: AffineTransform_float_3_3
Parameters: 1 0.000592979 -5.72152e-05 -0.00059302 1 -0.000362966 5.67847e-05 0.000363034 1 -0.0264858 0.0200363 0.0433354
FixedParameters: 0 0 0

#Transform 38
Transform: AffineTransform_float_3_3
Parameters: 0.999999 9.51888e-05 -0.00127914 -9.68109e-05 0.999999 -0.00141588 0.00127886 0.00141612 0.999998 -0.0318452 -0.0445446 0.0428389
FixedParameters: 0 0 0

#Transform 39
Transform: AffineTransform_float_3_3
Parameters: 0.999999 -0.000128874 -0.00123001 0.000129125 1 0.000101841 0.00122999 -0.000102159 0.999999 -0.025418 -0.0197895 0.0819657
FixedParameters: 0 0 0

#Transform 40
Transform: AffineTransform_float_3_3
Parameters: 0.999999 3.7288e-05 -0.000749985 -3.6712e-05 1 0.000384027 0.000750014 -0.000383972 0.999999 -0.00583567 0.0636403 0.0475347
FixedParameters: 0 0 0

#Transform 41
Transform: AffineTransform_float_3_3
Parameters: 0.999999 3.64142e-05 -0.000750029 -3.65857e-05 0.999999 -0.000780973 0.000749972 0.000781028 1 -0.0160154 0.0303058 0.0748581
FixedParameters: 0 0 0

#Transform 42
Transform: AffineTransform_float_3_3
Parameters: 0.999999 3.59627e-05 -0.00075005 -3.70372e-05 0.999999 -0.00138297 0.000749949 0.00138303 0.999999 -0.0160363 -0.0230001 0.101428
FixedParameters: 0 0 0

#Transform 43
Transform: AffineTransform_float_3_3
Parameters: 0.999999 3.70952e-05 -0.000749995 -3.69047e-05 1 0.000127028 0.000750004 -0.000126972 0.999999 -0.0113762 -0.0600015 0.090201
FixedParameters: 0 0 0

#Transform 44
Transform: AffineTransform_float_3_3
Parameters: 1 -4.19287e-05 -0.000561005 4.20712e-05 1 0.000126976 0.000560994 -0.000127024 1 -0.0131219 -0.0532572 0.0992812
FixedParameters: 0 0 0

#Transform 45
Transform: AffineTransform_float_3_3
Parameters: 0.999999 8.80952e-05 -0.000749988 -8.89047e-05 1 0.000127067 0.000750011 -0.000126934 0.999999 -0.0247807 -0.0237478 0.0606873
FixedParameters: 0 0 0

#Transform 46
Transform: AffineTransform_float_3_3
Parameters: 0.999999 -8.50622e-05 -0.000749993 8.49377e-05 1 -8.30637e-05 0.000750007 8.29362e-05 0.999999 -0.0276139 -0.0261614 0.0719274
FixedParameters: 0 0 0

#Transform 47
Transform: AffineTransform_float_3_3
Parameters: 1 3.68585e-05 -0.000626008 -3.71415e-05 1 -0.000225977 0.000625991 0.000226023 1 -0.021775 0.0285416 0.0516059
FixedParameters: 0 0 0

#Transform 48
Transform: AffineTransform_float_3_3
Parameters: 1 3.66633e-05 -0.00061102 -3.73366e-05 1 -0.000550977 0.000610979 0.000551022 0.999999 -0.0139463 0.0424463 0.0509672
FixedParameters: 0 0 0

#Transform 49
Transform: AffineTransform_float_3_3
Parameters: 0.999999 3.63018e-05 -0.000788032 -3.66981e-05 0.999999 -0.000885971 0.000787968 0.000886029 1 -0.0165283 0.0457282 0.0587966
FixedParameters: 0 0 0

#Transform 50
Transform: AffineTransform_float_3_3
Parameters: 1 3.70547e-05 5.79651e-05 -3.69453e-05 0.999999 -0.000943001 -5.80348e-05 0.000942997 0.999999 -0.00413252 0.0683364 0.0163732
FixedParameters: 0 0 0

#Transform 51
Transform: AffineTransform_float_3_3
Parameters: 1 3.6767e-05 -0.000303028 -3.7233e-05 0.999999 -0.000768988 0.000302971 0.000769011 0.999999 -0.00938933 -0.0270169 0.118134
FixedParameters: 0 0 0

#Transform 52
Transform: AffineTransform_float_3_3
Parameters: 1 3.6756e-05 -0.000517017 -3.72445e-05 1 -0.000471981 0.000517982 0.000472019 1 -0.00274327 -0.016782 0.0861075
FixedParameters: 0 0 0

#Transform 53
Transform: AffineTransform_float_3_3
Parameters: 1 3.69192e-05 -0.000459006 -3.70808e-05 1 -0.000175983 0.000458993 0.000176017 1 -0.011527 -0.047316 0.0518858
FixedParameters: 0 0 0

#Transform 54
Transform: AffineTransform_float_3_3
Parameters: 1 -1.79846e-05 -0.000280001 1.80154e-05 1 5.4995e-05 0.000279999 -5.5005e-05 1 -0.0140881 -0.0437705 0.0290654
FixedParameters: 0 0 0

#Transform 55
Transform: AffineTransform_float_3_3
Parameters: 1 0.00050901 -0.000184972 -0.00050899 1 5.50941e-05 0.000185028 -5.49058e-05 1 -0.0136166 -0.0147094 0.0283857
FixedParameters: 0 0 0

#Transform 56
Transform: AffineTransform_float_3_3
Parameters: 1 0.000508944 -0.000103277 -0.000509056 0.999999 -0.000543947 0.000103723 0.000544053 1 -0.0123973 -0.00188156 0.0309761
FixedParameters: 0 0 0

#Transform 57
Transform: AffineTransform_float_3_3
Parameters: 1 0.000509089 8.14436e-05 -0.000508911 1 -0.00109304 -8.15563e-05 0.00109296 1 -0.0201272 0.0386886 0.000851067
FixedParameters: 0 0 0

#Transform 58
Transform: AffineTransform_float_3_3
Parameters: 1 0.000509103 8.13591e-05 -0.000508898 0.999999 -0.00125904 -8.16408e-05 0.00125896 0.999999 -0.0306583 0.000813946 0.0637733
FixedParameters: 0 0 0

#Transform 59
Transform: AffineTransform_float_3_3
Parameters: 1 0.000265952 -5.52292e-05 -0.000266048 0.999999 -0.000861985 5.57707e-05 0.000862014 0.999999 -0.0238846 -0.00786462 0.0876223
FixedParameters: 0 0 0

#Transform 60
Transform: AffineTransform_float_3_3
Parameters: 1 0.000397953 -0.000105177 -0.000398047 1 -0.000445958 0.000104822 0.000446042 1 -0.0331677 -0.0338156 0.0538136
FixedParameters: 0 0 0

#Transform 61
Transform: AffineTransform_float_3_3
Parameters: 0.999999 0.000722004 -0.000104973 -0.000721996 0.999999 3.80758e-05 0.000105027 -3.79242e-05 1 -0.0437911 -0.0278282 0.0294668
FixedParameters: 0 0 0

#Transform 62
Transform: AffineTransform_float_3_3
Parameters: 0.999999 0.000807992 0.000145044 -0.000808007 0.999999 5.38828e-05 -0.000144957 -5.31171e-05 1 -0.0303427 -0.0142424 0.0115769
FixedParameters: 0 0 0

#Transform 63
Transform: AffineTransform_float_3_3
Parameters: 0.999999 0.000807844 -0.00021459 -0.000807157 1 -0.000729827 0.000214411 0.000729174 0.999999 -0.0455972 0.00572068 0.0127475
FixedParameters: 0 0 0

#Transform 64
Transform: AffineTransform_float_3_3
Parameters: 1 0.000464951 -4.84701e-05 -0.000465049 1 -0.00101098 4.85299e-05 0.00101102 1 -0.0323714 0.0394509 -0.0136533
FixedParameters: 0 0 0

#Transform 65
Transform: AffineTransform_float_3_3
Parameters: 1 0.000340409 0.000292525 -0.000340591 0.999999 -0.0013961 -0.000293476 0.0013959 0.999999 -0.00741039 -0.0214508 0.0273421
FixedParameters: 0 0 0

#Transform 66
Transform: AffineTransform_float_3_3
Parameters: 1 0.000339934 -7.72883e-05 -0.000340065 0.999999 -0.000847973 7.67116e-05 0.000848025 0.999999 -0.0137938 -0.0227155 0.0449058
FixedParameters: 0 0 0

#Transform 67
Transform: AffineTransform_float_3_3
Parameters: 1 0.000339675 0.00031535 -0.000340325 1 0.00103089 -0.000314649 -0.00103111 1 -0.0268247 0.00473022 0.0321102
FixedParameters: 0 0 0

#Transform 68
Transform: AffineTransform_float_3_3
Parameters: 1 0.000538957 0.000115199 -0.000539042 1 0.000369938 -0.000114801 -0.000369062 1 -0.0301585 -0.0155588 -0.000704361
FixedParameters: 0 0 0

#Transform 69
Transform: AffineTransform_float_3_3
Parameters: 0.999999 0.000655047 0.000266883 -0.000654952 1 -0.000179175 -0.000267117 0.000178825 1 -0.0282043 0.00532743 -0.00926322
FixedParameters: 0 0 0

#Transform 70
Transform: AffineTransform_float_3_3
Parameters: 1 0.000607994 -1.22985e-05 -0.000608006 0.999999 -0.000490992 1.27015e-05 0.000491008 1 -0.0321767 0.0204627 -0.0132367
FixedParameters: 0 0 0

#Transform 71
Transform: AffineTransform_float_3_3
Parameters: 1 0.000462315 0.000311533 -0.000461684 1 -0.00101114 -0.000312467 0.00101086 1 -0.00822263 0.0370429 -0.0226572
FixedParameters: 0 0 0

#Transform 72
Transform: AffineTransform_float_3_3
Parameters: 1 0.000462539 0.000532533 -0.000462461 1 -0.00101125 -0.000533468 0.00101075 1 0.00466994 0.0124748 0.00112202
FixedParameters: 0 0 0

#Transform 73
Transform: AffineTransform_float_3_3
Parameters: 1 0.000461872 -0.000135437 -0.000462129 1 -0.000946938 0.000135562 0.000947063 0.999999 0.00530763 -0.0219537 0.0274929
FixedParameters: 0 0 0

#Transform 74
Transform: AffineTransform_float_3_3
Parameters: 1 0.000392129 0.000358859 -0.000391871 1 -0.000360141 -0.000359141 0.000359859 1 -0.0170292 -0.0464264 -0.00609522
FixedParameters: 0 0 0

#Transform 75
Transform: AffineTransform_float_3_3
Parameters: 1 0.000641005 4.19243e-05 -0.000640995 1 -0.000118027 -4.20756e-05 0.000117973 1 -0.0221305 -0.04381 -0.0297978
FixedParameters: 0 0 0

#Transform 76
Transform: AffineTransform_float_3_3
Parameters: 1 0.000462012 0.000102945 -0.000461988 1 -0.000118048 -0.000103054 0.000117952 1 -0.0308428 -0.0347974 -0.0274962
FixedParameters: 0 0 0

#Transform 77
Transform: AffineTransform_float_3_3
Parameters: 0.999999 0.000616253 0.000399609 -0.000615746 0.999999 -0.000634246 -0.000399391 0.000634754 0.999999 -0.0167954 -0.00702618 -0.0320319
FixedParameters: 0 0 0

#Transform 78
Transform: AffineTransform_float_3_3
Parameters: 1 0.000528567 0.000469363 -0.000528434 0.999999 -0.00120625 -0.000469638 0.00120675 0.999999 -0.00907063 0.0231835 -0.0333647
FixedParameters: 0 0 0

#Transform 79
Transform: AffineTransform_float_3_3
Parameters: 1 0.00042251 0.000469542 -0.000421491 1 -0.0010852 -0.000469458 0.0010858 1 -0.0153841 -0.0130472 0.0198544
FixedParameters: 0 0 0

#Transform 80
Transform: AffineTransform_float_3_3
Parameters: 1 0.000447058 0.000141818 -0.000447942 1 -0.000407063 -0.000142182 0.000406936 1 -0.0202056 -0.0340023 0.0102982
FixedParameters: 0 0 0

#Transform 81
Transform: AffineTransform_float_3_3
Parameters: 1 0.000696007 8.1938e-05 -0.000695992 1 -8.9057e-05 -8.20619e-05 8.89429e-05 1 -0.0363823 -0.0589801 -0.0266938
FixedParameters: 0 0 0

#Transform 82
Transform: AffineTransform_float_3_3
Parameters: 1 0.00096917 0.000373562 -0.000968832 1 -0.000452362 -0.000373438 0.000451638 1 -0.0178017 -0.0351308 -0.0284404
FixedParameters: 0 0 0

#Transform 83
Transform: AffineTransform_float_3_3
Parameters: 1 0.000969063 0.000293792 -0.000968937 0.999999 -0.000215285 -0.000294208 0.000214715 1 -0.0278997 -0.00635705 -0.0277343
FixedParameters: 0 0 0

#Transform 84
Transform: AffineTransform_float_3_3
Parameters: 0.999999 0.000768404 0.000458322 -0.000768596 1 -0.000882352 -0.000458678 0.000881648 0.999999 -0.0315135 0.00578812 -0.0430465
FixedParameters: 0 0 0

#Transform 85
Transform: AffineTransform_float_3_3
Parameters: 1 0.000512552 0.000359213 -0.000512448 0.999998 -0.00153618 -0.000359788 0.00153682 0.999999 -0.0208282 0.0169996 -0.0123294
FixedParameters: 0 0 0

#Transform 86
Transform: AffineTransform_float_3_3
Parameters: 0.999999 0.000566974 0.00073625 -0.000566025 0.999999 -0.00132342 -0.000736749 0.00132258 0.999999 -0.0117003 -0.0231814 0.0199803
FixedParameters: 0 0 0

#Transform 87
Transform: AffineTransform_float_3_3
Parameters: 0.999999 0.000816093 0.000251698 -0.000816906 0.999999 -0.000370206 -0.000251303 0.000370795 1 -0.0193098 -0.0584092 0.0235531
FixedParameters: 0 0 0

#Transform 88
Transform: AffineTransform_float_3_3
Parameters: 1 0.000566082 0.000340865 -0.000566918 1 -0.000239193 -0.000340136 0.000239807 1 -0.0174998 -0.0625375 -0.0165408
FixedParameters: 0 0 0

#Transform 89
Transform: AffineTransform_float_3_3
Parameters: 0.999999 0.000709212 0.000659772 -0.000708787 0.999999 -0.000321468 -0.000660228 0.000321532 0.999999 -0.0132009 -0.0269148 -0.026868
FixedParameters: 0 0 0

#Transform 90
Transform: AffineTransform_float_3_3
Parameters: 0.999999 0.00104751 0.000669773 -0.00104849 0.999999 0.000737299 -0.000669227 -0.000738702 1 -0.0136067 0.0097695 -0.0320953
FixedParameters: 0 0 0

#Transform 91
Transform: AffineTransform_float_3_3
Parameters: 0.999999 0.000529545 0.000766624 -0.000529455 0.999999 -0.000711406 -0.000766377 0.000710595 1 0.0016973 0.0166426 -0.0342459
FixedParameters: 0 0 0

#Transform 92
Transform: AffineTransform_float_3_3
Parameters: 1 0.000530057 0.000908384 -0.000528943 0.999999 -0.00116348 -0.000909616 0.00116252 0.999999 -0.00903498 0.0242638 -0.014535
FixedParameters: 0 0 0

#Transform 93
Transform: AffineTransform_float_3_3
Parameters: 0.999999 0.000529495 0.000734643 -0.000529503 0.999999 -0.000675389 -0.000735358 0.000674611 1 -0.0116945 -0.0340158 0.0150678
FixedParameters: 0 0 0

#Transform 94
Transform: AffineTransform_float_3_3
Parameters: 0.999999 0.000691288 0.000805751 -0.00069071 0.999999 -0.000359556 -0.000805247 0.000358443 0.999999 0.00815399 -0.0299289 -0.00918086
FixedParameters: 0 0 0

#Transform 95
Transform: AffineTransform_float_3_3
Parameters: 1 0.000781179 0.00073481 -0.000780821 0.999999 -0.000243574 -0.00073519 0.000243426 0.999999 -0.0122102 -0.0370593 -0.0363591
FixedParameters: 0 0 0

#Transform 96
Transform: AffineTransform_float_3_3
Parameters: 1 0.000877361 0.000734569 -0.000876639 0.999999 -0.000491644 -0.000735431 0.000491355 0.999999 -0.0123915 -0.042486 -0.037875
FixedParameters: 0 0 0

#Transform 97
Transform: AffineTransform_float_3_3
Parameters: 1 0.000790823 0.000734115 -0.000790178 0.999999 -0.00112058 -0.000734886 0.00111942 0.999999 -0.0121551 -0.0245906 -0.0500182
FixedParameters: 0 0 0

#Transform 98
Transform: AffineTransform_float_3_3
Parameters: 1 0.000775191 0.000733745 -0.00077381 0.999999 -0.00162157 -0.000735256 0.00162043 0.999999 -0.00757894 -0.0208956 -0.0365213
FixedParameters: 0 0 0

#Transform 99
Transform: AffineTransform_float_3_3
Parameters: 1 0.000775119 0.00076687 -0.000773881 0.999998 -0.00145859 -0.00076813 0.0014584 0.999998 0.00134571 -0.0267875 0.0043931
FixedParameters: 0 0 0

#Transform 100
Transform: AffineTransform_float_3_3
Parameters: 1 0.000774463 0.00077854 -0.000773537 0.999999 -0.000594602 -0.00077946 0.000594396 0.999999 -0.0115335 -0.0793568 0.0224599
FixedParameters: 0 0 0

#Transform 101
Transform: AffineTransform_float_3_3
Parameters: 0.999999 0.00122539 0.0008024 -0.00122461 0.999999 -0.000489983 -0.000802599 0.000489017 0.999999 -0.0120943 -0.0477491 -0.0173038
FixedParameters: 0 0 0

#Transform 102
Transform: AffineTransform_float_3_3
Parameters: 0.999999 0.00138644 0.000684101 -0.00138656 0.999999 -0.00064895 -0.0006849 0.000648051 1 -0.0268251 -0.0559781 -0.0251852
FixedParameters: 0 0 0

#Transform 103
Transform: AffineTransform_float_3_3
Parameters: 0.999999 0.00122525 0.000604496 -0.00122475 0.999999 -0.000411741 -0.000605504 0.000411258 0.999999 -0.0149768 -0.0357541 -0.0218125
FixedParameters: 0 0 0

#Transform 104
Transform: AffineTransform_float_3_3
Parameters: 0.999999 0.00122604 0.000908593 -0.00122496 0.999998 -0.00114811 -0.000909406 0.00114689 0.999999 -0.0104785 -0.00151223 -0.0241926
FixedParameters: 0 0 0

#Transform 105
Transform: AffineTransform_float_3_3
Parameters: 0.999999 0.00122607 0.000908552 -0.00122493 0.999998 -0.00118211 -0.000909448 0.00118089 0.999999 -0.010446 -0.00204646 0.00998389
FixedParameters: 0 0 0

#Transform 106
Transform: AffineTransform_float_3_3
Parameters: 1 0.000709128 0.000909122 -0.000707873 0.999999 -0.00123964 -0.000909878 0.00123936 0.999999 -0.0055583 -0.0216429 0.0148917
FixedParameters: 0 0 0

#Transform 107
Transform: AffineTransform_float_3_3
Parameters: 0.999999 0.000822402 0.000909638 -0.000821599 0.999999 -0.000441748 -0.000909364 0.000441252 1 -0.00965954 -0.0696008 0.0339997
FixedParameters: 0 0 0

#Transform 108
Transform: AffineTransform_float_3_3
Parameters: 0.999999 0.00101658 0.000909348 -0.00101642 1 -0.000641925 -0.000909653 0.000641076 1 -0.0121617 -0.0433795 -0.0239134
FixedParameters: 0 0 0

#Transform 109
Transform: AffineTransform_float_3_3
Parameters: 0.999999 0.0012256 0.000909186 -0.0012254 0.999999 -0.000665115 -0.000909815 0.000663886 1 -0.0183857 -0.0513373 -0.0243746
FixedParameters: 0 0 0

#Transform 110
Transform: AffineTransform_float_3_3
Parameters: 0.999999 0.00107088 0.00100206 -0.00107012 0.999999 -0.000882073 -0.00100294 0.000881927 0.999999 -0.00885448 -0.0287208 -0.0251753
FixedParameters: 0 0 0

#Transform 111
Transform: AffineTransform_float_3_3
Parameters: 0.999999 0.000921651 0.000989466 -0.000920351 0.999998 -0.00166691 -0.000990535 0.00166609 0.999998 -0.00864723 -0.00928984 -0.0208228
FixedParameters: 0 0 0

#Transform 112
Transform: AffineTransform_float_3_3
Parameters: 0.999999 0.000797673 0.000998667 -0.000796328 0.999999 -0.0016738 -0.00100033 0.0016732 0.999998 -0.00826621 -0.01082 0.0243606
FixedParameters: 0 0 0

#Transform 113
Transform: AffineTransform_float_3_3
Parameters: 0.999999 0.000796778 0.00101639 -0.000796224 1 -0.00076481 -0.00101661 0.000764191 0.999999 -0.00800922 -0.0485902 0.0423664
FixedParameters: 0 0 0

#Transform 114
Transform: AffineTransform_float_3_3
Parameters: 0.999999 0.000796691 0.00127057 -0.000796307 0.999999 -0.000545012 -0.00127143 0.000543987 0.999999 -0.00437477 -0.0555881 0.0109028
FixedParameters: 0 0 0

#Transform 115
Transform: AffineTransform_float_3_3
Parameters: 0.999999 0.00123052 0.0012895 -0.00123048 0.999999 -0.000407587 -0.0012895 0.000405414 0.999999 -0.00802745 -0.0448134 -0.0172716
FixedParameters: 0 0 0

#Transform 116
Transform: AffineTransform_float_3_3
Parameters: 0.999999 0.00101947 0.00115559 -0.00101953 1 -0.000407179 -0.00115541 0.000405823 0.999999 -0.0227853 -0.0440814 -0.0220838
FixedParameters: 0 0 0

#Transform 117
Transform: AffineTransform_float_3_3
Parameters: 0.999999 0.00102009 0.00101491 -0.00101891 0.999999 -0.00107304 -0.00101609 0.00107196 0.999999 -0.0152548 -0.0348946 -0.036611
FixedParameters: 0 0 0

#Transform 118
Transform: AffineTransform_float_3_3
Parameters: 0.999999 0.000902642 0.00105059 -0.000900358 0.999999 -0.00156195 -0.00105241 0.00156105 0.999998 -0.00653627 -0.0171237 -0.023983
FixedParameters: 0 0 0

#Transform 119
Transform: AffineTransform_float_3_3
Parameters: 0.999999 0.000771743 0.00108476 -0.000769258 0.999999 -0.00160584 -0.00108624 0.00160516 0.999998 -0.00114521 -0.0247151 0.0443094
FixedParameters: 0 0 0

#Transform 120
Transform: AffineTransform_float_3_3
Parameters: 0.999999 0.00101983 0.00119929 -0.00101917 0.999999 -0.000695223 -0.00119971 0.000693778 0.999999 -0.00431427 -0.0590723 0.0103332
FixedParameters: 0 0 0

#Transform 121
Transform: AffineTransform_float_3_3
Parameters: 0.999999 0.00101961 0.0015496 -0.00101939 1 -0.00039258 -0.0015504 0.00039042 0.999998 0.000715693 -0.0547491 0.00175383
FixedParameters: 0 0 0

#Transform 122
Transform: AffineTransform_float_3_3
Parameters: 0.999999 0.00101996 0.00117016 -0.00101904 0.999999 -0.000820194 -0.00117184 0.000818806 0.999999 -0.00495356 -0.0508866 -0.0161412
FixedParameters: 0 0 0

#Transform 123
Transform: AffineTransform_float_3_3
Parameters: 0.999998 0.00108615 0.00166825 -0.00108585 0.999999 -0.000687813 -0.00166975 0.000685188 0.999999 0.0023017 -0.049302 -0.0138241
FixedParameters: 0 0 0

#Transform 124
Transform: AffineTransform_float_3_3
Parameters: 0.999999 0.00102034 0.00116983 -0.00101866 0.999999 -0.00114819 -0.00117117 0.00114681 0.999998 -0.00491131 0.000727315 -0.0249748
FixedParameters: 0 0 0

#Transform 125
Transform: AffineTransform_float_3_3
Parameters: 0.999998 0.000894415 0.00137643 -0.000891584 0.999998 -0.00175423 -0.00137857 0.00175277 0.999998 -0.00163584 -0.00772748 -0.0101442
FixedParameters: 0 0 0

#Transform 126
Transform: AffineTransform_float_3_3
Parameters: 0.999999 0.0010205 0.00151499 -0.0010195 0.999999 -0.000987547 -0.00151601 0.000986455 0.999999 0.000246515 -0.0641234 0.0354543
FixedParameters: 0 0 0

#Transform 127
Transform: AffineTransform_float_3_3
Parameters: 0.999998 0.00101924 0.00178286 -0.00101876 1 -0.000137817 -0.00178314 0.000136183 0.999999 0.00406226 -0.041623 -0.0136533
FixedParameters: 0 0 0

#Transform 128
Transform: AffineTransform_float_3_3
Parameters: 0.999998 0.00131693 0.00154321 -0.00131607 0.999999 -0.000601032 -0.00154379 0.000598968 0.999998 -0.00409027 -0.0560989 -0.0331095
FixedParameters: 0 0 0

#Transform 129
Transform: AffineTransform_float_3_3
Parameters: 0.999998 0.00136506 0.00154307 -0.00136394 0.999999 -0.000685106 -0.00154393 0.000682893 0.999998 -0.00518226 -0.0310311 -0.035408
FixedParameters: 0 0 0

#Transform 130
Transform: AffineTransform_float_3_3
Parameters: 0.999997 0.00134719 0.00197751 -0.00134481 0.999999 -0.00110666 -0.00197849 0.00110334 0.999998 0.00632751 -0.0409285 -0.034797
FixedParameters: 0 0 0

#Transform 131
Transform: AffineTransform_float_3_3
Parameters: 0.999998 0.00134722 0.00161415 -0.00134478 0.999998 -0.00137317 -0.00161585 0.00137083 0.999998 0.00101405 -0.0068789 -0.0224043
FixedParameters: 0 0 0

#Transform 132
Transform: AffineTransform_float_3_3
Parameters: 0.999997 0.00134885 0.00196136 -0.00134516 0.999997 -0.00196064 -0.00196364 0.00195836 0.999996 0.00620324 -0.0253877 0.0081245
FixedParameters: 0 0 0

#Transform 133
Transform: AffineTransform_float_3_3
Parameters: 0.999997 0.00134834 0.00208884 -0.00134465 0.999998 -0.00160181 -0.00209115 0.00159918 0.999996 0.0079699 -0.0362672 0.0332958
FixedParameters: 0 0 0

#Transform 134
Transform: AffineTransform_float_3_3
Parameters: 0.999998 0.00134637 0.00189803 -0.00134463 0.999999 -0.000724554 -0.00189897 0.000722445 0.999998 0.0118856 -0.073803 -0.00540906
FixedParameters: 0 0 0

#Transform 135
Transform: AffineTransform_float_3_3
Parameters: 0.999998 0.00140536 0.00177092 -0.00140464 0.999998 -0.000770489 -0.00177208 0.000767511 0.999998 0.0031838 -0.0748291 -0.022793
FixedParameters: 0 0 0

#Transform 136
Transform: AffineTransform_float_3_3
Parameters: 0.999997 0.00134627 0.00199415 -0.00134473 0.999999 -0.000635683 -0.00199485 0.000633316 0.999998 0.00650449 -0.0426009 -0.0402484
FixedParameters: 0 0 0

#Transform 137
Transform: AffineTransform_float_3_3
Parameters: 0.999998 0.00145432 0.00177092 -0.00145368 0.999998 -0.000744576 -0.00177208 0.000742425 0.999998 0.00309362 -0.040857 -0.0493143
FixedParameters: 0 0 0

#Transform 138
Transform: AffineTransform_float_3_3
Parameters: 0.999998 0.00149089 0.00177041 -0.00148912 0.999999 -0.00106564 -0.00177159 0.00106336 0.999998 0.0138051 -0.00568399 -0.0333474
FixedParameters: 0 0 0

#Transform 139
Transform: AffineTransform_float_3_3
Parameters: 0.999998 0.00138827 0.00176944 -0.00138473 0.999998 -0.00184945 -0.00177156 0.00184655 0.999996 0.0117978 -0.00454794 0.00115145
FixedParameters: 0 0 0

#Transform 140
Transform: AffineTransform_float_3_3
Parameters: 0.999997 0.00119184 0.00177009 -0.00118916 0.999998 -0.00160211 -0.00177191 0.00159989 0.999997 0.0207391 -0.0339749 0.0264849
FixedParameters: 0 0 0

#Transform 141
Transform: AffineTransform_float_3_3
Parameters: 0.999997 0.00138679 0.00177059 -0.0013842 0.999998 -0.00101545 -0.0017714 0.00101255 0.999998 0.00311743 -0.0771575 0.00524108
FixedParameters: 0 0 0

#Transform 142
Transform: AffineTransform_float_3_3
Parameters: 0.999997 0.00138601 0.00177121 -0.00138499 0.999999 -0.000573455 -0.00177179 0.000571546 0.999999 0.00845995 -0.0707575 -0.0220489
FixedParameters: 0 0 0

#Transform 143
Transform: AffineTransform_float_3_3
Parameters: 0.999997 0.0015831 0.00217392 -0.0015839 0.999998 -4.94434e-05 -0.00217407 4.55584e-05 0.999997 0.00876932 -0.0330384 -0.0271151
FixedParameters: 0 0 0

#Transform 144
Transform: AffineTransform_float_3_3
Parameters: 0.999997 0.0013859 0.00172027 -0.00138409 0.999999 -0.000527382 -0.00172173 0.000524615 0.999999 0.00233662 -0.0256226 -0.0214525
FixedParameters: 0 0 0

#Transform 145
Transform: AffineTransform_float_3_3
Parameters: 0.999997 0.00138716 0.00177031 -0.00138484 0.999999 -0.00121845 -0.00177169 0.00121655 0.999997 0.0156297 0.0133364 -0.0230486
FixedParameters: 0 0 0

#Transform 146
Transform: AffineTransform_float_3_3
Parameters: 0.999998 0.00138803 0.00188478 -0.00138497 0.999998 -0.00160561 -0.00188723 0.00160338 0.999997 0.0157148 -0.00230692 -0.0242112
FixedParameters: 0 0 0

#Transform 147
Transform: AffineTransform_float_3_3
Parameters: 0.999997 0.00154032 0.00222771 -0.00153668 0.999997 -0.00149143 -0.00223029 0.00148757 0.999997 0.0379978 -0.00135182 0.068531
FixedParameters: 0 0 0

#Transform 148
Transform: AffineTransform_float_3_3
Parameters: 0.999998 0.000762309 0.00218824 -0.000762692 0.999999 0.000315332 -0.00218776 -0.000316668 0.999997 0.0608192 -0.03714 0.130623
FixedParameters: 0 0 0

#Transform 149
Transform: AffineTransform_float_3_3
Parameters: 0.999996 0.00101555 0.00271229 -0.00101944 0.999998 0.00126924 -0.00271071 -0.00127176 0.999996 0.0756066 -0.0114577 0.189076
FixedParameters: 0 0 0

#Transform 150
Transform: AffineTransform_float_3_3
Parameters: 0.999999 0.00179565 0.000498087 -0.00179435 0.999993 -0.0032949 -0.000504915 0.0032941 0.999995 0.0240899 -0.162938 0.370994
FixedParameters: 0 0 0

#Transform 151
Transform: AffineTransform_float_3_3
Parameters: 0.999999 0.00133965 0.000234293 -0.00133934 0.999996 -0.00276832 -0.000238708 0.00276768 0.999996 0.0290423 -0.136368 0.36936
FixedParameters: 0 0 0

#Transform 152
Transform: AffineTransform_float_3_3
Parameters: 1 0.000894382 0.000835524 -0.000892619 0.999998 -0.00165275 -0.000836477 0.00165225 0.999999 0.0508353 -0.00533494 0.306336
FixedParameters: 0 0 0

#Transform 153
Transform: AffineTransform_float_3_3
Parameters: 0.999999 0.000894506 0.000858434 -0.000892494 0.999998 -0.00175277 -0.000860566 0.00175223 0.999998 0.0294162 0.00536134 0.265598
FixedParameters: 0 0 0

#Transform 154
Transform: AffineTransform_float_3_3
Parameters: 0.999999 0.00107758 0.000956221 -0.00107642 0.999998 -0.00165303 -0.00095778 0.00165197 0.999998 0.0154265 -0.00583877 0.234759
FixedParameters: 0 0 0

#Transform 155
Transform: AffineTransform_float_3_3
Parameters: 0.999999 0.00100502 0.000955886 -0.00100299 0.999998 -0.00210596 -0.000958114 0.00210504 0.999998 0.0155527 -0.0122037 0.23035
FixedParameters: 0 0 0

#Transform 156
Transform: AffineTransform_float_3_3
Parameters: 0.999998 0.000823736 0.00142542 -0.000821264 0.999998 -0.00191917 -0.00142658 0.00191783 0.999997 0.0409786 -0.00878787 0.207141
FixedParameters: 0 0 0

#Transform 157
Transform: AffineTransform_float_3_3
Parameters: 0.999999 0.000896288 0.00124564 -0.000892713 0.999996 -0.00263811 -0.00124736 0.00263688 0.999995 0.0388838 -0.0196501 0.211418
FixedParameters: 0 0 0

#Transform 158
Transform: AffineTransform_float_3_3
Parameters: 0.999997 0.000790565 0.0020076 -0.000787435 0.999998 -0.00177559 -0.0020094 0.00177442 0.999997 0.0357114 -0.0285366 0.16425
FixedParameters: 0 0 0

#Transform 159
Transform: AffineTransform_float_3_3
Parameters: 0.999998 0.000778851 0.0018398 -0.000776149 0.999998 -0.00154943 -0.0018412 0.00154857 0.999997 0.0468734 -0.0682349 0.217841
FixedParameters: 0 0 0

#Transform 160
Transform: AffineTransform_float_3_3
Parameters: 0.999998 0.000895794 0.00177059 -0.000892207 0.999999 -0.00157758 -0.00177241 0.00157642 0.999997 0.050288 -0.0690197 0.184494
FixedParameters: 0 0 0

#Transform 161
Transform: AffineTransform_float_3_3
Parameters: 0.999998 0.000895799 0.00184164 -0.0008922 0.999999 -0.00152065 -0.00184336 0.00151835 0.999997 0.0285317 -0.0500606 0.176528
FixedParameters: 0 0 0

#Transform 162
Transform: AffineTransform_float_3_3
Parameters: 0.999998 0.00114744 0.00158123 -0.00114456 0.999998 -0.00154481 -0.00158277 0.00154319 0.999997 0.0417207 -0.0344669 0.14804
FixedParameters: 0 0 0

#Transform 163
Transform: AffineTransform_float_3_3
Parameters: 0.999998 0.00114217 0.00155341 -0.00113983 0.999999 -0.00139677 -0.00155459 0.00139523 0.999998 0.023924 -0.0150242 0.138419
FixedParameters: 0 0 0

#Transform 164
Transform: AffineTransform_float_3_3
Parameters: 0.999997 0.00112396 0.00179915 -0.00112103 0.999998 -0.00164802 -0.00180185 0.00164598 0.999997 0.0518199 0.0288785 0.135974
FixedParameters: 0 0 0

#Transform 165
Transform: AffineTransform_float_3_3
Parameters: 0.999996 0.00104762 0.00239599 -0.00104338 0.999997 -0.00192851 -0.00239802 0.00192649 0.999996 0.0503026 0.0251497 0.1067
FixedParameters: 0 0 0

#Transform 166
Transform: AffineTransform_float_3_3
Parameters: 0.999997 0.00104664 0.00213622 -0.00104336 0.999998 -0.00170323 -0.00213778 0.00170077 0.999997 0.0594228 0.0164256 0.172309
FixedParameters: 0 0 0

#Transform 167
Transform: AffineTransform_float_3_3
Parameters: 0.999998 0.00101611 0.00202744 -0.00101289 0.999999 -0.00153506 -0.00202956 0.00153294 0.999997 0.0673158 -0.0428836 0.172735
FixedParameters: 0 0 0

#Transform 168
Transform: AffineTransform_float_3_3
Parameters: 0.999998 0.00112323 0.00202777 -0.00112177 0.999999 -0.00110228 -0.00202924 0.00109972 0.999998 0.0448928 -0.0368381 0.152559
FixedParameters: 0 0 0

#Transform 169
Transform: AffineTransform_float_3_3
Parameters: 0.999997 0.00159341 0.0018259 -0.00159159 0.999998 -0.00131991 -0.0018281 0.00131709 0.999998 0.0409036 -0.067647 0.109187
FixedParameters: 0 0 0

#Transform 170
Transform: AffineTransform_float_3_3
Parameters: 0.999997 0.00125186 0.00202724 -0.00124915 0.999998 -0.00140854 -0.00202876 0.00140646 0.999997 0.055418 -0.0772862 0.107819
FixedParameters: 0 0 0

#Transform 171
Transform: AffineTransform_float_3_3
Parameters: 0.999996 0.00159291 0.0020275 -0.00159109 0.999999 -0.00094223 -0.0020295 0.000938771 0.999998 0.057956 -0.0296102 0.124441
FixedParameters: 0 0 0

#Transform 172
Transform: AffineTransform_float_3_3
Parameters: 0.999998 0.00113494 0.00202736 -0.00113207 0.999999 -0.0014473 -0.00202864 0.0014457 0.999997 0.0627252 -0.0304185 0.106089
FixedParameters: 0 0 0

#Transform 173
Transform: AffineTransform_float_3_3
Parameters: 0.999998 0.00130593 0.00189862 -0.00130107 0.999996 -0.00259448 -0.00190138 0.00259252 0.999995 0.0526356 -0.0203361 0.104427
FixedParameters: 0 0 0

#Transform 174
Transform: AffineTransform_float_3_3
Parameters: 0.999998 0.00108304 0.0015552 -0.00107896 0.999996 -0.00259368 -0.0015578 0.00259232 0.999996 0.0544533 -0.0167323 0.124064
FixedParameters: 0 0 0

#Transform 175
Transform: AffineTransform_float_3_3
Parameters: 0.999998 0.00115056 0.00166755 -0.00114644 0.999997 -0.00213492 -0.00166945 0.00213208 0.999997 0.056044 -0.0670394 0.125691
FixedParameters: 0 0 0

#Transform 176
Transform: AffineTransform_float_3_3
Parameters: 0.999998 0.00155 0.00165914 -0.001548 0.999998 -0.00120557 -0.00166187 0.00120243 0.999998 0.049348 -0.0547788 0.0910402
FixedParameters: 0 0 0

#Transform 177
Transform: AffineTransform_float_3_3
Parameters: 0.999997 0.00155373 0.00187657 -0.00155127 0.999999 -0.000922914 -0.00187743 0.000920086 0.999998 0.0415919 -0.0506309 0.0793946
FixedParameters: 0 0 0

#Transform 178
Transform: AffineTransform_float_3_3
Parameters: 0.999998 0.0013457 0.00184276 -0.0013443 0.999998 -0.000923479 -0.00184424 0.00092052 0.999998 0.0415903 -0.0339836 0.0848532
FixedParameters: 0 0 0

#Transform 179
Transform: AffineTransform_float_3_3
Parameters: 0.999997 0.00118621 0.00204973 -0.00118379 0.999998 -0.00107743 -0.00205128 0.00107557 0.999998 0.0448754 -0.0319198 0.076026
FixedParameters: 0 0 0

#Transform 180
Transform: AffineTransform_float_3_3
Parameters: 0.999998 0.00120168 0.00194435 -0.00119832 0.999999 -0.00137733 -0.00194565 0.00137467 0.999997 0.0434276 -0.000451012 0.0893392
FixedParameters: 0 0 0

#Transform 181
Transform: AffineTransform_float_3_3
Parameters: 0.999998 0.00103567 0.00164069 -0.00103233 0.999997 -0.0022387 -0.00164332 0.0022373 0.999996 0.0393151 0.00057517 0.0997678
FixedParameters: 0 0 0

#Transform 182
Transform: AffineTransform_float_3_3
Parameters: 0.999997 0.00162411 0.00208558 -0.00162088 0.999997 -0.00149438 -0.00208842 0.00149061 0.999996 0.044817 0.0181465 0.158427
FixedParameters: 0 0 0

#Transform 183
Transform: AffineTransform_float_3_3
Parameters: 0.999998 0.0010338 0.00158783 -0.0010322 0.999999 -0.00113564 -0.00158917 0.00113436 0.999998 0.0385748 -0.0559902 0.168626
FixedParameters: 0 0 0

#Transform 184
Transform: AffineTransform_float_3_3
Parameters: 0.999998 0.0011239 0.00158836 -0.0011231 0.999999 -0.000569785 -0.00158964 0.000568214 0.999998 0.0382686 -0.0488324 0.123344
FixedParameters: 0 0 0

#Transform 185
Transform: AffineTransform_float_3_3
Parameters: 0.999998 0.00103159 0.00182323 -0.00103241 1 0.000223118 -0.00182277 -0.000224881 0.999999 0.0484426 0.0178414 0.119345
FixedParameters: 0 0 0

#Transform 186
Transform: AffineTransform_float_3_3
Parameters: 0.999999 0.00103098 0.0015137 -0.00103202 0.999999 0.000674439 -0.0015123 -0.00067656 0.999998 0.049529 0.0129109 0.129999
FixedParameters: 0 0 0

#Transform 187
Transform: AffineTransform_float_3_3
Parameters: 0.999998 0.00128199 0.00151301 -0.00128201 0.999999 8.06031e-06 -0.00151299 -9.93965e-06 0.999999 0.0370652 0.0246154 0.128666
FixedParameters: 0 0 0

#Transform 188
Transform: AffineTransform_float_3_3
Parameters: 1 0.000619933 0.000905681 -0.000618067 0.999997 -0.00213256 -0.000907321 0.00213244 0.999998 0.0294124 -0.104356 0.154448
FixedParameters: 0 0 0

#Transform 189
Transform: AffineTransform_float_3_3
Parameters: 1 0.000617906 0.00102206 -0.000618095 1 9.23684e-05 -0.00102194 -9.26316e-05 1 0.0550318 -0.0465456 0.138082
FixedParameters: 0 0 0

#Transform 190
Transform: AffineTransform_float_3_3
