#Insight Transform File V1.0
#Transform 0
Transform: AffineTransform_float_3_3
Parameters: 1 -0.000514917 0.000112378 0.000515082 0.999999 -0.000734942 -0.000111621 0.000735057 0.999999 0.0179073 -0.0855411 0.057511
FixedParameters: 0 0 0

#Transform 1
Transform: AffineTransform_float_3_3
Parameters: 1 -0.000307604 0.000199611 0.000307395 0.999998 -0.00198594 -0.00019839 0.00198606 0.999998 0.0350596 -0.0631705 0.0111342
FixedParameters: 0 0 0

#Transform 2
Transform: AffineTransform_float_3_3
Parameters: 1 -0.00031802 -9.33027e-06 0.00031798 0.999997 -0.002106 9.66968e-06 0.002106 0.999998 0.0326261 -0.0837763 0.0616727
FixedParameters: 0 0 0

#Transform 3
Transform: AffineTransform_float_3_3
Parameters: 1 -0.000546158 0.000210589 0.000545841 0.999999 0.000753115 -0.000210411 -0.000752885 0.999999 0.033325 -0.0580529 0.101735
FixedParameters: 0 0 0

#Transform 4
Transform: AffineTransform_float_3_3
Parameters: 1 -0.000479009 -2.17998e-05 0.000478991 1 -0.00041801 2.22002e-05 0.000417989 1 0.0130684 -0.0824568 0.043796
FixedParameters: 0 0 0

#Transform 5
Transform: AffineTransform_float_3_3
Parameters: 1 -0.000228948 7.71529e-05 0.000229051 1 -0.000667982 -7.6847e-05 0.000668017 1 0.0142046 -0.0661256 0.0102722
FixedParameters: 0 0 0

#Transform 6
Transform: AffineTransform_float_3_3
Parameters: 1 -0.000197964 8.70827e-05 0.000198036 1 -0.000417983 -8.69172e-05 0.000418017 1 0.0142377 -0.0504388 0.015313
FixedParameters: 0 0 0

#Transform 7
Transform: AffineTransform_float_3_3
Parameters: 1 -0.000295032 -3.27144e-05 0.000294968 1 -0.00096801 3.32855e-05 0.00096799 0.999999 0.0129489 -0.0343038 0.0118478
FixedParameters: 0 0 0

#Transform 8
Transform: AffineTransform_float_3_3
Parameters: 1 -0.000236893 6.43931e-05 0.000237107 0.999998 -0.00165898 -6.46067e-05 0.00165901 0.999998 0.0140103 -0.029138 0.0134174
FixedParameters: 0 0 0

#Transform 9
Transform: AffineTransform_float_3_3
Parameters: 1 -0.000318678 0.000194529 0.000318323 0.999999 -0.00165894 -0.000194472 0.00165906 0.999998 0.0154796 -0.0482618 0.0632002
FixedParameters: 0 0 0

#Transform 10
Transform: AffineTransform_float_3_3
Parameters: 1 -0.00026395 6.42038e-05 0.000264049 0.999999 -0.000771983 -6.37961e-05 0.000772016 0.999999 0.0139189 -0.0718029 0.0637592
FixedParameters: 0 0 0

#Transform 11
Transform: AffineTransform_float_3_3
Parameters: 1 -0.000329009 -1.58036e-05 0.00032899 1 -0.000597005 1.61964e-05 0.000596994 1 0.0130409 -0.0795506 0.0433082
FixedParameters: 0 0 0

#Transform 12
Transform: AffineTransform_float_3_3
Parameters: 1 -0.000315957 6.42095e-05 0.000316042 0.999999 -0.000662979 -6.37905e-05 0.00066302 1 0.0140021 -0.0863797 0.00414937
FixedParameters: 0 0 0

#Transform 13
Transform: AffineTransform_float_3_3
Parameters: 1 -0.00021087 0.000203135 0.00021113 1 -0.000638957 -0.000202865 0.000638043 1 0.0155689 -0.0705095 0.000969101
FixedParameters: 0 0 0

#Transform 14
Transform: AffineTransform_float_3_3
Parameters: 1 -0.000460937 6.44526e-05 0.000461064 1 -0.00098197 -6.45472e-05 0.00098203 0.999999 0.0139326 -0.0377612 -0.00146515
FixedParameters: 0 0 0

#Transform 15
Transform: AffineTransform_float_3_3
Parameters: 1 -0.000245911 6.43429e-05 0.00024609 0.999999 -0.00139398 -6.4657e-05 0.00139402 0.999999 -0.00175513 -0.0336254 0.009855
FixedParameters: 0 0 0

#Transform 16
Transform: AffineTransform_float_3_3
Parameters: 1 -0.000382792 0.000115691 0.000383207 0.999999 -0.00180396 -0.000114309 0.00180405 0.999999 -0.00467839 -0.0498469 0.0373249
FixedParameters: 0 0 0

#Transform 17
Transform: AffineTransform_float_3_3
Parameters: 1 -0.000230872 0.000160184 0.000231127 0.999999 -0.000796962 -0.000159816 0.000797036 0.999999 0.0215665 -0.0613137 0.0900292
FixedParameters: 0 0 0

#Transform 18
Transform: AffineTransform_float_3_3
Parameters: 1 -0.000369953 0.000153114 0.000370047 1 -0.000306943 -0.000152886 0.000307057 1 0.00145636 -0.0552913 0.0622833
FixedParameters: 0 0 0

#Transform 19
Transform: AffineTransform_float_3_3
Parameters: 1 -0.00018393 0.000140093 0.00018407 1 -0.000502974 -0.000139907 0.000503026 1 0.0213507 -0.0582835 0.024214
FixedParameters: 0 0 0

#Transform 20
Transform: AffineTransform_float_3_3
Parameters: 1 -0.000313052 -8.18021e-05 0.000312948 1 -0.000632025 8.21978e-05 0.000631974 1 -0.00457371 -0.0591181 0.00774971
FixedParameters: 0 0 0

#Transform 21
Transform: AffineTransform_float_3_3
Parameters: 1 -0.000113991 1.70634e-05 0.000114009 1 -0.000555998 -1.69366e-05 0.000556002 1 -0.0109673 -0.0591778 -0.00705974
FixedParameters: 0 0 0

#Transform 22
Transform: AffineTransform_float_3_3
Parameters: 1 -0.000616048 -8.16371e-05 0.000615951 0.999999 -0.00058905 8.23634e-05 0.000589949 1 -0.0109154 -0.0290579 -0.00656827
FixedParameters: 0 0 0

#Transform 23
Transform: AffineTransform_float_3_3
Parameters: 1 -0.000201115 -8.17169e-05 0.000200884 0.999999 -0.00140802 8.22829e-05 0.00140798 0.999999 -0.00451985 -0.0375359 0.0115333
FixedParameters: 0 0 0

#Transform 24
Transform: AffineTransform_float_3_3
Parameters: 1 -0.000353837 0.000101569 0.000353162 0.999998 -0.00160696 -0.000100433 0.00160703 0.999998 -0.00244983 -0.0390842 0.0454458
FixedParameters: 0 0 0

#Transform 25
Transform: AffineTransform_float_3_3
Parameters: 1 -0.000395944 7.62902e-05 0.000396055 0.999999 -0.000732969 -7.57097e-05 0.00073303 0.999999 -0.00279694 -0.0610813 0.0850471
FixedParameters: 0 0 0

#Transform 26
Transform: AffineTransform_float_3_3
Parameters: 1 -0.000371988 9.10491e-05 0.000372012 1 -0.000131966 -9.09509e-05 0.000132034 1 -0.00263654 -0.0550959 0.044252
FixedParameters: 0 0 0

#Transform 27
Transform: AffineTransform_float_3_3
Parameters: 1 -0.000200979 0.000156027 0.000201021 1 -0.000131969 -0.000155973 0.000132031 1 -0.00438487 -0.0599807 0.031645
FixedParameters: 0 0 0

#Transform 28
Transform: AffineTransform_float_3_3
Parameters: 1 0.000310066 0.000123835 -0.000309934 1 -0.000532038 -0.000124165 0.000531961 1 -0.0022968 -0.0668537 0.0124913
FixedParameters: 0 0 0

#Transform 29
Transform: AffineTransform_float_3_3
Parameters: 1 0.000440133 0.000203712 -0.000439866 0.999999 -0.000655089 -0.000204288 0.00065491 1 -0.00134297 -0.0441151 0.00234868
FixedParameters: 0 0 0

#Transform 30
Transform: AffineTransform_float_3_3
Parameters: 1 0.00044023 0.000350712 -0.00043977 0.999999 -0.000655154 -0.000350288 0.000654846 0.999999 -0.00546105 -0.0305661 -0.00715769
FixedParameters: 0 0 0

#Transform 31
Transform: AffineTransform_float_3_3
Parameters: 0.999999 0.00106672 0.000986306 -0.00106628 1 0.000286949 -0.000985693 -0.000288052 0.999999 -0.00299411 0.0176999 -0.0101297
FixedParameters: 0 0 0

#Transform 32
Transform: AffineTransform_float_3_3
Parameters: 1 0.000164655 0.000678083 -0.000165345 1 0.000508888 -0.000677916 -0.000509111 0.999999 0.00407579 0.0322173 0.0710914
FixedParameters: 0 0 0

#Transform 33
Transform: AffineTransform_float_3_3
Parameters: 1 0.000225103 0.000233901 -0.000224897 1 -0.000440053 -0.000234099 0.000439947 1 -0.000888964 -0.0698565 0.0876123
FixedParameters: 0 0 0

#Transform 34
Transform: AffineTransform_float_3_3
Parameters: 1 8.40343e-05 -0.000177984 -8.39656e-05 1 0.000193015 0.000178016 -0.000192985 1 -0.0266924 -0.0621148 0.0444407
FixedParameters: 0 0 0

#Transform 35
Transform: AffineTransform_float_3_3
Parameters: 1 8.40349e-05 -0.000338991 -8.39651e-05 1 0.000103028 0.000339009 -0.000102972 1 -0.0194899 -0.0630946 0.0326324
FixedParameters: 0 0 0

#Transform 36
Transform: AffineTransform_float_3_3
Parameters: 1 8.38115e-05 -0.000339047 -8.41884e-05 1 -0.000555971 0.000338953 0.000556028 1 -0.0347763 -0.070431 0.0291165
FixedParameters: 0 0 0

#Transform 37
Transform: AffineTransform_float_3_3
Parameters: 1 0.000303042 -0.000193934 -0.000302958 1 0.000218059 0.000194066 -0.000217941 1 -0.0331395 -0.0326641 0.044536
FixedParameters: 0 0 0

#Transform 38
Transform: AffineTransform_float_3_3
Parameters: 1 8.3174e-05 -0.00122006 -8.38259e-05 1 -0.000676898 0.00121994 0.000677102 0.999999 -0.0345677 -0.0934379 0.0493819
FixedParameters: 0 0 0

#Transform 39
Transform: AffineTransform_float_3_3
Parameters: 0.999999 0.000235201 -0.000883946 -0.000234798 1 0.000228208 0.000884053 -0.000227792 0.999999 -0.0309395 -0.0515065 0.103384
FixedParameters: 0 0 0

#Transform 40
Transform: AffineTransform_float_3_3
Parameters: 0.999999 8.4007e-05 -0.000883999 -8.39929e-05 1 8.07425e-06 0.000884 -7.92574e-06 0.999999 -0.0218798 0.0271406 0.0807745
FixedParameters: 0 0 0

#Transform 41
Transform: AffineTransform_float_3_3
Parameters: 0.999999 -0.000115712 -0.000797897 0.000115288 0.999999 -0.000892092 0.000798103 0.000892908 1 -0.0181377 -0.0313261 0.0804704
FixedParameters: 0 0 0

#Transform 42
Transform: AffineTransform_float_3_3
Parameters: 1 8.3298e-05 -0.000697084 -8.47018e-05 0.999999 -0.00100694 0.000696915 0.00100706 1 -0.0169928 -0.0629928 0.121156
FixedParameters: 0 0 0

#Transform 43
Transform: AffineTransform_float_3_3
Parameters: 0.999999 8.37868e-05 -0.000720024 -8.42131e-05 1 -0.000295939 0.000719975 0.00029606 0.999999 -0.0205917 -0.0999927 0.124824
FixedParameters: 0 0 0

#Transform 44
Transform: AffineTransform_float_3_3
Parameters: 1 -2.5049e-05 -0.000484997 2.4951e-05 1 -0.000101012 0.000485002 0.000100988 1 -0.0198106 -0.0972774 0.111878
FixedParameters: 0 0 0

#Transform 45
Transform: AffineTransform_float_3_3
Parameters: 0.999999 8.37252e-05 -0.00076103 -8.42747e-05 1 -0.000360936 0.000760969 0.000361064 0.999999 -0.0286048 -0.0695093 0.0857664
FixedParameters: 0 0 0

#Transform 46
Transform: AffineTransform_float_3_3
Parameters: 1 8.39461e-05 -0.000473009 -8.40539e-05 1 -0.00011396 0.00047299 0.00011404 1 -0.0289663 -0.047931 0.0897837
FixedParameters: 0 0 0

#Transform 47
Transform: AffineTransform_float_3_3
Parameters: 1 0.000154855 -0.000438051 -0.000155144 1 -0.000329932 0.000437949 0.000330068 1 -0.0264416 -0.0240112 0.0704922
FixedParameters: 0 0 0

#Transform 48
Transform: AffineTransform_float_3_3
Parameters: 1 8.39727e-05 -0.000488005 -8.40273e-05 1 -5.5959e-05 0.000487995 5.6041e-05 1 -0.0273261 0.0138308 0.070697
FixedParameters: 0 0 0

#Transform 49
Transform: AffineTransform_float_3_3
Parameters: 0.999999 8.31176e-05 -0.000758097 -8.38822e-05 1 -0.00116394 0.000757903 0.00116406 0.999999 -0.0176671 0.0269129 0.072065
FixedParameters: 0 0 0

#Transform 50
Transform: AffineTransform_float_3_3
Parameters: 1 0.000148586 -0.000263234 -0.000149415 0.999999 -0.00157296 0.000263765 0.00157304 0.999998 -0.0121086 -0.00317798 0.0850378
FixedParameters: 0 0 0

#Transform 51
Transform: AffineTransform_float_3_3
Parameters: 1 8.37472e-05 -0.000358059 -8.42527e-05 0.999999 -0.000705969 0.00035794 0.00070603 0.999999 -0.0131924 -0.0649916 0.138906
FixedParameters: 0 0 0

#Transform 52
Transform: AffineTransform_float_3_3
Parameters: 1 8.38557e-05 -0.000369033 -8.41443e-05 1 -0.000390969 0.000368967 0.000391031 1 -0.016142 -0.0714621 0.101543
FixedParameters: 0 0 0

#Transform 53
Transform: AffineTransform_float_3_3
Parameters: 1 8.40253e-05 -0.000260992 -8.39747e-05 1 9.70219e-05 0.000261008 -9.69781e-05 1 -0.0146043 -0.0698474 0.0723507
FixedParameters: 0 0 0

#Transform 54
Transform: AffineTransform_float_3_3
Parameters: 1 8.39019e-05 -0.000386021 -8.4098e-05 1 -0.000253968 0.000385979 0.000254032 1 -0.0160002 -0.0772309 0.0461597
FixedParameters: 0 0 0

#Transform 55
Transform: AffineTransform_float_3_3
Parameters: 1 8.40237e-05 -0.000260992 -8.39762e-05 1 9.10219e-05 0.000261008 -9.09781e-05 1 -0.0266906 -0.0560377 0.0510813
FixedParameters: 0 0 0

#Transform 56
Transform: AffineTransform_float_3_3
Parameters: 1 0.000276964 -0.000261038 -0.000277036 1 -0.000137928 0.000260962 0.000138072 1 -0.027582 -0.0359744 0.0411166
FixedParameters: 0 0 0

#Transform 57
Transform: AffineTransform_float_3_3
Parameters: 1 9.69998e-05 -1.55782e-07 -9.69998e-05 0.999998 -0.001606 -1.55782e-07 0.001606 0.999998 -0.0279893 -0.0361709 0.0292519
FixedParameters: 0 0 0

#Transform 58
Transform: AffineTransform_float_3_3
Parameters: 1 0.00025776 -0.000261237 -0.000258241 0.999999 -0.000919933 0.000261763 0.000920068 1 -0.0346933 -0.0446407 0.100854
FixedParameters: 0 0 0

#Transform 59
Transform: AffineTransform_float_3_3
Parameters: 1 0.000151797 -0.000261118 -0.000151203 0.999999 -0.00077696 0.000260882 0.000777039 0.999999 -0.02655 -0.0690219 0.100584
FixedParameters: 0 0 0

#Transform 60
Transform: AffineTransform_float_3_3
Parameters: 1 0.000380909 -0.000261132 -0.00038109 1 -0.0003469 0.000260868 0.000347099 1 -0.0360745 -0.0758465 0.0689343
FixedParameters: 0 0 0

#Transform 61
Transform: AffineTransform_float_3_3
Parameters: 1 0.000348952 -0.000365046 -0.000349048 1 -0.000130873 0.000364955 0.000130127 1 -0.0465086 -0.0635353 0.0451958
FixedParameters: 0 0 0

#Transform 62
Transform: AffineTransform_float_3_3
Parameters: 1 0.000545986 -0.000261029 -0.000546014 1 -5.28575e-05 0.000260972 5.21425e-05 1 -0.0510428 -0.0563542 0.041702
FixedParameters: 0 0 0

#Transform 63
Transform: AffineTransform_float_3_3
Parameters: 1 0.000346879 -0.00026116 -0.00034712 1 -0.000461909 0.00026084 0.00046209 1 -0.0498355 -0.0400009 0.0262959
FixedParameters: 0 0 0

#Transform 64
Transform: AffineTransform_float_3_3
Parameters: 1 0.000489846 -0.000119631 -0.000490154 0.999999 -0.00128794 0.000119369 0.00128806 0.999999 -0.0391378 -0.0196972 0.0257499
FixedParameters: 0 0 0

#Transform 65
Transform: AffineTransform_float_3_3
Parameters: 1 0.000307239 0.000168565 -0.00030676 0.999999 -0.00141705 -0.000169435 0.00141695 0.999999 -0.019805 -0.0632924 0.0431822
FixedParameters: 0 0 0

#Transform 66
Transform: AffineTransform_float_3_3
Parameters: 1 0.000597 -3.29544e-07 -0.000597 0.999999 -0.000552 6.70456e-07 0.000552 1 -0.0205529 -0.0669401 0.0646972
FixedParameters: 0 0 0

#Transform 67
Transform: AffineTransform_float_3_3
Parameters: 1 0.000536532 0.00036968 -0.000537468 0.999999 0.0012668 -0.000369319 -0.0012672 0.999999 -0.0353034 -0.0497433 0.0630222
FixedParameters: 0 0 0

#Transform 68
Transform: AffineTransform_float_3_3
Parameters: 1 0.000497027 -0.00019093 -0.000496973 1 0.000140095 0.00019107 -0.000140905 1 -0.0331358 -0.0513813 0.00871102
FixedParameters: 0 0 0

#Transform 69
Transform: AffineTransform_float_3_3
Parameters: 1 0.000537965 -8.02308e-05 -0.000538034 1 -0.000428957 7.97692e-05 0.000429043 1 -0.0371545 -0.0554886 0.00808068
FixedParameters: 0 0 0

#Transform 70
Transform: AffineTransform_float_3_3
Parameters: 1 0.000330938 -8.52412e-05 -0.000331062 0.999999 -0.000728971 8.57586e-05 0.000729028 0.999999 -0.0269284 -0.041124 -0.00916156
FixedParameters: 0 0 0

#Transform 71
Transform: AffineTransform_float_3_3
Parameters: 1 0.000379151 0.000140594 -0.00037985 1 -0.00107205 -0.000140407 0.00107195 1 -0.0212127 -0.0191652 -0.00386134
FixedParameters: 0 0 0

#Transform 72
Transform: AffineTransform_float_3_3
Parameters: 1 0.000367188 0.00014051 -0.000366813 0.999999 -0.00133505 -0.00014049 0.00133495 0.999999 -0.012733 -0.0569947 0.0180697
FixedParameters: 0 0 0

#Transform 73
Transform: AffineTransform_float_3_3
Parameters: 1 0.000367016 5.38939e-05 -0.000366985 1 -0.00028902 -5.31061e-05 0.00028898 1 0.00365145 -0.0631798 0.0420786
FixedParameters: 0 0 0

#Transform 74
Transform: AffineTransform_float_3_3
Parameters: 1 0.000285033 5.88381e-05 -0.000284966 1 -0.000568017 -5.91619e-05 0.000567983 1 -0.0273915 -0.0929845 0.00930342
FixedParameters: 0 0 0

#Transform 75
Transform: AffineTransform_float_3_3
Parameters: 1 0.000366941 -0.000163134 -0.000367059 1 -0.00036394 0.000162866 0.00036406 1 -0.027327 -0.0880549 -0.00937998
FixedParameters: 0 0 0

#Transform 76
Transform: AffineTransform_float_3_3
Parameters: 1 0.00041194 -0.000198125 -0.00041206 1 -0.000303918 0.000197875 0.000304081 1 -0.0361065 -0.0741574 -0.0237521
FixedParameters: 0 0 0

#Transform 77
Transform: AffineTransform_float_3_3
Parameters: 1 0.000398067 8.76951e-05 -0.000397932 0.999999 -0.000766034 -8.83048e-05 0.000765964 0.999999 -0.0303085 -0.0573518 -0.0302458
FixedParameters: 0 0 0

#Transform 78
Transform: AffineTransform_float_3_3
Parameters: 1 0.000442551 0.000366336 -0.000442448 0.999999 -0.00150216 -0.000367665 0.00150184 0.999999 -0.0140456 -0.0475668 -0.0143577
FixedParameters: 0 0 0

#Transform 79
Transform: AffineTransform_float_3_3
Parameters: 1 0.000530459 0.000366336 -0.00052954 0.999999 -0.00125219 -0.000367663 0.00125181 0.999999 -0.0140812 -0.0620278 0.0310682
FixedParameters: 0 0 0

#Transform 80
Transform: AffineTransform_float_3_3
Parameters: 1 0.000369027 7.88745e-05 -0.000368973 1 -0.000340029 -7.91254e-05 0.000339971 1 -0.0328329 -0.0720872 0.0323246
FixedParameters: 0 0 0

#Transform 81
Transform: AffineTransform_float_3_3
Parameters: 1 0.000638003 7.70269e-06 -0.000637996 0.999999 -0.000466005 -8.2973e-06 0.000465995 1 -0.0368847 -0.096468 -0.0127522
FixedParameters: 0 0 0

#Transform 82
Transform: AffineTransform_float_3_3
Parameters: 0.999999 0.000762053 0.000117655 -0.000761946 0.999999 -0.00045209 -0.000118344 0.00045191 1 -0.0326102 -0.0721417 -0.0284821
FixedParameters: 0 0 0

#Transform 83
Transform: AffineTransform_float_3_3
Parameters: 0.999999 0.000932002 7.71946e-06 -0.000931997 0.999999 -0.000301007 -8.28052e-06 0.000300992 1 -0.036269 -0.0531161 -0.0279757
FixedParameters: 0 0 0

#Transform 84
Transform: AffineTransform_float_3_3
Parameters: 0.999999 0.000697311 0.000384436 -0.000696689 1 -0.000808268 -0.000385563 0.000807731 0.999999 -0.0276078 -0.0392056 -0.0297328
FixedParameters: 0 0 0

#Transform 85
Transform: AffineTransform_float_3_3
Parameters: 0.999999 0.000657588 0.000328827 -0.000657412 0.999998 -0.00178522 -0.000330174 0.00178478 0.999999 -0.030648 -0.0384653 0.00147073
FixedParameters: 0 0 0

#Transform 86
Transform: AffineTransform_float_3_3
Parameters: 1 0.000452556 0.000380339 -0.000451442 0.999999 -0.00146217 -0.00038166 0.00146183 0.999999 -0.0262698 -0.0759804 0.0418016
FixedParameters: 0 0 0

#Transform 87
Transform: AffineTransform_float_3_3
Parameters: 1 0.000311112 0.000243857 -0.000310888 1 -0.000460076 -0.000244143 0.000459924 1 -0.0189224 -0.0763122 0.0244713
FixedParameters: 0 0 0

#Transform 88
Transform: AffineTransform_float_3_3
Parameters: 1 0.000509126 0.000329804 -0.000508873 1 -0.000384168 -0.000330195 0.000383832 1 -0.0281238 -0.0962609 -0.003232
FixedParameters: 0 0 0

#Transform 89
Transform: AffineTransform_float_3_3
Parameters: 1 0.000599132 0.00032976 -0.000598868 0.999999 -0.000400197 -0.000330239 0.000399802 1 -0.0182967 -0.0697568 -0.0241652
FixedParameters: 0 0 0

#Transform 90
Transform: AffineTransform_float_3_3
Parameters: 1 0.000931485 0.000489981 -0.000931516 0.999999 0.00105254 -0.00048902 -0.00105346 1 -0.0124121 -0.0254618 -0.0135676
FixedParameters: 0 0 0

#Transform 91
Transform: AffineTransform_float_3_3
Parameters: 0.999999 0.000663432 0.000499428 -0.000662569 1 -0.000863332 -0.000499573 0.00086367 1 -0.00723045 -0.0407902 -0.0216012
FixedParameters: 0 0 0

#Transform 92
Transform: AffineTransform_float_3_3
Parameters: 1 0.000953864 0.000629694 -0.000952136 0.999998 -0.0013706 -0.000631306 0.0013704 0.999999 -0.00834792 -0.025181 -0.000171012
FixedParameters: 0 0 0

#Transform 93
Transform: AffineTransform_float_3_3
Parameters: 0.999999 0.000378451 0.000676748 -0.000378549 0.999999 -0.000666256 -0.000677252 0.000666743 0.999999 -0.00439718 -0.0741835 0.034987
FixedParameters: 0 0 0

#Transform 94
Transform: AffineTransform_float_3_3
Parameters: 0.999999 0.000855377 0.00101668 -0.000854623 0.999999 -0.000370869 -0.00101632 0.000370131 1 0.00993127 -0.0759477 0.00791901
FixedParameters: 0 0 0

#Transform 95
Transform: AffineTransform_float_3_3
Parameters: 1 0.000855352 0.000766607 -0.000854648 0.999999 -0.000459655 -0.000766393 0.000459344 0.999999 -0.00465204 -0.0909185 -0.0154673
FixedParameters: 0 0 0

#Transform 96
Transform: AffineTransform_float_3_3
Parameters: 0.999999 0.000991384 0.000766504 -0.000991617 1 -0.00050076 -0.000766496 0.00050024 0.999999 -0.00757437 -0.0739166 -0.0369517
FixedParameters: 0 0 0

#Transform 97
Transform: AffineTransform_float_3_3
Parameters: 0.999999 0.000801566 0.000622271 -0.000800434 1 -0.000909499 -0.000622728 0.000909502 1 -0.015163 -0.0578419 -0.0494682
FixedParameters: 0 0 0

#Transform 98
Transform: AffineTransform_float_3_3
Parameters: 0.999999 0.000706897 0.00059794 -0.000706102 0.999998 -0.00150042 -0.000599059 0.00149958 0.999998 -0.00739007 -0.0629461 -0.0346207
FixedParameters: 0 0 0

#Transform 99
Transform: AffineTransform_float_3_3
Parameters: 0.999999 0.000770681 0.000469884 -0.000770318 0.999998 -0.00144836 -0.000471116 0.00144764 0.999999 -0.00959974 -0.0766297 0.017779
FixedParameters: 0 0 0

#Transform 100
Transform: AffineTransform_float_3_3
Parameters: 0.999999 0.000592357 0.000702698 -0.000591642 0.999999 -0.000508416 -0.000703301 0.000508583 0.999999 -0.00309082 -0.105715 0.0236541
FixedParameters: 0 0 0

#Transform 101
Transform: AffineTransform_float_3_3
Parameters: 1 0.00100026 0.000465448 -0.000999744 1 -0.000552466 -0.000465553 0.000552535 0.999999 -0.0282046 -0.0796018 -0.00266205
FixedParameters: 0 0 0

#Transform 102
Transform: AffineTransform_float_3_3
Parameters: 0.999999 0.00147148 0.000505599 -0.00147052 0.999999 -0.000952745 -0.000507401 0.000952255 1 -0.0291433 -0.112176 -0.0213913
FixedParameters: 0 0 0

#Transform 103
Transform: AffineTransform_float_3_3
Parameters: 1 0.00102231 0.000472326 -0.00102169 1 -0.000659483 -0.000472674 0.000659517 0.999999 -0.0281289 -0.0701557 -0.0179795
FixedParameters: 0 0 0

#Transform 104
Transform: AffineTransform_float_3_3
Parameters: 0.999999 0.00114764 0.000618814 -0.00114736 0.999999 -0.00103471 -0.000619188 0.00103429 1 -0.0244005 -0.0401824 -0.0155324
FixedParameters: 0 0 0

#Transform 105
Transform: AffineTransform_float_3_3
Parameters: 1 0.000970767 0.000471424 -0.000969233 0.999998 -0.00162446 -0.000473574 0.00162354 0.999998 -0.0150358 -0.0496818 0.026181
FixedParameters: 0 0 0

#Transform 106
Transform: AffineTransform_float_3_3
Parameters: 1 0.000870907 0.000811028 -0.000870094 0.999999 -0.00111771 -0.000811973 0.00111729 0.999999 -0.00833467 -0.0703803 0.0591974
FixedParameters: 0 0 0

#Transform 107
Transform: AffineTransform_float_3_3
Parameters: 1 0.000694519 0.000871587 -0.000694481 0.999999 -0.000595606 -0.000871415 0.000595395 1 -0.00971488 -0.102529 0.0424519
FixedParameters: 0 0 0

#Transform 108
Transform: AffineTransform_float_3_3
Parameters: 1 0.000947459 0.000708387 -0.000946542 1 -0.000647671 -0.000708612 0.000646329 0.999999 -0.0189055 -0.0833345 -0.00755915
FixedParameters: 0 0 0

#Transform 109
Transform: AffineTransform_float_3_3
Parameters: 0.999999 0.000891661 0.000944377 -0.00089034 1 -0.000699842 -0.000944624 0.000699159 1 -0.0224533 -0.0736376 -0.00119721
FixedParameters: 0 0 0

#Transform 110
Transform: AffineTransform_float_3_3
Parameters: 0.999999 0.000879945 0.00100217 -0.000879056 0.999999 -0.000942882 -0.00100283 0.000942119 0.999999 -0.0125149 -0.0631146 -0.0206599
FixedParameters: 0 0 0

#Transform 111
Transform: AffineTransform_float_3_3
Parameters: 0.999999 0.00104665 0.00100127 -0.00104435 0.999998 -0.00165005 -0.00100372 0.00164895 0.999998 -0.00634952 -0.0575278 -0.00430377
FixedParameters: 0 0 0

#Transform 112
Transform: AffineTransform_float_3_3
Parameters: 0.999999 0.00090264 0.00100153 -0.00090136 0.999999 -0.0016359 -0.00100348 0.0016351 0.999998 -0.00622569 -0.0701004 0.0376205
FixedParameters: 0 0 0

#Transform 113
Transform: AffineTransform_float_3_3
Parameters: 0.999999 0.000901617 0.00100245 -0.000901384 1 -0.000614905 -0.00100355 0.000614096 1 -0.00620532 -0.0828431 0.0693805
FixedParameters: 0 0 0

#Transform 114
Transform: AffineTransform_float_3_3
Parameters: 0.999999 0.000901308 0.00100272 -0.000901691 0.999999 -0.000307904 -0.00100328 0.000307096 1 -0.0062606 -0.0893701 0.0201264
FixedParameters: 0 0 0

#Transform 115
Transform: AffineTransform_float_3_3
Parameters: 0.999999 0.000901752 0.00100232 -0.000901248 1 -0.000749904 -0.00100368 0.000749096 0.999999 -0.0175449 -0.0870967 0.00186604
FixedParameters: 0 0 0

#Transform 116
Transform: AffineTransform_float_3_3
Parameters: 0.999999 0.000901648 0.00100242 -0.000901353 1 -0.000645905 -0.00100358 0.000645096 1 -0.0241204 -0.0895095 -0.0054845
FixedParameters: 0 0 0

#Transform 117
Transform: AffineTransform_float_3_3
Parameters: 0.999999 0.00093589 0.00100217 -0.000934111 0.999999 -0.000887937 -0.00100283 0.000887063 0.999999 -0.00635925 -0.0535498 -0.0170376
FixedParameters: 0 0 0

#Transform 118
Transform: AffineTransform_float_3_3
Parameters: 1 0.000769601 0.000879602 -0.000767401 0.999998 -0.00181868 -0.000880397 0.00181832 0.999998 -0.00762627 -0.0810291 0.00226115
FixedParameters: 0 0 0

#Transform 119
Transform: AffineTransform_float_3_3
Parameters: 0.999999 0.000766712 0.00100169 -0.000765288 0.999998 -0.00170777 -0.00100331 0.00170723 0.999998 -0.00623667 -0.0753468 0.0537402
FixedParameters: 0 0 0

#Transform 120
Transform: AffineTransform_float_3_3
Parameters: 0.999999 0.000765787 0.0010024 -0.000765213 1 -0.000784768 -0.0010036 0.000784233 0.999999 -0.00626548 -0.0982366 0.0504432
FixedParameters: 0 0 0

#Transform 121
Transform: AffineTransform_float_3_3
Parameters: 0.999999 0.00116352 0.00105943 -0.00116348 0.999999 -0.000492233 -0.00106057 0.000490767 1 -0.00569312 -0.0968183 -0.0046498
FixedParameters: 0 0 0

#Transform 122
Transform: AffineTransform_float_3_3
Parameters: 0.999999 0.000988545 0.00100246 -0.000988455 1 -0.000543992 -0.00100354 0.000543009 1 -0.00914144 -0.0721977 -0.00437548
FixedParameters: 0 0 0

#Transform 123
Transform: AffineTransform_float_3_3
Parameters: 0.999999 0.00101784 0.00144941 -0.00101716 1 -0.000580475 -0.00145059 0.000578524 0.999999 -0.00126824 -0.0726829 -0.00642929
FixedParameters: 0 0 0

#Transform 124
Transform: AffineTransform_float_3_3
Parameters: 0.999999 0.000860356 0.00106791 -0.000858642 0.999999 -0.00127092 -0.00106909 0.00126908 0.999998 -0.00557005 -0.0392886 -0.0218368
FixedParameters: 0 0 0

#Transform 125
Transform: AffineTransform_float_3_3
Parameters: 0.999999 0.000865024 0.00119454 -0.000862977 0.999998 -0.00169403 -0.00119546 0.00169297 0.999998 -0.00409691 -0.0651171 0.0145191
FixedParameters: 0 0 0

#Transform 126
Transform: AffineTransform_float_3_3
Parameters: 0.999998 0.000932425 0.00143407 -0.000931576 0.999999 -0.000993337 -0.00143492 0.000992663 0.999998 0.00249071 -0.0915549 0.0511763
FixedParameters: 0 0 0

#Transform 127
Transform: AffineTransform_float_3_3
Parameters: 0.999998 0.00112591 0.00159235 -0.00112509 0.999999 -0.000574792 -0.00159264 0.000572208 0.999998 0.00026374 -0.0916033 0.000392873
FixedParameters: 0 0 0

#Transform 128
Transform: AffineTransform_float_3_3
Parameters: 0.999998 0.00136122 0.00159196 -0.00136078 0.999999 -0.000768168 -0.00159305 0.000766833 0.999999 0.000227952 -0.0947849 -0.0196363
FixedParameters: 0 0 0

#Transform 129
Transform: AffineTransform_float_3_3
Parameters: 0.999998 0.00136122 0.00159196 -0.00136078 0.999999 -0.000768168 -0.00159305 0.000766833 0.999999 -0.00979453 -0.0784236 -0.0257328
FixedParameters: 0 0 0

#Transform 130
Transform: AffineTransform_float_3_3
Parameters: 0.999998 0.00136181 0.00159146 -0.0013602 0.999999 -0.00113417 -0.00159254 0.00113283 0.999998 0.000228332 -0.0777107 -0.0302083
FixedParameters: 0 0 0

#Transform 131
Transform: AffineTransform_float_3_3
Parameters: 0.999998 0.00136223 0.00159109 -0.00136076 0.999998 -0.00140517 -0.00159291 0.00140283 0.999997 0.000289923 -0.0493281 -0.0195423
FixedParameters: 0 0 0

#Transform 132
Transform: AffineTransform_float_3_3
Parameters: 0.999998 0.00116877 0.00151087 -0.00116623 0.999997 -0.00182977 -0.00151314 0.00182823 0.999997 -0.000578551 -0.0531237 0.0171301
FixedParameters: 0 0 0

#Transform 133
Transform: AffineTransform_float_3_3
Parameters: 0.999998 0.00136268 0.00159071 -0.00136032 0.999997 -0.00168317 -0.00159329 0.00168083 0.999998 0.00941372 -0.0912254 0.0512405
FixedParameters: 0 0 0

#Transform 134
Transform: AffineTransform_float_3_3
Parameters: 0.999998 0.00136162 0.00190885 -0.00136038 0.999998 -0.000848599 -0.00191015 0.000846401 0.999998 0.0130656 -0.109441 0.0172948
FixedParameters: 0 0 0

#Transform 135
Transform: AffineTransform_float_3_3
Parameters: 0.999997 0.00136137 0.00166388 -0.00136063 0.999998 -0.000823266 -0.00166512 0.000821735 0.999999 0.00387521 -0.105562 -0.0218319
FixedParameters: 0 0 0

#Transform 136
Transform: AffineTransform_float_3_3
Parameters: 0.999997 0.00136142 0.00172588 -0.00136058 0.999998 -0.00082335 -0.00172712 0.000821651 0.999998 0.00754644 -0.0853842 -0.0248275
FixedParameters: 0 0 0

#Transform 137
Transform: AffineTransform_float_3_3
Parameters: 0.999997 0.0013616 0.00194888 -0.0013604 0.999998 -0.000823653 -0.00194912 0.000821348 0.999998 0.0106716 -0.0794247 -0.0427763
FixedParameters: 0 0 0

#Transform 138
Transform: AffineTransform_float_3_3
Parameters: 0.999998 0.0013619 0.00159137 -0.0013601 0.999999 -0.00119617 -0.00159263 0.00119383 0.999998 0.01472 -0.0596459 -0.0276326
FixedParameters: 0 0 0

#Transform 139
Transform: AffineTransform_float_3_3
Parameters: 0.999998 0.00136249 0.00159087 -0.00136051 0.999998 -0.00156517 -0.00159313 0.00156383 0.999998 0.0188647 -0.0486859 0.00861921
FixedParameters: 0 0 0

#Transform 140
Transform: AffineTransform_float_3_3
Parameters: 0.999998 0.00112712 0.0015915 -0.00112489 0.999999 -0.00132979 -0.0015925 0.00132821 0.999998 0.0188284 -0.085483 0.0360372
FixedParameters: 0 0 0

#Transform 141
Transform: AffineTransform_float_3_3
Parameters: 0.999997 0.00136142 0.00191999 -0.00136058 0.999999 -0.000742614 -0.00192101 0.000740387 0.999998 0.02249 -0.0986121 0.0230722
FixedParameters: 0 0 0

#Transform 142
Transform: AffineTransform_float_3_3
Parameters: 0.999998 0.00130606 0.00164516 -0.00130494 0.999999 -0.000645149 -0.00164584 0.000642852 0.999999 0.0141258 -0.0973084 -0.0128534
FixedParameters: 0 0 0

#Transform 143
Transform: AffineTransform_float_3_3
Parameters: 0.999996 0.00181771 0.00240498 -0.00181829 0.999998 0.00053463 -0.00240402 -0.000539372 0.999997 0.0194181 -0.0669683 0.000419041
FixedParameters: 0 0 0

#Transform 144
Transform: AffineTransform_float_3_3
Parameters: 0.999998 0.00136077 0.00159234 -0.00136023 0.999999 -0.000482167 -0.00159265 0.000479834 0.999998 0.00491251 -0.0694369 -0.0183333
FixedParameters: 0 0 0

#Transform 145
Transform: AffineTransform_float_3_3
Parameters: 0.999998 0.00136204 0.00159126 -0.00135996 0.999999 -0.00128117 -0.00159274 0.00127883 0.999998 0.013573 -0.0425316 -0.00647048
FixedParameters: 0 0 0

#Transform 146
Transform: AffineTransform_float_3_3
Parameters: 0.999998 0.00136279 0.00159062 -0.00136021 0.999998 -0.00175217 -0.00159238 0.00174984 0.999997 0.0188486 -0.0447621 -0.00108608
FixedParameters: 0 0 0

#Transform 147
Transform: AffineTransform_float_3_3
Parameters: 0.999997 0.00161344 0.00195764 -0.00161356 0.999998 -0.000225159 -0.00195836 0.000221841 0.999998 0.0230931 -0.055681 0.112015
FixedParameters: 0 0 0

#Transform 148
Transform: AffineTransform_float_3_3
Parameters: 0.999999 0.000530136 0.00174126 -0.000530865 0.999999 0.000496076 -0.00174174 -0.000496924 0.999998 0.0525587 -0.0653306 0.151272
FixedParameters: 0 0 0

#Transform 149
Transform: AffineTransform_float_3_3
Parameters: 0.999997 0.000684638 0.00237739 -0.000686362 0.999999 0.00057237 -0.00237661 -0.000573629 0.999997 0.0793516 -0.0637469 0.205944
FixedParameters: 0 0 0

#Transform 150
Transform: AffineTransform_float_3_3
Parameters: 0.999999 0.00171751 0.000661099 -0.00171549 0.999996 -0.00227314 -0.0006649 0.00227186 0.999997 0.0253356 -0.21729 0.386356
FixedParameters: 0 0 0

#Transform 151
Transform: AffineTransform_float_3_3
Parameters: 0.999999 0.00144333 0.000141666 -0.00144267 0.999997 -0.00231021 -0.000145333 0.00230979 0.999998 0.0302725 -0.171275 0.393057
FixedParameters: 0 0 0

#Transform 152
Transform: AffineTransform_float_3_3
Parameters: 0.999999 0.000666258 0.000714829 -0.000664741 0.999998 -0.00175948 -0.00071617 0.00175852 0.999998 0.0389832 -0.0551792 0.323192
FixedParameters: 0 0 0

#Transform 153
Transform: AffineTransform_float_3_3
Parameters: 0.999999 0.00121761 0.00093691 -0.00121539 0.999998 -0.00171814 -0.000939089 0.00171686 0.999998 0.0266482 -0.0461206 0.275941
FixedParameters: 0 0 0

#Transform 154
Transform: AffineTransform_float_3_3
Parameters: 0.999999 0.00116834 0.000729862 -0.00116766 0.999997 -0.00183185 -0.00073214 0.00183115 0.999998 0.018154 -0.0629769 0.253182
FixedParameters: 0 0 0

#Transform 155
Transform: AffineTransform_float_3_3
Parameters: 0.999999 0.00124486 0.000936536 -0.00124314 0.999998 -0.00198117 -0.000939464 0.00198083 0.999997 0.0204296 -0.0620175 0.235147
FixedParameters: 0 0 0

#Transform 156
Transform: AffineTransform_float_3_3
Parameters: 0.999999 0.000800129 0.00101533 -0.000797873 0.999998 -0.00209481 -0.00101667 0.00209419 0.999998 0.0292888 -0.066031 0.234958
FixedParameters: 0 0 0

#Transform 157
Transform: AffineTransform_float_3_3
Parameters: 0.999999 0.0010668 0.00105617 -0.0010632 0.999996 -0.00265213 -0.00105882 0.00265087 0.999996 0.039287 -0.0654784 0.22774
FixedParameters: 0 0 0

#Transform 158
Transform: AffineTransform_float_3_3
Parameters: 0.999999 0.00081871 0.00129229 -0.000816289 0.999998 -0.00209606 -0.00129471 0.00209494 0.999997 0.032828 -0.0817671 0.238393
FixedParameters: 0 0 0

#Transform 159
Transform: AffineTransform_float_3_3
Parameters: 0.999999 0.000725277 0.00128472 -0.000723723 0.999998 -0.00177193 -0.00128628 0.00177107 0.999997 0.048021 -0.122289 0.24134
FixedParameters: 0 0 0

#Transform 160
Transform: AffineTransform_float_3_3
Parameters: 0.999998 0.000835081 0.00134871 -0.00083292 0.999999 -0.00154313 -0.00134929 0.00154188 0.999998 0.0424539 -0.111094 0.203519
FixedParameters: 0 0 0

#Transform 161
Transform: AffineTransform_float_3_3
Parameters: 0.999998 0.000834901 0.00134882 -0.000833097 0.999998 -0.00141013 -0.00135018 0.00140887 0.999998 0.0333987 -0.0962221 0.183877
FixedParameters: 0 0 0

#Transform 162
Transform: AffineTransform_float_3_3
Parameters: 0.999999 0.00107995 0.00134844 -0.00107805 0.999999 -0.00144446 -0.00134956 0.00144355 0.999998 0.0334275 -0.0576629 0.164677
FixedParameters: 0 0 0

#Transform 163
Transform: AffineTransform_float_3_3
Parameters: 0.999998 0.00122401 0.0014463 -0.00122199 0.999999 -0.00139077 -0.0014487 0.00138923 0.999998 0.0344411 -0.0576739 0.153848
FixedParameters: 0 0 0

#Transform 164
Transform: AffineTransform_float_3_3
Parameters: 0.999998 0.00126498 0.00142524 -0.00126302 0.999998 -0.0013898 -0.00142776 0.0013882 0.999998 0.0438556 -0.000681328 0.142991
FixedParameters: 0 0 0

#Transform 165
Transform: AffineTransform_float_3_3
Parameters: 0.999998 0.00126594 0.00187903 -0.00126306 0.999998 -0.00156338 -0.00188098 0.00156162 0.999997 0.0437112 -0.00626193 0.156889
FixedParameters: 0 0 0

#Transform 166
Transform: AffineTransform_float_3_3
Parameters: 0.999997 0.00126632 0.00179766 -0.00126268 0.999998 -0.00184927 -0.00179933 0.00184673 0.999996 0.0571766 -0.0442065 0.199132
FixedParameters: 0 0 0

#Transform 167
Transform: AffineTransform_float_3_3
Parameters: 0.999997 0.00104013 0.00187982 -0.00103787 0.999999 -0.00113395 -0.00188118 0.00113205 0.999998 0.0703605 -0.0829633 0.183914
FixedParameters: 0 0 0

#Transform 168
Transform: AffineTransform_float_3_3
Parameters: 0.999998 0.00126461 0.00187992 -0.00126239 0.999999 -0.000855375 -0.00188108 0.000852623 0.999998 0.0538879 -0.0908517 0.151839
FixedParameters: 0 0 0

#Transform 169
Transform: AffineTransform_float_3_3
Parameters: 0.999998 0.00126536 0.00187941 -0.00126264 0.999999 -0.00125738 -0.00188059 0.00125462 0.999998 0.0538202 -0.0923306 0.116827
FixedParameters: 0 0 0

#Transform 170
Transform: AffineTransform_float_3_3
Parameters: 0.999997 0.00126555 0.00177718 -0.00126245 0.999998 -0.00143725 -0.00177881 0.00143475 0.999998 0.0483696 -0.119183 0.113086
FixedParameters: 0 0 0

#Transform 171
Transform: AffineTransform_float_3_3
Parameters: 0.999996 0.00164189 0.00201709 -0.00164111 0.999998 5.36899e-05 -0.00201791 -5.63134e-05 0.999998 0.0521043 -0.0473944 0.135982
FixedParameters: 0 0 0

#Transform 172
Transform: AffineTransform_float_3_3
Parameters: 0.999997 0.00106364 0.00187951 -0.00106036 0.999998 -0.001403 -0.00188049 0.001401 0.999997 0.0537766 -0.0747701 0.126451
FixedParameters: 0 0 0

#Transform 173
Transform: AffineTransform_float_3_3
Parameters: 0.999998 0.00161561 0.00156428 -0.00161239 0.999996 -0.00230553 -0.00156772 0.00230347 0.999996 0.0504202 -0.0656148 0.113667
FixedParameters: 0 0 0

#Transform 174
Transform: AffineTransform_float_3_3
Parameters: 0.999997 0.0015474 0.0018131 -0.0015436 0.999997 -0.0018768 -0.0018159 0.00187419 0.999996 0.0530718 -0.0624967 0.140771
FixedParameters: 0 0 0

#Transform 175
Transform: AffineTransform_float_3_3
Parameters: 0.999998 0.00124355 0.00146784 -0.00124145 0.999997 -0.00173683 -0.00147016 0.00173418 0.999998 0.0492797 -0.113505 0.138669
FixedParameters: 0 0 0

#Transform 176
Transform: AffineTransform_float_3_3
Parameters: 0.999998 0.00156801 0.00159501 -0.00156699 0.999998 -0.0006345 -0.00159599 0.000631498 0.999998 0.05061 -0.0888668 0.119516
FixedParameters: 0 0 0

#Transform 177
Transform: AffineTransform_float_3_3
Parameters: 0.999998 0.0011799 0.00168737 -0.0011791 0.999999 -0.000535991 -0.00168863 0.000534009 0.999999 0.0452285 -0.0941329 0.099842
FixedParameters: 0 0 0

#Transform 178
Transform: AffineTransform_float_3_3
Parameters: 0.999997 0.001365 0.00166218 -0.001364 0.999999 -0.000603269 -0.00166282 0.000601732 0.999999 0.0420114 -0.0714661 0.101464
FixedParameters: 0 0 0

#Transform 179
Transform: AffineTransform_float_3_3
Parameters: 0.999998 0.00130818 0.00154801 -0.00130682 0.999999 -0.000762025 -0.001549 0.000759975 0.999999 0.0402313 -0.0714574 0.10209
FixedParameters: 0 0 0

#Transform 180
Transform: AffineTransform_float_3_3
Parameters: 0.999998 0.00126336 0.00164319 -0.00126164 0.999998 -0.00143708 -0.00164481 0.00143492 0.999997 0.041839 -0.0592675 0.101638
FixedParameters: 0 0 0

#Transform 181
Transform: AffineTransform_float_3_3
Parameters: 0.999998 0.00135346 0.00139361 -0.00135054 0.999997 -0.00176589 -0.00139539 0.00176411 0.999998 0.0380427 -0.0421901 0.124876
FixedParameters: 0 0 0

#Transform 182
Transform: AffineTransform_float_3_3
Parameters: 0.999996 0.00188821 0.00183178 -0.00188879 0.999998 -0.00011546 -0.00183221 0.000111541 0.999999 0.0361074 0.00394013 0.186591
FixedParameters: 0 0 0

#Transform 183
Transform: AffineTransform_float_3_3
Parameters: 0.999998 0.00124527 0.00146592 -0.00124373 0.999999 -0.000868824 -0.00146708 0.000867174 0.999998 0.0438578 -0.0885416 0.188198
FixedParameters: 0 0 0

#Transform 184
Transform: AffineTransform_float_3_3
Parameters: 0.999998 0.00120359 0.00117139 -0.00120241 0.999999 -0.000503409 -0.00117261 0.00050259 0.999999 0.0353354 -0.0907608 0.150974
FixedParameters: 0 0 0

#Transform 185
Transform: AffineTransform_float_3_3
Parameters: 0.999999 0.000657516 0.0016618 -0.000657486 0.999999 -0.000310093 -0.0016622 0.000309907 0.999998 0.0562943 -0.0220149 0.144016
FixedParameters: 0 0 0

#Transform 186
Transform: AffineTransform_float_3_3
Parameters: 0.999999 0.00104242 0.00147012 -0.00104358 0.999999 0.00107347 -0.00146888 -0.00107453 0.999999 0.0452949 -0.0340738 0.144962
FixedParameters: 0 0 0

#Transform 187
Transform: AffineTransform_float_3_3
Parameters: 0.999998 0.00119793 0.00122807 -0.00119807 1 5.75288e-05 -0.00122793 -5.94711e-05 0.999999 0.0292548 -0.025288 0.146178
FixedParameters: 0 0 0

#Transform 188
Transform: AffineTransform_float_3_3
Parameters: 1 0.000794968 0.000667849 -0.000794033 0.999998 -0.00144953 -0.000668151 0.00144847 0.999998 0.0231393 -0.163039 0.172456
FixedParameters: 0 0 0

#Transform 189
Transform: AffineTransform_float_3_3
Parameters: 1 0.000429291 0.000914863 -0.000428709 1 -0.000318392 -0.000915136 0.000317607 0.999999 0.0472682 -0.091105 0.183819
FixedParameters: 0 0 0

#Transform 190
Transform: AffineTransform_float_3_3
