# transform file /out/sourcedata/freesurfer/sub-v2s11x28694_ses-1/mri/transforms/cc_up.lta
# created by oesteban on Tue Mar 10 20:55:25 2026

type      = 0 # LINEAR_VOX_TO_VOX
nxforms   = 1
mean      = 159.0000 155.0000 155.0000
sigma     = 10000.0000
1 4 4
9.967603683471680e-01 -7.090903073549271e-02 -3.795922175049782e-02 -1.499862384796143e+01 
7.085766643285751e-02 9.974828362464905e-01 -2.698443830013275e-03 -1.349607181549072e+01 
3.805501759052277e-02 0.000000000000000e+00 9.992757439613342e-01 -1.491345596313477e+01 
0.000000000000000e+00 0.000000000000000e+00 0.000000000000000e+00 1.000000000000000e+00 
src volume info
valid = 1  # volume info valid
filename = /out/sourcedata/freesurfer/sub-v2s11x28694_ses-1/mri/norm.mgz
volume = 320 320 320
voxelsize = 7.999999523162842e-01 7.999999523162842e-01 7.999999523162842e-01
xras   = -9.999999403953552e-01 0.000000000000000e+00 0.000000000000000e+00
yras   = 0.000000000000000e+00 0.000000000000000e+00 -9.999999403953552e-01
zras   = 0.000000000000000e+00 9.999999403953552e-01 0.000000000000000e+00
cras   = 3.316856384277344e+00 -3.629966735839844e+00 7.388793945312500e+00
dst volume info
valid = 1  # volume info valid
filename = /out/sourcedata/freesurfer/sub-v2s11x28694_ses-1/mri/norm.mgz
volume = 320 320 320
voxelsize = 7.999999523162842e-01 7.999999523162842e-01 7.999999523162842e-01
xras   = -9.999999403953552e-01 0.000000000000000e+00 0.000000000000000e+00
yras   = 0.000000000000000e+00 0.000000000000000e+00 -9.999999403953552e-01
zras   = 0.000000000000000e+00 9.999999403953552e-01 0.000000000000000e+00
cras   = 3.316856384277344e+00 -3.629966735839844e+00 7.388793945312500e+00
