# transform file /out/sourcedata/freesurfer/sub-v2s11x28706_ses-1/mri/transforms/cc_up.lta
# created by oesteban on Tue Mar 10 23:13:00 2026

type      = 0 # LINEAR_VOX_TO_VOX
nxforms   = 1
mean      = 162.0000 152.0000 158.0000
sigma     = 10000.0000
1 4 4
9.947236776351929e-01 4.053919576108456e-03 -1.025094017386436e-01 -1.983148765563965e+01 
-4.032562952488661e-03 9.999916553497314e-01 4.155682981945574e-04 -8.401820182800293e+00 
1.025102436542511e-01 0.000000000000000e+00 9.947318434715271e-01 -3.294530105590820e+01 
0.000000000000000e+00 0.000000000000000e+00 0.000000000000000e+00 1.000000000000000e+00 
src volume info
valid = 1  # volume info valid
filename = /out/sourcedata/freesurfer/sub-v2s11x28706_ses-1/mri/norm.mgz
volume = 320 320 320
voxelsize = 7.999999523162842e-01 7.999999523162842e-01 7.999999523162842e-01
xras   = -9.999999403953552e-01 0.000000000000000e+00 0.000000000000000e+00
yras   = 0.000000000000000e+00 0.000000000000000e+00 -9.999999403953552e-01
zras   = 0.000000000000000e+00 9.999999403953552e-01 0.000000000000000e+00
cras   = 3.316856384277344e+00 -3.405754089355469e+00 2.418175888061523e+01
dst volume info
valid = 1  # volume info valid
filename = /out/sourcedata/freesurfer/sub-v2s11x28706_ses-1/mri/norm.mgz
volume = 320 320 320
voxelsize = 7.999999523162842e-01 7.999999523162842e-01 7.999999523162842e-01
xras   = -9.999999403953552e-01 0.000000000000000e+00 0.000000000000000e+00
yras   = 0.000000000000000e+00 0.000000000000000e+00 -9.999999403953552e-01
zras   = 0.000000000000000e+00 9.999999403953552e-01 0.000000000000000e+00
cras   = 3.316856384277344e+00 -3.405754089355469e+00 2.418175888061523e+01
