# transform file /out/sourcedata/freesurfer/sub-v2s11x28715_ses-1/mri/transforms/cc_up.lta
# created by oesteban on Tue Mar 10 23:12:46 2026

type      = 0 # LINEAR_VOX_TO_VOX
nxforms   = 1
mean      = 159.0000 173.0000 146.0000
sigma     = 10000.0000
1 4 4
9.979625940322876e-01 -5.174878053367138e-03 -6.359304487705231e-02 -1.814090538024902e+01 
5.164403002709150e-03 9.999867081642151e-01 -3.290905733592808e-04 -5.375870895385742e+01 
6.359390169382095e-02 -2.910383392618066e-11 9.979758858680725e-01 -3.267859268188477e+01 
0.000000000000000e+00 0.000000000000000e+00 0.000000000000000e+00 1.000000000000000e+00 
src volume info
valid = 1  # volume info valid
filename = /out/sourcedata/freesurfer/sub-v2s11x28715_ses-1/mri/norm.mgz
volume = 320 320 320
voxelsize = 7.999999523162842e-01 7.999999523162842e-01 7.999999523162842e-01
xras   = -9.999999403953552e-01 0.000000000000000e+00 0.000000000000000e+00
yras   = 0.000000000000000e+00 0.000000000000000e+00 -9.999999403953552e-01
zras   = 0.000000000000000e+00 9.999999403953552e-01 0.000000000000000e+00
cras   = 3.316856384277344e+00 -6.051292419433594e+00 7.994148254394531e+00
dst volume info
valid = 1  # volume info valid
filename = /out/sourcedata/freesurfer/sub-v2s11x28715_ses-1/mri/norm.mgz
volume = 320 320 320
voxelsize = 7.999999523162842e-01 7.999999523162842e-01 7.999999523162842e-01
xras   = -9.999999403953552e-01 0.000000000000000e+00 0.000000000000000e+00
yras   = 0.000000000000000e+00 0.000000000000000e+00 -9.999999403953552e-01
zras   = 0.000000000000000e+00 9.999999403953552e-01 0.000000000000000e+00
cras   = 3.316856384277344e+00 -6.051292419433594e+00 7.994148254394531e+00
