# transform file /out/sourcedata/freesurfer/sub-v2s11x28711_ses-1/mri/transforms/cc_up.lta
# created by oesteban on Tue Mar 10 23:08:29 2026

type      = 0 # LINEAR_VOX_TO_VOX
nxforms   = 1
mean      = 163.0000 169.0000 152.0000
sigma     = 10000.0000
1 4 4
9.984742403030396e-01 -5.001307278871536e-02 2.341119572520256e-02 -2.873539161682129e+01 
4.999933019280434e-02 9.987486600875854e-01 1.172332791611552e-03 -3.304035568237305e+01 
-2.344053238630295e-02 0.000000000000000e+00 9.997252821922302e-01 2.823766469955444e+00 
0.000000000000000e+00 0.000000000000000e+00 0.000000000000000e+00 1.000000000000000e+00 
src volume info
valid = 1  # volume info valid
filename = /out/sourcedata/freesurfer/sub-v2s11x28711_ses-1/mri/norm.mgz
volume = 320 320 320
voxelsize = 7.999999523162842e-01 7.999999523162842e-01 7.999999523162842e-01
xras   = -9.999999403953552e-01 0.000000000000000e+00 0.000000000000000e+00
yras   = 0.000000000000000e+00 0.000000000000000e+00 -9.999999403953552e-01
zras   = 0.000000000000000e+00 9.999999403953552e-01 0.000000000000000e+00
cras   = 6.948814392089844e+00 -8.472587585449219e+00 -2.901741027832031e+00
dst volume info
valid = 1  # volume info valid
filename = /out/sourcedata/freesurfer/sub-v2s11x28711_ses-1/mri/norm.mgz
volume = 320 320 320
voxelsize = 7.999999523162842e-01 7.999999523162842e-01 7.999999523162842e-01
xras   = -9.999999403953552e-01 0.000000000000000e+00 0.000000000000000e+00
yras   = 0.000000000000000e+00 0.000000000000000e+00 -9.999999403953552e-01
zras   = 0.000000000000000e+00 9.999999403953552e-01 0.000000000000000e+00
cras   = 6.948814392089844e+00 -8.472587585449219e+00 -2.901741027832031e+00
