# transform file transforms/talairach.lta
# created by oesteban on Tue Mar 10 21:19:27 2026

type      = 0 # LINEAR_VOX_TO_VOX
nxforms   = 1
mean      = 164.0000 170.0000 152.0000
sigma     = 10000.0000
1 4 4
8.346874713897705e-01 -6.610984355211258e-02 4.094268754124641e-02 -4.412289619445801e+00 
6.625448167324066e-02 1.007649540901184e+00 4.326793551445007e-02 -7.420814514160156e+01 
-5.728204175829887e-02 -5.071859061717987e-02 8.294346928596497e-01 2.984493494033813e+00 
0.000000000000000e+00 0.000000000000000e+00 0.000000000000000e+00 1.000000000000000e+00 
src volume info
valid = 1  # volume info valid
filename = nu.mgz
volume = 320 320 320
voxelsize = 7.999999523162842e-01 7.999999523162842e-01 7.999999523162842e-01
xras   = -9.999999403953552e-01 0.000000000000000e+00 0.000000000000000e+00
yras   = 0.000000000000000e+00 0.000000000000000e+00 -9.999999403953552e-01
zras   = 0.000000000000000e+00 9.999999403953552e-01 0.000000000000000e+00
cras   = 6.948814392089844e+00 -8.472587585449219e+00 -2.901741027832031e+00
dst volume info
valid = 1  # volume info valid
filename = /opt/freesurfer/average/RB_all_2020-01-02.gca
volume = 256 256 256
voxelsize = 1.000000000000000e+00 1.000000000000000e+00 1.000000000000000e+00
xras   = -1.000000000000000e+00 0.000000000000000e+00 0.000000000000000e+00
yras   = 0.000000000000000e+00 0.000000000000000e+00 -1.000000000000000e+00
zras   = 0.000000000000000e+00 1.000000000000000e+00 0.000000000000000e+00
cras   = 0.000000000000000e+00 0.000000000000000e+00 0.000000000000000e+00
