#Insight Transform File V1.0
#Transform 0
Transform: AffineTransform_float_3_3
Parameters: 0.999999 2.20585e-06 0.000982997 2.05858e-07 0.999998 -0.002244 -0.000983002 0.002244 0.999997 -0.0289438 -0.0159866 -0.00356737
FixedParameters: 0 0 0

#Transform 1
Transform: AffineTransform_float_3_3
Parameters: 0.999999 1.77538e-06 0.000798998 -2.24616e-07 0.999997 -0.002222 -0.000799002 0.002222 0.999997 -0.0235665 -0.0191951 -0.0104273
FixedParameters: 0 0 0

#Transform 2
Transform: AffineTransform_float_3_3
Parameters: 1 1.21589e-06 0.000652999 2.15888e-07 0.999999 -0.001862 -0.000653001 0.001862 0.999998 -0.0193226 -0.0198094 -0.0359078
FixedParameters: 0 0 0

#Transform 3
Transform: AffineTransform_float_3_3
Parameters: 0.999999 1.54219e-06 0.000748998 -4.57805e-07 0.999998 -0.002059 -0.000749002 0.002059 0.999997 -0.0222035 0.0137174 -0.0583345
FixedParameters: 0 0 0

#Transform 4
Transform: AffineTransform_float_3_3
Parameters: 1 1.15767e-06 0.000569999 1.57672e-07 0.999998 -0.002031 -0.000570001 0.002031 0.999998 -0.0169286 0.0212561 -0.0820355
FixedParameters: 0 0 0

#Transform 5
Transform: AffineTransform_float_3_3
Parameters: 1 9.32142e-07 0.000460999 -6.7856e-08 0.999998 -0.002022 -0.000461001 0.002022 0.999998 -0.0205812 0.0611434 -0.0811538
FixedParameters: 0 0 0

#Transform 6
Transform: AffineTransform_float_3_3
Parameters: 1 -0.000135116 0.00046126 0.000135884 0.999998 -0.00191794 -0.00046074 0.00191806 0.999998 -0.01785 0.0440892 -0.0762041
FixedParameters: 0 0 0

#Transform 7
Transform: AffineTransform_float_3_3
Parameters: 1 5.9122e-07 0.000286999 -4.08778e-07 0.999998 -0.00206 -0.000287001 0.00206 0.999998 -0.0141522 0.124482 -0.0809759
FixedParameters: 0 0 0

#Transform 8
Transform: AffineTransform_float_3_3
Parameters: 1 5.64585e-07 0.000284999 -4.35413e-07 0.999998 -0.001981 -0.000285001 0.001981 0.999998 -0.00854929 0.066157 -0.0609951
FixedParameters: 0 0 0

#Transform 9
Transform: AffineTransform_float_3_3
Parameters: 1 -0.000404691 0.000150831 0.000405309 0.999998 -0.00205294 -0.000150168 0.00205306 0.999998 0.00512499 0.0733312 -0.0803261
FixedParameters: 0 0 0

#Transform 10
Transform: AffineTransform_float_3_3
Parameters: 1 -0.000404666 0.000206655 0.000405334 0.999998 -0.00161892 -0.000206344 0.00161908 0.999998 0.00352446 -0.0364917 -0.0704056
FixedParameters: 0 0 0

#Transform 11
Transform: AffineTransform_float_3_3
Parameters: 1 -0.000131543 0.000323186 0.000131457 0.999999 -0.00141496 -0.000322814 0.00141504 0.999999 -0.00644902 -0.106715 -0.0659943
FixedParameters: 0 0 0

#Transform 12
Transform: AffineTransform_float_3_3
Parameters: 1 -5.85419e-05 0.000351077 5.8458e-05 0.999999 -0.00130498 -0.000350924 0.00130502 0.999999 -0.0142813 -0.125479 -0.0541265
FixedParameters: 0 0 0

#Transform 13
Transform: AffineTransform_float_3_3
Parameters: 1 1.14394e-05 0.000350986 -1.15609e-05 0.999999 -0.001251 -0.000351015 0.001252 0.999999 -0.0194485 -0.0941169 -0.0752723
FixedParameters: 0 0 0

#Transform 14
Transform: AffineTransform_float_3_3
Parameters: 1 -1.75865e-05 0.000351021 1.74135e-05 1 -0.00117799 -0.00035098 0.00117801 0.999999 -0.00999038 -0.0285424 -0.0739434
FixedParameters: 0 0 0

#Transform 15
Transform: AffineTransform_float_3_3
Parameters: 1 0.000195197 0.000155754 -0.000194803 0.999999 -0.00126103 -0.000156246 0.00126097 0.999999 -0.0155293 0.0474486 -0.0979585
FixedParameters: 0 0 0

#Transform 16
Transform: AffineTransform_float_3_3
Parameters: 1 0.000234161 0.000181792 -0.000233838 0.999999 -0.000887042 -0.000182207 0.000886957 0.999999 -0.0223454 0.0762344 -0.0818
FixedParameters: 0 0 0

#Transform 17
Transform: AffineTransform_float_3_3
Parameters: 1 -2.2569e-05 0.000351028 2.3431e-05 0.999999 -0.00122799 -0.000350972 0.00122801 0.999999 -0.0099756 0.158162 -0.0874392
FixedParameters: 0 0 0

#Transform 18
Transform: AffineTransform_float_3_3
Parameters: 1 0.000126187 0.000276915 -0.000125814 1 -0.000675035 -0.000276085 0.000674965 0.999999 -0.0113579 0.112162 -0.042585
FixedParameters: 0 0 0

#Transform 19
Transform: AffineTransform_float_3_3
Parameters: 1 -0.000404906 0.000134284 0.000405094 0.999999 -0.000701945 -0.000134716 0.000702054 0.999999 0.00558201 0.0893007 -0.0299321
FixedParameters: 0 0 0

#Transform 20
Transform: AffineTransform_float_3_3
Parameters: 1 -0.000404864 0.000272202 0.000405136 1 -0.00049989 -0.000271797 0.00050011 1 0.0187746 -0.00961389 -0.0172865
FixedParameters: 0 0 0

#Transform 21
Transform: AffineTransform_float_3_3
Parameters: 1 -0.000353123 0.000369882 0.000353877 1 0.000333131 -0.000370118 -0.000332869 1 0.0147125 -0.124125 0.0420186
FixedParameters: 0 0 0

#Transform 22
Transform: AffineTransform_float_3_3
Parameters: 1 -0.000288063 0.000256929 0.000287936 1 0.000247074 -0.000257071 -0.000246926 1 -0.000181227 -0.208208 0.0591639
FixedParameters: 0 0 0

#Transform 23
Transform: AffineTransform_float_3_3
Parameters: 1 -0.000147968 0.000162029 0.000148032 1 -0.000196976 -0.000161971 0.000197024 1 -0.00504825 -0.168153 -0.00457613
FixedParameters: 0 0 0

#Transform 24
Transform: AffineTransform_float_3_3
Parameters: 1 -7.79813e-05 0.000163009 7.80187e-05 1 -0.000114987 -0.000162991 0.000115013 1 -0.0062537 -0.132325 -0.0201465
FixedParameters: 0 0 0

#Transform 25
Transform: AffineTransform_float_3_3
Parameters: 1 -1.50154e-05 -5.7996e-05 1.49846e-05 1 -0.000266001 5.8004e-05 0.000265999 1 -0.0063508 -0.0379959 -0.0521167
FixedParameters: 0 0 0

#Transform 26
Transform: AffineTransform_float_3_3
Parameters: 1 2.59895e-05 -5.80047e-05 -2.60105e-05 1 -0.000180998 5.79953e-05 0.000181002 1 -0.0105181 0.0496984 -0.0390925
FixedParameters: 0 0 0

#Transform 27
Transform: AffineTransform_float_3_3
Parameters: 1 -9.70132e-05 -5.7978e-05 9.69868e-05 1 -0.000227006 5.8022e-05 0.000226994 1 0.00114564 0.148918 -0.0339229
FixedParameters: 0 0 0

#Transform 28
Transform: AffineTransform_float_3_3
Parameters: 1 -0.000139981 -5.80451e-05 0.000140019 1 0.000321992 5.79549e-05 -0.000322008 1 0.00524301 0.13307 0.0103719
FixedParameters: 0 0 0

#Transform 29
Transform: AffineTransform_float_3_3
Parameters: 1 -7.79427e-05 -0.000204022 7.70573e-05 1 0.000280984 0.000203978 -0.000281016 1 0.00305397 0.0947893 0.0101622
FixedParameters: 0 0 0

#Transform 30
Transform: AffineTransform_float_3_3
Parameters: 1 0.00028302 -5.79043e-05 -0.00028298 1 0.000338016 5.80956e-05 -0.000337984 1 -0.0248466 -0.0412477 0.00779589
FixedParameters: 0 0 0

#Transform 31
Transform: AffineTransform_float_3_3
Parameters: 1 0.00056102 -5.78053e-05 -0.00056098 1 0.000347032 5.81946e-05 -0.000346967 1 -0.0390525 -0.149645 0.0111624
FixedParameters: 0 0 0

#Transform 32
Transform: AffineTransform_float_3_3
Parameters: 0.999999 0.000738036 -5.75328e-05 -0.000737963 0.999999 0.000633042 5.74671e-05 -0.000632957 1 -0.0433926 -0.203331 0.00832688
FixedParameters: 0 0 0

#Transform 33
Transform: AffineTransform_float_3_3
Parameters: 0.999999 0.000830068 -0.000121537 -0.000829932 1 0.000558101 0.000121463 -0.0005579 1 -0.0495598 -0.172064 -0.000593321
FixedParameters: 0 0 0

#Transform 34
Transform: AffineTransform_float_3_3
Parameters: 0.999999 0.000813138 -0.000156284 -0.000812862 1 0.000880127 0.000156715 -0.000879873 0.999999 -0.0456958 -0.121999 -0.0168226
FixedParameters: 0 0 0

#Transform 35
Transform: AffineTransform_float_3_3
Parameters: 0.999999 0.000915231 -0.000254168 -0.000914768 0.999999 0.000909233 0.000254831 -0.000908767 0.999999 -0.0485978 -0.0177803 -0.020492
FixedParameters: 0 0 0

#Transform 36
Transform: AffineTransform_float_3_3
Parameters: 0.999999 0.00101158 -0.000752224 -0.00101142 0.999999 0.000767762 0.000753777 -0.000767239 1 -0.0430018 0.0504333 -0.0274876
FixedParameters: 0 0 0

#Transform 37
Transform: AffineTransform_float_3_3
Parameters: 0.999999 0.00117813 -0.000752799 -0.00117787 1 0.000170887 0.000753201 -0.000170113 0.999999 -0.0492312 0.0966396 -0.052202
FixedParameters: 0 0 0

#Transform 38
Transform: AffineTransform_float_3_3
Parameters: 0.999998 0.00107713 -0.00117397 -0.00107587 0.999999 0.000958264 0.00117503 -0.000957735 0.999999 -0.0387435 0.0264154 -0.00303001
FixedParameters: 0 0 0

#Transform 39
Transform: AffineTransform_float_3_3
Parameters: 0.999999 0.00109771 -0.00109929 -0.00109629 0.999998 0.00155621 0.00110071 -0.00155479 0.999998 -0.0475649 -0.0257352 0.0376807
FixedParameters: 0 0 0

#Transform 40
Transform: AffineTransform_float_3_3
Parameters: 0.999999 0.00125034 -0.000913164 -0.00124866 0.999998 0.00146914 0.000914834 -0.00146786 0.999998 -0.0609482 -0.0980684 0.0137181
FixedParameters: 0 0 0

#Transform 41
Transform: AffineTransform_float_3_3
Parameters: 0.999999 0.00114294 -0.00087477 -0.00114206 0.999999 0.001077 0.00087623 -0.001076 0.999999 -0.0614473 -0.124206 -0.00669809
FixedParameters: 0 0 0

#Transform 42
Transform: AffineTransform_float_3_3
Parameters: 0.999999 0.00121995 -0.000751465 -0.00121905 0.999998 0.00125892 0.000753535 -0.00125808 0.999999 -0.0663699 -0.0949986 -0.00606058
FixedParameters: 0 0 0

#Transform 43
Transform: AffineTransform_float_3_3
Parameters: 0.999998 0.00114283 -0.00113116 -0.00114217 0.999999 0.000734293 0.00113184 -0.000732708 0.999999 -0.0563647 -0.0251208 -0.0531855
FixedParameters: 0 0 0

#Transform 44
Transform: AffineTransform_float_3_3
Parameters: 0.999998 0.00114317 -0.00122491 -0.00114183 0.999999 0.0009534 0.00122509 -0.000951601 0.999999 -0.0500647 -0.0314271 -0.0251451
FixedParameters: 0 0 0

#Transform 45
Transform: AffineTransform_float_3_3
Parameters: 0.999999 0.00114322 -0.00127291 -0.00114178 0.999999 0.000955454 0.00127409 -0.000953544 0.999998 -0.0492307 -0.0354512 -0.0377898
FixedParameters: 0 0 0

#Transform 46
Transform: AffineTransform_float_3_3
Parameters: 0.999998 0.00114341 -0.00119565 -0.00114259 0.999998 0.00118237 0.00119635 -0.00118063 0.999998 -0.0516794 -0.0943596 0.00933467
FixedParameters: 0 0 0

#Transform 47
Transform: AffineTransform_float_3_3
Parameters: 0.999999 0.00114375 -0.00126943 -0.00114225 0.999999 0.00137945 0.00127058 -0.00137755 0.999998 -0.0556169 -0.0859077 0.0152146
FixedParameters: 0 0 0

#Transform 48
Transform: AffineTransform_float_3_3
Parameters: 0.999999 0.00130498 -0.001284 -0.00130303 0.999998 0.00153768 0.001286 -0.00153632 0.999998 -0.0646332 -0.0757654 0.0227106
FixedParameters: 0 0 0

#Transform 49
Transform: AffineTransform_float_3_3
Parameters: 0.999998 0.00142296 -0.00127681 -0.00142104 0.999998 0.00153782 0.00127919 -0.00153618 0.999998 -0.0724842 -0.047733 0.0100219
FixedParameters: 0 0 0

#Transform 50
Transform: AffineTransform_float_3_3
Parameters: 0.999998 0.00154125 -0.00125525 -0.00153876 0.999997 0.00178793 0.00125775 -0.00178606 0.999997 -0.0736836 -0.0465312 0.0132591
FixedParameters: 0 0 0

#Transform 51
Transform: AffineTransform_float_3_3
Parameters: 0.999998 0.00157607 -0.00134458 -0.00157393 0.999997 0.00153812 0.00134642 -0.00153688 0.999998 -0.0752739 -0.00744386 -0.00912976
FixedParameters: 0 0 0

#Transform 52
Transform: AffineTransform_float_3_3
Parameters: 0.999998 0.00157443 -0.0014113 -0.00157157 0.999998 0.00171822 0.0014147 -0.00171578 0.999998 -0.0698186 -0.00188659 -0.0064664
FixedParameters: 0 0 0

#Transform 53
Transform: AffineTransform_float_3_3
Parameters: 0.999997 0.00150188 -0.00158227 -0.00149912 0.999997 0.00181838 0.00158473 -0.00181662 0.999997 -0.0653992 -0.00608864 -0.0124982
FixedParameters: 0 0 0

#Transform 54
Transform: AffineTransform_float_3_3
Parameters: 0.999997 0.00134721 -0.00168144 -0.00134379 0.999998 0.00190626 0.00168356 -0.00190374 0.999997 -0.0566357 -0.0512143 -0.00988323
FixedParameters: 0 0 0

#Transform 55
Transform: AffineTransform_float_3_3
Parameters: 0.999998 0.00142046 -0.00179526 -0.00141653 0.999997 0.00192955 0.00179873 -0.00192645 0.999996 -0.0550002 -0.0979958 0.0143601
FixedParameters: 0 0 0

#Transform 56
Transform: AffineTransform_float_3_3
Parameters: 0.999998 0.00155652 -0.00168976 -0.00155248 0.999996 0.00208463 0.00169224 -0.00208237 0.999997 -0.0693221 -0.13358 0.04032
FixedParameters: 0 0 0

#Transform 57
Transform: AffineTransform_float_3_3
Parameters: 0.999998 0.00158754 -0.0016997 -0.00158346 0.999996 0.0020847 0.0017023 -0.0020823 0.999997 -0.072229 -0.129602 0.028035
FixedParameters: 0 0 0

#Transform 58
Transform: AffineTransform_float_3_3
Parameters: 0.999997 0.00155515 -0.00177538 -0.00155085 0.999996 0.00233476 0.00177862 -0.00233224 0.999995 -0.0678174 -0.0997489 0.0430754
FixedParameters: 0 0 0

#Transform 59
Transform: AffineTransform_float_3_3
Parameters: 0.999998 0.00152832 -0.001685 -0.00152469 0.999997 0.00196657 0.001688 -0.00196442 0.999996 -0.0659019 -0.0325967 0.0076284
FixedParameters: 0 0 0

#Transform 60
Transform: AffineTransform_float_3_3
Parameters: 0.999997 0.00141294 -0.00200093 -0.00141006 0.999998 0.00147083 0.00200307 -0.00146817 0.999997 -0.0487 0.00269402 -0.024676
FixedParameters: 0 0 0

#Transform 61
Transform: AffineTransform_float_3_3
Parameters: 0.999997 0.00140723 -0.00196168 -0.00140477 0.999997 0.00164876 0.00196432 -0.00164624 0.999996 -0.0496578 0.000480594 -0.0235827
FixedParameters: 0 0 0

#Transform 62
Transform: AffineTransform_float_3_3
Parameters: 0.999998 0.00153591 -0.00176147 -0.0015331 0.999998 0.00164871 0.00176353 -0.0016463 0.999997 -0.0586236 -0.0103731 -0.0447677
FixedParameters: 0 0 0

#Transform 63
Transform: AffineTransform_float_3_3
Parameters: 0.999998 0.00169954 -0.00157519 -0.00169646 0.999996 0.00224868 0.00157882 -0.00224532 0.999996 -0.0820514 -0.108447 0.0516142
FixedParameters: 0 0 0

#Transform 64
Transform: AffineTransform_float_3_3
Parameters: 0.999997 0.00178055 -0.00126341 -0.00177745 0.999997 0.00201725 0.00126759 -0.00201475 0.999997 -0.0989947 -0.135338 0.0473449
FixedParameters: 0 0 0

#Transform 65
Transform: AffineTransform_float_3_3
Parameters: 0.999998 0.00191438 -0.00124033 -0.00191262 0.999997 0.00192038 0.00124367 -0.00191763 0.999998 -0.102421 -0.132821 0.0223155
FixedParameters: 0 0 0

#Transform 66
Transform: AffineTransform_float_3_3
Parameters: 0.999997 0.00186733 -0.00121142 -0.00186467 0.999996 0.00192026 0.00121458 -0.00191774 0.999998 -0.0972168 -0.125955 0.00594257
FixedParameters: 0 0 0

#Transform 67
Transform: AffineTransform_float_3_3
Parameters: 0.999998 0.0019035 -0.0012512 -0.0019005 0.999996 0.00199838 0.0012548 -0.00199562 0.999997 -0.094997 -0.0382971 -0.0128311
FixedParameters: 0 0 0

#Transform 68
Transform: AffineTransform_float_3_3
Parameters: 0.999997 0.0018191 -0.00148221 -0.00181591 0.999996 0.0020867 0.00148579 -0.0020843 0.999996 -0.0808048 -0.0251583 0.0111761
FixedParameters: 0 0 0

#Transform 69
Transform: AffineTransform_float_3_3
Parameters: 0.999996 0.00185793 -0.00177594 -0.00185507 0.999997 0.0016503 0.00177906 -0.0016477 0.999997 -0.0798353 0.0174304 -0.0130392
FixedParameters: 0 0 0

#Transform 70
Transform: AffineTransform_float_3_3
Parameters: 0.999997 0.00176422 -0.00166359 -0.00176078 0.999996 0.00193693 0.00166741 -0.00193406 0.999996 -0.0793504 -0.00976693 0.0132102
FixedParameters: 0 0 0

#Transform 71
Transform: AffineTransform_float_3_3
Parameters: 0.999996 0.00193753 -0.00166289 -0.00193346 0.999996 0.00212522 0.00166711 -0.00212178 0.999997 -0.0953362 -0.0728792 0.0711443
FixedParameters: 0 0 0

#Transform 72
Transform: AffineTransform_float_3_3
Parameters: 0.999996 0.00195154 -0.00166285 -0.00194745 0.999996 0.00213025 0.00166715 -0.00212775 0.999997 -0.0929157 -0.0731258 0.0681329
FixedParameters: 0 0 0

#Transform 73
Transform: AffineTransform_float_3_3
Parameters: 0.999997 0.00200763 -0.00174785 -0.00200438 0.999996 0.00207251 0.00175216 -0.00206949 0.999997 -0.0954764 -0.0611325 0.0600093
FixedParameters: 0 0 0

#Transform 74
Transform: AffineTransform_float_3_3
Parameters: 0.999997 0.00212222 -0.0016629 -0.00211878 0.999996 0.00193353 0.0016671 -0.00193047 0.999996 -0.102263 -0.0486012 0.0296585
FixedParameters: 0 0 0

#Transform 75
Transform: AffineTransform_float_3_3
Parameters: 0.999997 0.00228195 -0.001475 -0.00227906 0.999997 0.00131837 0.001478 -0.00131563 0.999998 -0.116127 0.0265365 0.00887442
FixedParameters: 0 0 0

#Transform 76
Transform: AffineTransform_float_3_3
Parameters: 0.999996 0.00202474 -0.00186904 -0.00202226 0.999997 0.00146679 0.00187197 -0.00146322 0.999997 -0.0913972 0.0228761 0.0145754
FixedParameters: 0 0 0

#Transform 77
Transform: AffineTransform_float_3_3
Parameters: 0.999996 0.00186354 -0.00183542 -0.00186046 0.999998 0.00138642 0.00183858 -0.00138258 0.999998 -0.0856083 0.0399426 0.0124247
FixedParameters: 0 0 0

#Transform 78
Transform: AffineTransform_float_3_3
Parameters: 0.999996 0.001892 -0.00176579 -0.001889 0.999997 0.00169934 0.00176921 -0.00169566 0.999997 -0.088436 -0.0758615 0.0361161
FixedParameters: 0 0 0

#Transform 79
Transform: AffineTransform_float_3_3
Parameters: 0.999996 0.00189805 -0.00178175 -0.00189494 0.999996 0.00171538 0.00178525 -0.00171162 0.999997 -0.0927735 -0.135346 0.0622141
FixedParameters: 0 0 0

#Transform 80
Transform: AffineTransform_float_3_3
Parameters: 0.999996 0.00191102 -0.00171965 -0.00190897 0.999996 0.00175829 0.00172335 -0.00175471 0.999997 -0.0931993 -0.12617 0.060208
FixedParameters: 0 0 0

#Transform 81
Transform: AffineTransform_float_3_3
Parameters: 0.999996 0.00198424 -0.00166314 -0.00198076 0.999996 0.0019463 0.00166685 -0.0019427 0.999996 -0.101856 -0.0993108 0.0489667
FixedParameters: 0 0 0

#Transform 82
Transform: AffineTransform_float_3_3
Parameters: 0.999996 0.00195375 -0.00166377 -0.00195025 0.999996 0.00165425 0.00166722 -0.00165075 0.999997 -0.0957961 -0.0386526 0.00548079
FixedParameters: 0 0 0

#Transform 83
Transform: AffineTransform_float_3_3
Parameters: 0.999996 0.00203759 -0.00166384 -0.00203441 0.999996 0.00155439 0.00166716 -0.00155161 0.999998 -0.102493 -0.0194098 0.00212951
FixedParameters: 0 0 0

#Transform 84
Transform: AffineTransform_float_3_3
Parameters: 0.999997 0.00233465 -0.00142968 -0.00233235 0.999996 0.00185234 0.00143332 -0.00184866 0.999998 -0.120113 0.0614223 0.0153887
FixedParameters: 0 0 0

#Transform 85
Transform: AffineTransform_float_3_3
Parameters: 0.999996 0.00211425 -0.00179835 -0.00211175 0.999997 0.0012538 0.00180165 -0.0012502 0.999997 -0.097773 0.0329121 -0.00258013
FixedParameters: 0 0 0

#Transform 86
Transform: AffineTransform_float_3_3
Parameters: 0.999996 0.00212069 -0.00189711 -0.00211931 0.999998 0.000891024 0.00189888 -0.000886977 0.999998 -0.0939338 0.0560037 -0.00602678
FixedParameters: 0 0 0

#Transform 87
Transform: AffineTransform_float_3_3
Parameters: 0.999996 0.00189247 -0.00208786 -0.00188852 0.999997 0.00166495 0.00209114 -0.00166105 0.999997 -0.0830879 -0.0777157 0.0603026
FixedParameters: 0 0 0

#Transform 88
Transform: AffineTransform_float_3_3
Parameters: 0.999996 0.00193831 -0.0020679 -0.00193569 0.999997 0.00160301 0.0020711 -0.00159899 0.999996 -0.0876812 -0.105329 0.0361753
FixedParameters: 0 0 0

#Transform 89
Transform: AffineTransform_float_3_3
Parameters: 0.999997 0.00187728 -0.00191279 -0.00187372 0.999997 0.00171359 0.00191621 -0.00171041 0.999996 -0.0862486 -0.102039 0.0258672
FixedParameters: 0 0 0

#Transform 90
Transform: AffineTransform_float_3_3
Parameters: 0.999997 0.00183334 -0.00195587 -0.00182966 0.999997 0.00170958 0.00195913 -0.00170641 0.999996 -0.0831496 -0.0911354 0.0302428
FixedParameters: 0 0 0

#Transform 91
Transform: AffineTransform_float_3_3
Parameters: 0.999996 0.00175509 -0.00217651 -0.00175191 0.999998 0.00142182 0.00217849 -0.00141818 0.999996 -0.0691383 -0.00795479 0.0141127
FixedParameters: 0 0 0

#Transform 92
Transform: AffineTransform_float_3_3
Parameters: 0.999996 0.00173853 -0.00220901 -0.00173546 0.999998 0.00114984 0.00221099 -0.00114516 0.999997 -0.0650532 -0.00313291 -0.00813909
FixedParameters: 0 0 0

#Transform 93
Transform: AffineTransform_float_3_3
Parameters: 0.999996 0.00164594 -0.00220956 -0.00164406 0.999999 0.000878636 0.00221044 -0.000874365 0.999997 -0.0560029 0.0442725 -0.00868144
FixedParameters: 0 0 0

#Transform 94
Transform: AffineTransform_float_3_3
Parameters: 0.999996 0.00164007 -0.00206456 -0.00163693 0.999997 0.00148838 0.00206644 -0.00148562 0.999997 -0.0566227 -0.0427935 0.0422403
FixedParameters: 0 0 0

#Transform 95
Transform: AffineTransform_float_3_3
Parameters: 0.999997 0.00148535 -0.00205057 -0.00148164 0.999997 0.00163704 0.00205342 -0.00163395 0.999996 -0.0515671 -0.0436071 0.0376901
FixedParameters: 0 0 0

#Transform 96
Transform: AffineTransform_float_3_3
Parameters: 0.999997 0.00140629 -0.00198167 -0.00140271 0.999997 0.00165978 0.00198433 -0.00165721 0.999996 -0.0492512 -0.0539512 0.0298569
FixedParameters: 0 0 0

#Transform 97
Transform: AffineTransform_float_3_3
Parameters: 0.999997 0.00114478 -0.00192135 -0.00114222 0.999999 0.0014462 0.00192365 -0.0014438 0.999997 -0.0447095 -0.0283652 0.0149433
FixedParameters: 0 0 0

#Transform 98
Transform: AffineTransform_float_3_3
Parameters: 0.999997 0.00114458 -0.0018494 -0.00114242 0.999999 0.00139712 0.0018516 -0.00139488 0.999998 -0.0386409 -0.0147046 0.0134025
FixedParameters: 0 0 0

#Transform 99
Transform: AffineTransform_float_3_3
Parameters: 0.999997 0.00114386 -0.00221004 -0.00114214 0.999999 0.000844527 0.00221096 -0.000842474 0.999997 -0.0289123 0.0469861 -0.0245943
FixedParameters: 0 0 0

#Transform 100
Transform: AffineTransform_float_3_3
Parameters: 0.999997 0.00114352 -0.00221021 -0.00114248 0.999999 0.000690528 0.00221079 -0.000688474 0.999998 -0.0361857 0.0530146 -0.010006
FixedParameters: 0 0 0

#Transform 101
Transform: AffineTransform_float_3_3
Parameters: 0.999996 0.00121319 -0.00232586 -0.00121081 0.999999 0.000941819 0.00232714 -0.00093918 0.999997 -0.0346177 0.0125534 0.00145855
FixedParameters: 0 0 0

#Transform 102
Transform: AffineTransform_float_3_3
Parameters: 0.999997 0.00114489 -0.0022095 -0.00114211 0.999998 0.00131053 0.0022105 -0.00130847 0.999996 -0.0364288 -0.0758652 0.0347123
FixedParameters: 0 0 0

#Transform 103
Transform: AffineTransform_float_3_3
Parameters: 0.999997 0.00114504 -0.00220943 -0.00114196 0.999999 0.00137553 0.00221057 -0.00137247 0.999996 -0.0364875 -0.0985472 0.048181
FixedParameters: 0 0 0

#Transform 104
Transform: AffineTransform_float_3_3
Parameters: 0.999998 0.000657872 -0.00221015 -0.000655127 0.999999 0.00130045 0.00221085 -0.00129855 0.999996 -0.00487059 -0.0869676 0.00712025
FixedParameters: 0 0 0

#Transform 105
Transform: AffineTransform_float_3_3
Parameters: 0.999997 0.000658487 -0.002287 -0.000655514 0.999998 0.0015245 0.002288 -0.0015235 0.999996 -0.00264151 -0.0730572 0.0100163
FixedParameters: 0 0 0

#Transform 106
Transform: AffineTransform_float_3_3
Parameters: 0.999997 0.000494086 -0.00238936 -0.000490914 0.999999 0.00129218 0.00238964 -0.00129082 0.999997 0.00432002 -0.00856847 -0.0213773
FixedParameters: 0 0 0

#Transform 107
Transform: AffineTransform_float_3_3
Parameters: 0.999996 0.000467374 -0.0027916 -0.000464628 0.999999 0.0008503 0.0027914 -0.000849698 0.999995 0.0166235 0.0465668 -0.0140473
FixedParameters: 0 0 0

#Transform 108
Transform: AffineTransform_float_3_3
Parameters: 0.999995 0.000526136 -0.00294079 -0.000524862 1 0.000387545 0.0029412 -0.000385454 0.999995 0.0195883 0.0836716 -0.0423729
FixedParameters: 0 0 0

#Transform 109
Transform: AffineTransform_float_3_3
Parameters: 0.999995 0.000624122 -0.00313858 -0.000621878 0.999999 0.000676955 0.00313842 -0.000675044 0.999995 0.0229136 0.0427303 -0.0083635
FixedParameters: 0 0 0

#Transform 110
Transform: AffineTransform_float_3_3
Parameters: 0.999995 0.000680362 -0.00313806 -0.000675637 0.999999 0.00139113 0.00313894 -0.00138887 0.999994 0.0187687 -0.0319532 0.0468604
FixedParameters: 0 0 0

#Transform 111
Transform: AffineTransform_float_3_3
Parameters: 0.999995 0.000664456 -0.00313806 -0.000659543 0.999999 0.00142108 0.00313894 -0.00141892 0.999994 0.010209 -0.110206 0.0428527
FixedParameters: 0 0 0

#Transform 112
Transform: AffineTransform_float_3_3
Parameters: 0.999995 0.000771297 -0.0031377 -0.000765703 0.999999 0.00168941 0.0031383 -0.00168659 0.999993 0.00464736 -0.0703416 0.0360244
FixedParameters: 0 0 0

#Transform 113
Transform: AffineTransform_float_3_3
Parameters: 0.999995 0.000732094 -0.00313758 -0.000725909 0.999998 0.00194229 0.00313842 -0.00194071 0.999993 0.00615453 -0.0752798 0.0399687
FixedParameters: 0 0 0

#Transform 114
Transform: AffineTransform_float_3_3
Parameters: 0.999995 0.00067824 -0.00313809 -0.000674763 0.999999 0.00135112 0.00313891 -0.00134988 0.999994 0.0139586 -0.000665123 0.0108931
FixedParameters: 0 0 0

#Transform 115
Transform: AffineTransform_float_3_3
Parameters: 0.999995 0.000550654 -0.00313836 -0.000546344 0.999999 0.00116572 0.00313864 -0.00116328 0.999995 0.0246151 0.00551907 0.0135868
FixedParameters: 0 0 0

#Transform 116
Transform: AffineTransform_float_3_3
Parameters: 0.999995 0.000667694 -0.00330446 -0.00066531 1 0.000815204 0.00330454 -0.000813799 0.999994 0.0267467 0.0591678 0.0135944
FixedParameters: 0 0 0

#Transform 117
Transform: AffineTransform_float_3_3
Parameters: 0.999994 0.000761132 -0.00344631 -0.000757865 1 0.000910617 0.00344769 -0.000907381 0.999993 0.0206198 0.00588125 0.0165698
FixedParameters: 0 0 0

#Transform 118
Transform: AffineTransform_float_3_3
Parameters: 0.999995 0.000767985 -0.0032843 -0.000765014 1 0.000910518 0.0032847 -0.000907483 0.999994 0.00992364 -0.0655248 0.0507055
FixedParameters: 0 0 0

#Transform 119
Transform: AffineTransform_float_3_3
Parameters: 0.999994 0.000761209 -0.00330826 -0.00075779 0.999999 0.000971513 0.00330874 -0.000968487 0.999994 0.013655 -0.104681 0.052341
FixedParameters: 0 0 0

#Transform 120
Transform: AffineTransform_float_3_3
Parameters: 0.999994 0.000845056 -0.00313818 -0.000841942 0.999999 0.000975647 0.00313882 -0.000972352 0.999994 0.00408157 -0.0838173 0.0258853
FixedParameters: 0 0 0

#Transform 121
Transform: AffineTransform_float_3_3
Parameters: 0.999995 0.0011117 -0.00296599 -0.0011093 0.999999 0.000911295 0.00296701 -0.000907706 0.999995 -0.0156271 -0.0461992 0.0149157
FixedParameters: 0 0 0

#Transform 122
Transform: AffineTransform_float_3_3
Parameters: 0.999994 0.00110898 -0.00333334 -0.00110702 0.999999 0.000595694 0.00333366 -0.000591307 0.999995 -0.0103335 0.0317969 -0.00714538
FixedParameters: 0 0 0

#Transform 123
Transform: AffineTransform_float_3_3
Parameters: 0.999994 0.00132556 -0.00313834 -0.00132344 0.999999 0.000498156 0.00313866 -0.000493842 0.999995 -0.0249391 0.0778709 -0.0214356
FixedParameters: 0 0 0

#Transform 124
Transform: AffineTransform_float_3_3
Parameters: 0.999993 0.00124259 -0.00354444 -0.0012404 0.999999 0.0004524 0.00354456 -0.000447599 0.999993 -0.0150534 0.0565383 -0.0203764
FixedParameters: 0 0 0

#Transform 125
Transform: AffineTransform_float_3_3
Parameters: 0.999992 0.00130912 -0.0039423 -0.00130688 0.999999 0.000539157 0.0039437 -0.000533842 0.999992 -0.0137944 0.0263208 -0.0272691
FixedParameters: 0 0 0

#Transform 126
Transform: AffineTransform_float_3_3
Parameters: 0.999994 0.00146267 -0.00320133 -0.00145934 0.999999 0.00114668 0.00320267 -0.00114232 0.999994 -0.0418561 -0.122328 0.0349196
FixedParameters: 0 0 0

#Transform 127
Transform: AffineTransform_float_3_3
Parameters: 0.999993 0.00155595 -0.00320957 -0.00155305 0.999999 0.000920991 0.00321043 -0.000916011 0.999995 -0.0380089 -0.147973 0.0388748
FixedParameters: 0 0 0

#Transform 128
Transform: AffineTransform_float_3_3
Parameters: 0.999995 0.00162964 -0.00297256 -0.00162636 0.999999 0.00088984 0.00297345 -0.00088516 0.999995 -0.0507221 -0.123374 0.0367946
FixedParameters: 0 0 0

#Transform 129
Transform: AffineTransform_float_3_3
Parameters: 0.999995 0.00170861 -0.00284644 -0.0017064 0.999998 0.000916862 0.00284856 -0.000912138 0.999995 -0.0644314 -0.0915886 0.0259292
FixedParameters: 0 0 0

#Transform 130
Transform: AffineTransform_float_3_3
Parameters: 0.999994 0.0017971 -0.00302375 -0.0017949 0.999998 0.000697432 0.00302525 -0.000692568 0.999995 -0.0581483 0.0261029 0.00487712
FixedParameters: 0 0 0

#Transform 131
Transform: AffineTransform_float_3_3
Parameters: 0.999993 0.00166751 -0.00330824 -0.00166549 0.999998 0.000459513 0.00330876 -0.000453486 0.999995 -0.0495105 0.085016 -0.0332419
FixedParameters: 0 0 0

#Transform 132
Transform: AffineTransform_float_3_3
Parameters: 0.999992 0.00158915 -0.00354048 -0.00158784 0.999998 0.000328624 0.00354152 -0.000323374 0.999993 -0.0287483 0.0696415 -0.0474092
FixedParameters: 0 0 0

#Transform 133
Transform: AffineTransform_float_3_3
Parameters: 0.999994 0.00178941 -0.00302417 -0.00178859 0.999999 0.000467412 0.00302483 -0.00046259 0.999996 -0.0485408 0.06039 -0.0786789
FixedParameters: 0 0 0

#Transform 134
Transform: AffineTransform_float_3_3
Parameters: 0.999994 0.00169083 -0.00319351 -0.00168717 0.999998 0.000888394 0.0031955 -0.000883603 0.999995 -0.0436286 -0.0334142 -0.0220894
FixedParameters: 0 0 0

#Transform 135
Transform: AffineTransform_float_3_3
Parameters: 0.999994 0.00177369 -0.00280467 -0.00177031 0.999997 0.00131697 0.00280733 -0.00131203 0.999995 -0.0638209 -0.0796579 0.116797
FixedParameters: 0 0 0

#Transform 136
Transform: AffineTransform_float_3_3
Parameters: 0.999997 0.00126036 -0.00206935 -0.00125564 0.999997 0.0021086 0.00207265 -0.00210539 0.999995 -0.102709 -0.13309 0.634881
FixedParameters: 0 0 0

#Transform 137
Transform: AffineTransform_float_3_3
Parameters: 0.999999 0.000396058 -0.00130968 -0.000394943 0.999999 0.000807518 0.00130932 -0.000807482 0.999999 -0.000508059 0.0338281 0.313874
FixedParameters: 0 0 0

#Transform 138
Transform: AffineTransform_float_3_3
Parameters: 0.999998 0.00194492 -0.00128577 -0.00195208 0.999983 -0.0055265 0.00127523 0.00552949 0.999984 0.0413532 0.212969 -1.08973
FixedParameters: 0 0 0

#Transform 139
Transform: AffineTransform_float_3_3
Parameters: 0.999999 0.00092982 -0.000138213 -0.000930178 0.999998 -0.00130387 0.000136787 0.00130413 0.999999 0.0194638 -0.122243 -0.375987
FixedParameters: 0 0 0

#Transform 140
Transform: AffineTransform_float_3_3
Parameters: 0.999998 0.000180424 0.00230158 -8.65586e-05 0.999179 -0.0405273 -0.0023074 0.0405267 0.999176 0.360418 -0.322764 -2.15118
FixedParameters: 0 0 0

#Transform 141
Transform: AffineTransform_float_3_3
Parameters: 0.999993 -0.000318843 0.00376854 0.000714205 0.994438 -0.105326 -0.00371443 0.105328 0.99443 0.367541 0.764064 -3.59445
FixedParameters: 0 0 0

#Transform 142
Transform: AffineTransform_float_3_3
Parameters: 0.999964 -0.00559623 0.0064162 0.00613874 0.996105 -0.0879547 -0.00589881 0.0879911 0.996104 0.508683 0.848812 -3.4496
FixedParameters: 0 0 0

#Transform 143
Transform: AffineTransform_float_3_3
Parameters: 0.999989 -0.00318852 0.00345779 0.00337543 0.998445 -0.0556419 -0.00327424 0.055653 0.998445 0.351291 0.550493 -2.39892
FixedParameters: 0 0 0

#Transform 144
Transform: AffineTransform_float_3_3
Parameters: 0.999993 -0.00333801 0.00178776 0.00341495 0.999011 -0.0443362 -0.00163719 0.0443418 0.999015 0.316446 0.461123 -2.01372
FixedParameters: 0 0 0

#Transform 145
Transform: AffineTransform_float_3_3
Parameters: 0.999993 -0.00336861 0.00174544 0.00344137 0.999057 -0.0432813 -0.00159754 0.0432867 0.999062 0.307853 0.493163 -2.0132
FixedParameters: 0 0 0

#Transform 146
Transform: AffineTransform_float_3_3
Parameters: 0.999993 -0.00348468 0.00164037 0.0035523 0.999068 -0.0430005 -0.00148861 0.0430065 0.999073 0.311741 0.561677 -2.07587
FixedParameters: 0 0 0

#Transform 147
Transform: AffineTransform_float_3_3
Parameters: 0.999994 -0.00283326 0.00197853 0.00291575 0.999087 -0.0426095 -0.00185644 0.0426145 0.99909 0.275692 0.579497 -2.03995
FixedParameters: 0 0 0

#Transform 148
Transform: AffineTransform_float_3_3
Parameters: 0.999994 -0.00269313 0.00212309 0.00277987 0.999112 -0.0420363 -0.00200791 0.0420427 0.999114 0.28123 0.618927 -2.07858
FixedParameters: 0 0 0

#Transform 149
Transform: AffineTransform_float_3_3
Parameters: 0.999994 -0.00278479 0.00212459 0.00287023 0.999146 -0.0412172 -0.00200839 0.0412238 0.999148 0.293863 0.5439 -2.08186
FixedParameters: 0 0 0

#Transform 150
Transform: AffineTransform_float_3_3
Parameters: 0.999994 -0.0026691 0.00211954 0.00275392 0.99915 -0.0411164 -0.00200846 0.0411216 0.999152 0.284614 0.516461 -2.07625
FixedParameters: 0 0 0

#Transform 151
Transform: AffineTransform_float_3_3
Parameters: 0.999995 -0.00271478 0.00175876 0.00278423 0.999171 -0.0406303 -0.00164723 0.0406347 0.999172 0.279049 0.452811 -1.96074
FixedParameters: 0 0 0

#Transform 152
Transform: AffineTransform_float_3_3
Parameters: 0.999995 -0.00283184 0.00172073 0.00289917 0.99918 -0.0403702 -0.00160526 0.0403748 0.999184 0.282221 0.457861 -1.9345
FixedParameters: 0 0 0

#Transform 153
Transform: AffineTransform_float_3_3
Parameters: 0.999995 -0.00272234 0.00171633 0.00278965 0.999166 -0.0407354 -0.00160369 0.0407396 0.999169 0.282899 0.474024 -1.94772
FixedParameters: 0 0 0

#Transform 154
Transform: AffineTransform_float_3_3
Parameters: 0.999995 -0.00263777 0.00184108 0.00271023 0.99918 -0.0404012 -0.00173291 0.0404058 0.999182 0.278949 0.529699 -1.95652
FixedParameters: 0 0 0

#Transform 155
Transform: AffineTransform_float_3_3
Parameters: 0.999995 -0.00282591 0.00185447 0.00289911 0.999169 -0.0406699 -0.00173852 0.0406752 0.999171 0.283263 0.565859 -2.00825
FixedParameters: 0 0 0

#Transform 156
Transform: AffineTransform_float_3_3
Parameters: 0.999996 -0.00242558 0.00179104 0.00249442 0.999204 -0.0398327 -0.00169298 0.0398363 0.999205 0.27875 0.592608 -2.03117
FixedParameters: 0 0 0

#Transform 157
Transform: AffineTransform_float_3_3
Parameters: 0.999995 -0.00270803 0.00176057 0.00277495 0.999226 -0.0392213 -0.00165243 0.0392257 0.999229 0.286252 0.537669 -2.02339
FixedParameters: 0 0 0

#Transform 158
Transform: AffineTransform_float_3_3
Parameters: 0.999995 -0.00264638 0.00184711 0.00271862 0.9992 -0.0399162 -0.00173986 0.0399208 0.999202 0.282187 0.52861 -2.00981
FixedParameters: 0 0 0

#Transform 159
Transform: AffineTransform_float_3_3
Parameters: 0.999995 -0.00270316 0.00186848 0.00277483 0.999213 -0.0395841 -0.00175954 0.039589 0.999215 0.279268 0.481068 -1.99737
FixedParameters: 0 0 0

#Transform 160
Transform: AffineTransform_float_3_3
Parameters: 0.999995 -0.00271802 0.00147797 0.00277498 0.999195 -0.0400221 -0.00136803 0.0400259 0.999197 0.287988 0.499225 -2.0012
FixedParameters: 0 0 0

#Transform 161
Transform: AffineTransform_float_3_3
Parameters: 0.999995 -0.00264746 0.00178853 0.00271752 0.999193 -0.0400704 -0.00168045 0.0400747 0.999196 0.284267 0.500686 -2.02396
FixedParameters: 0 0 0

#Transform 162
Transform: AffineTransform_float_3_3
Parameters: 0.999995 -0.00261848 0.00178547 0.00268849 0.999191 -0.0401114 -0.0016785 0.0401166 0.999193 0.28049 0.512111 -2.03177
FixedParameters: 0 0 0

#Transform 163
Transform: AffineTransform_float_3_3
Parameters: 0.999995 -0.00269688 0.00201313 0.00277516 0.999201 -0.0398696 -0.00190486 0.0398744 0.999203 0.278129 0.536138 -2.04718
FixedParameters: 0 0 0

#Transform 164
Transform: AffineTransform_float_3_3
Parameters: 0.999995 -0.00237068 0.00207382 0.00245133 0.999192 -0.0401331 -0.00197721 0.0401389 0.999192 0.272963 0.551373 -2.07382
FixedParameters: 0 0 0

#Transform 165
Transform: AffineTransform_float_3_3
Parameters: 0.999994 -0.0027056 0.00181594 0.0027754 0.999221 -0.0393712 -0.00170805 0.0393758 0.999223 0.292537 0.527048 -2.07942
FixedParameters: 0 0 0

#Transform 166
Transform: AffineTransform_float_3_3
Parameters: 0.999994 -0.0027058 0.00180905 0.0027752 0.999219 -0.0394112 -0.00170094 0.0394158 0.999222 0.300618 0.543422 -2.09568
FixedParameters: 0 0 0

#Transform 167
Transform: AffineTransform_float_3_3
Parameters: 0.999993 -0.00313117 0.00176698 0.00319883 0.999203 -0.0397856 -0.00164102 0.0397914 0.999206 0.305633 0.46734 -1.98926
FixedParameters: 0 0 0

#Transform 168
Transform: AffineTransform_float_3_3
Parameters: 0.999993 -0.00313019 0.00200903 0.00320781 0.999217 -0.0394408 -0.00188394 0.0394472 0.99922 0.306028 0.462579 -1.93822
FixedParameters: 0 0 0

#Transform 169
Transform: AffineTransform_float_3_3
Parameters: 0.999993 -0.00310071 0.00201084 0.0031773 0.999229 -0.0391168 -0.00188815 0.0391231 0.999232 0.305391 0.434978 -1.93476
FixedParameters: 0 0 0

#Transform 170
Transform: AffineTransform_float_3_3
Parameters: 0.999993 -0.00296563 0.00217453 0.00304835 0.999219 -0.0393957 -0.0020555 0.0394014 0.999222 0.299889 0.517267 -1.94883
FixedParameters: 0 0 0

#Transform 171
Transform: AffineTransform_float_3_3
Parameters: 0.999993 -0.00296966 0.00217608 0.00305134 0.99924 -0.0388666 -0.00205895 0.0388724 0.999242 0.295791 0.491325 -1.918
FixedParameters: 0 0 0

#Transform 172
Transform: AffineTransform_float_3_3
Parameters: 0.999994 -0.0029142 0.00222849 0.00299878 0.999233 -0.0390446 -0.00211251 0.0390514 0.999235 0.296949 0.568027 -1.94769
FixedParameters: 0 0 0

#Transform 173
Transform: AffineTransform_float_3_3
Parameters: 0.999993 -0.00295669 0.00223135 0.00304034 0.999243 -0.0387785 -0.00211568 0.0387845 0.999246 0.296451 0.550577 -1.96106
FixedParameters: 0 0 0

#Transform 174
Transform: AffineTransform_float_3_3
Parameters: 0.999994 -0.00281594 0.00223235 0.00290005 0.999251 -0.0385927 -0.00212165 0.0385992 0.999252 0.297055 0.554156 -1.9713
FixedParameters: 0 0 0

#Transform 175
Transform: AffineTransform_float_3_3
Parameters: 0.999995 -0.002699 0.00202924 0.00277499 0.999258 -0.0384336 -0.00192376 0.0384384 0.999259 0.292099 0.507538 -1.95087
FixedParameters: 0 0 0

#Transform 176
Transform: AffineTransform_float_3_3
Parameters: 0.999993 -0.00268619 0.00236773 0.00277477 0.999261 -0.0383367 -0.00226228 0.0383433 0.999262 0.284285 0.471032 -1.93874
FixedParameters: 0 0 0

#Transform 177
Transform: AffineTransform_float_3_3
Parameters: 0.999992 -0.00299387 0.00265974 0.00309214 0.999284 -0.0376901 -0.00254525 0.0376979 0.999286 0.277726 0.410011 -1.8662
FixedParameters: 0 0 0

#Transform 178
Transform: AffineTransform_float_3_3
Parameters: 0.999993 -0.00286881 0.00250064 0.00296021 0.999301 -0.0372609 -0.00239235 0.0372681 0.999302 0.278321 0.401735 -1.83353
FixedParameters: 0 0 0

#Transform 179
Transform: AffineTransform_float_3_3
Parameters: 0.999992 -0.00301604 0.00253178 0.00310797 0.999305 -0.0371404 -0.00241822 0.0371486 0.999307 0.28426 0.440677 -1.83399
FixedParameters: 0 0 0

#Transform 180
Transform: AffineTransform_float_3_3
Parameters: 0.999991 -0.00313459 0.00277155 0.00323842 0.999267 -0.0381283 -0.00265044 0.0381366 0.999269 0.282847 0.50632 -1.8717
FixedParameters: 0 0 0

#Transform 181
Transform: AffineTransform_float_3_3
Parameters: 0.999992 -0.00305079 0.00250855 0.0031432 0.999288 -0.0376174 -0.00239144 0.0376246 0.999289 0.287499 0.540779 -1.88968
FixedParameters: 0 0 0

#Transform 182
Transform: AffineTransform_float_3_3
Parameters: 0.999992 -0.00292509 0.00265354 0.00301993 0.999329 -0.0364973 -0.00254547 0.0365047 0.99933 0.279646 0.55511 -1.8618
FixedParameters: 0 0 0

#Transform 183
Transform: AffineTransform_float_3_3
Parameters: 0.999993 -0.00267861 0.00264626 0.00277538 0.999307 -0.0371189 -0.00254473 0.0371261 0.999308 0.271948 0.520039 -1.91098
FixedParameters: 0 0 0

#Transform 184
Transform: AffineTransform_float_3_3
Parameters: 0.999993 -0.00287164 0.00265102 0.00296636 0.999337 -0.0363054 -0.00254497 0.0363136 0.999337 0.280397 0.496511 -1.83554
FixedParameters: 0 0 0

#Transform 185
Transform: AffineTransform_float_3_3
Parameters: 0.999993 -0.00268219 0.00258874 0.00277478 0.999329 -0.0365391 -0.00248826 0.0365459 0.999329 0.277796 0.405482 -1.83709
FixedParameters: 0 0 0

#Transform 186
Transform: AffineTransform_float_3_3
Parameters: 0.999992 -0.00293006 0.00264033 0.00302493 0.999321 -0.0367023 -0.00253067 0.0367107 0.999322 0.276491 0.438211 -1.80627
FixedParameters: 0 0 0

#Transform 187
Transform: AffineTransform_float_3_3
Parameters: 0.999992 -0.00311847 0.00255438 0.00320751 0.999353 -0.0358291 -0.00244063 0.0358379 0.999354 0.289681 0.429129 -1.78042
FixedParameters: 0 0 0

#Transform 188
Transform: AffineTransform_float_3_3
Parameters: 0.999991 -0.00312496 0.00268188 0.00322004 0.999339 -0.0361957 -0.00256712 0.0362043 0.999341 0.285979 0.457799 -1.77474
