#Insight Transform File V1.0
#Transform 0
Transform: AffineTransform_float_3_3
Parameters: 0.999999 2.13368e-06 0.000912997 1.33687e-07 0.999998 -0.002337 -0.000913002 0.002337 0.999997 -0.0218677 0.00656179 -0.0606416
FixedParameters: 0 0 0

#Transform 1
Transform: AffineTransform_float_3_3
Parameters: 0.999999 0.000276733 0.000773382 -0.000275268 0.999998 -0.00224022 -0.000773618 0.00223979 0.999997 -0.039663 -0.0299153 -0.0189636
FixedParameters: 0 0 0

#Transform 2
Transform: AffineTransform_float_3_3
Parameters: 1 1.02274e-06 0.000527999 2.2738e-08 0.999998 -0.001937 -0.000528001 0.001937 0.999998 -0.0198236 -0.029396 -0.049162
FixedParameters: 0 0 0

#Transform 3
Transform: AffineTransform_float_3_3
Parameters: 0.999999 0.00041741 0.00077324 -0.00041659 0.999999 -0.00182332 -0.00077376 0.00182268 0.999998 -0.0415513 -0.018322 -0.0646945
FixedParameters: 0 0 0

#Transform 4
Transform: AffineTransform_float_3_3
Parameters: 0.999999 0.000215436 0.000773601 -0.000214563 0.999999 -0.00185617 -0.000774399 0.00185583 0.999998 -0.0369975 -0.0322382 -0.0858282
FixedParameters: 0 0 0

#Transform 5
Transform: AffineTransform_float_3_3
Parameters: 1 0.000349799 0.000501443 -0.000348202 0.999998 -0.00159217 -0.000501555 0.00159182 0.999998 -0.0381464 -0.00242013 -0.0856473
FixedParameters: 0 0 0

#Transform 6
Transform: AffineTransform_float_3_3
Parameters: 1 0.000383531 0.000311346 -0.000382467 0.999998 -0.00170612 -0.000312653 0.00170588 0.999998 -0.0344299 0.00283311 -0.0800424
FixedParameters: 0 0 0

#Transform 7
Transform: AffineTransform_float_3_3
Parameters: 1 0.000335621 0.000311332 -0.000335378 0.999998 -0.0019921 -0.000312669 0.0019919 0.999998 -0.0332043 0.0821196 -0.078779
FixedParameters: 0 0 0

#Transform 8
Transform: AffineTransform_float_3_3
Parameters: 1 3.16028e-07 0.000164 3.16028e-07 0.999998 -0.001927 -0.000164 0.001927 0.999998 -0.0215674 0.0574719 -0.060305
FixedParameters: 0 0 0

#Transform 9
Transform: AffineTransform_float_3_3
Parameters: 1 1.38154e-07 6.69998e-05 1.38154e-07 0.999998 -0.002062 -6.69998e-05 0.002062 0.999998 -0.0192747 0.0607399 -0.0875027
FixedParameters: 0 0 0

#Transform 10
Transform: AffineTransform_float_3_3
Parameters: 1 5.28215e-07 0.000311999 -4.71783e-07 0.999998 -0.001693 -0.000312001 0.001693 0.999998 -0.0251215 -0.0127309 -0.0797975
FixedParameters: 0 0 0

#Transform 11
Transform: AffineTransform_float_3_3
Parameters: 1 0.000182461 0.00031173 -0.000182538 0.999999 -0.00147906 -0.00031227 0.00147894 0.999999 -0.0295147 -0.0983701 -0.0746944
FixedParameters: 0 0 0

#Transform 12
Transform: AffineTransform_float_3_3
Parameters: 1 0.000276172 0.000144671 -0.000275827 1 -0.00119004 -0.000145328 0.00118996 1 -0.0278889 -0.126131 -0.0590435
FixedParameters: 0 0 0

#Transform 13
Transform: AffineTransform_float_3_3
Parameters: 1 0.000200085 8.07896e-05 -0.000199915 1 -0.00105202 -8.12104e-05 0.00105198 1 -0.0244624 -0.10918 -0.0828446
FixedParameters: 0 0 0

#Transform 14
Transform: AffineTransform_float_3_3
Parameters: 1 0.000338233 0.000311747 -0.000337766 0.999999 -0.000748105 -0.000312253 0.000747894 0.999999 -0.0333789 -0.0703998 -0.0738142
FixedParameters: 0 0 0

#Transform 15
Transform: AffineTransform_float_3_3
Parameters: 1 0.000351165 0.000202714 -0.000350835 0.999999 -0.000814071 -0.000202286 0.000813928 0.999999 -0.0309802 -0.00212191 -0.105214
FixedParameters: 0 0 0

#Transform 16
Transform: AffineTransform_float_3_3
Parameters: 1 0.000390197 0.000311753 -0.000390803 0.999999 -0.000632122 -0.000312247 0.000631878 1 -0.0345111 0.0281298 -0.0851032
FixedParameters: 0 0 0

#Transform 17
Transform: AffineTransform_float_3_3
Parameters: 1 0.000238101 9.87572e-05 -0.000237899 1 -0.00102002 -9.92427e-05 0.00101998 1 -0.0257975 0.124327 -0.0934735
FixedParameters: 0 0 0

#Transform 18
Transform: AffineTransform_float_3_3
Parameters: 1 0.000383207 0.000311746 -0.000382793 0.999999 -0.000663119 -0.000312254 0.00066288 0.999999 -0.0343993 0.0897179 -0.0533314
FixedParameters: 0 0 0

#Transform 19
Transform: AffineTransform_float_3_3
Parameters: 1 0.000151219 0.000311894 -0.000150781 0.999999 -0.000701047 -0.000312106 0.000700952 0.999999 -0.021429 0.0916421 -0.0363372
FixedParameters: 0 0 0

#Transform 20
Transform: AffineTransform_float_3_3
Parameters: 1 1.27296e-07 0.000312 1.27296e-07 1 -0.000408 -0.000312 0.000408 1 -0.00499216 0.0129728 -0.0208719
FixedParameters: 0 0 0

#Transform 21
Transform: AffineTransform_float_3_3
Parameters: 1 -4.8672e-08 0.000312 -4.8672e-08 1 0.000156 -0.000312 -0.000156 1 -0.00497958 -0.111925 0.00662658
FixedParameters: 0 0 0

#Transform 22
Transform: AffineTransform_float_3_3
Parameters: 1 -4.8672e-08 0.000312 -4.8672e-08 1 0.000156 -0.000312 -0.000156 1 -0.00999501 -0.180797 0.0276969
FixedParameters: 0 0 0

#Transform 23
Transform: AffineTransform_float_3_3
Parameters: 1 -2.5675e-08 -0.000395 -2.5675e-08 1 -6.5e-05 0.000395 6.5e-05 1 0.00752848 -0.168987 -0.0139807
FixedParameters: 0 0 0

#Transform 24
Transform: AffineTransform_float_3_3
Parameters: 1 0.000249007 -0.000162989 -0.000248993 1 4.40406e-05 0.000163011 -4.39594e-05 1 -0.0112373 -0.139622 -0.0260516
FixedParameters: 0 0 0

#Transform 25
Transform: AffineTransform_float_3_3
Parameters: 1 3.5568e-08 -0.000494 3.5568e-08 1 7.2e-05 0.000494 -7.2e-05 1 0.00310181 -0.0664794 -0.0467895
FixedParameters: 0 0 0

#Transform 26
Transform: AffineTransform_float_3_3
Parameters: 1 0.000222011 -0.000280991 -0.000221988 1 4.10624e-05 0.000281009 -4.09376e-05 1 -0.0138877 -0.00328571 -0.0404895
FixedParameters: 0 0 0

#Transform 27
Transform: AffineTransform_float_3_3
Parameters: 1 -8.2333e-08 -0.000293 -8.2333e-08 1 -0.000281 0.000293 0.000281 1 0.00827827 0.119894 -0.0517011
FixedParameters: 0 0 0

#Transform 28
Transform: AffineTransform_float_3_3
Parameters: 1 1.643e-08 -0.00031 1.643e-08 1 5.3e-05 0.00031 -5.3e-05 1 -0.00786619 0.11191 -0.0168259
FixedParameters: 0 0 0

#Transform 29
Transform: AffineTransform_float_3_3
Parameters: 1 0.000210995 -0.000578001 -0.000211005 1 -7.87804e-06 0.000577998 8.12195e-06 1 0.0100177 0.0940662 -0.0168649
FixedParameters: 0 0 0

#Transform 30
Transform: AffineTransform_float_3_3
Parameters: 1 0.000456009 -0.000162976 -0.000455991 1 5.30743e-05 0.000163024 -5.29257e-05 1 -0.0243871 -0.0256995 -0.0219022
FixedParameters: 0 0 0

#Transform 31
Transform: AffineTransform_float_3_3
Parameters: 0.999999 0.000745071 -0.000263797 -0.000745928 0.999999 0.000272197 0.000264203 -0.000271803 1 -0.0362303 -0.144691 -0.0163094
FixedParameters: 0 0 0

#Transform 32
Transform: AffineTransform_float_3_3
Parameters: 0.999999 0.000912106 -0.000162403 -0.000912893 1 0.000654149 0.000163597 -0.000653851 1 -0.0423004 -0.195097 -0.0184431
FixedParameters: 0 0 0

#Transform 33
Transform: AffineTransform_float_3_3
Parameters: 0.999999 0.0012551 -0.000162223 -0.0012549 0.999999 0.000619204 0.000163777 -0.000618795 1 -0.0562066 -0.195633 -0.0336005
FixedParameters: 0 0 0

#Transform 34
Transform: AffineTransform_float_3_3
Parameters: 0.999999 0.00125516 -0.000161756 -0.00125484 0.999998 0.000991203 0.000163243 -0.000990795 0.999999 -0.0546308 -0.156841 -0.0402757
FixedParameters: 0 0 0

#Transform 35
Transform: AffineTransform_float_3_3
Parameters: 1 0.00112847 -0.000439786 -0.00112853 0.999999 0.0010765 0.000440215 -0.0010755 1 -0.0499698 -0.0616398 -0.0477327
FixedParameters: 0 0 0

#Transform 36
Transform: AffineTransform_float_3_3
Parameters: 0.999999 0.00125577 -0.000846854 -0.00125523 0.999999 0.000913064 0.000848146 -0.000911936 0.999999 -0.048541 0.0213497 -0.0362678
FixedParameters: 0 0 0

#Transform 37
Transform: AffineTransform_float_3_3
Parameters: 0.999998 0.00125606 -0.00140806 -0.00125495 0.999999 0.000749768 0.00140894 -0.000748231 0.999998 -0.0411869 0.0707507 -0.0513383
FixedParameters: 0 0 0

#Transform 38
Transform: AffineTransform_float_3_3
Parameters: 0.999998 0.00125655 -0.00165582 -0.00125545 0.999999 0.000939081 0.00165718 -0.00093692 0.999998 -0.0289535 0.0126697 -0.0221558
FixedParameters: 0 0 0

#Transform 39
Transform: AffineTransform_float_3_3
Parameters: 0.999998 0.00125738 -0.00169023 -0.00125562 0.999998 0.00140613 0.00169176 -0.00140388 0.999997 -0.0364114 -0.0492036 0.0102935
FixedParameters: 0 0 0

#Transform 40
Transform: AffineTransform_float_3_3
Parameters: 0.999998 0.00125723 -0.00147109 -0.00125477 0.999998 0.00151885 0.00147291 -0.00151715 0.999998 -0.0385586 -0.116415 0.00760444
FixedParameters: 0 0 0

#Transform 41
Transform: AffineTransform_float_3_3
Parameters: 0.999998 0.00125705 -0.00147626 -0.00125495 0.999998 0.00138886 0.00147774 -0.00138715 0.999998 -0.0384303 -0.148159 -0.03167
FixedParameters: 0 0 0

#Transform 42
Transform: AffineTransform_float_3_3
Parameters: 0.999999 0.00125631 -0.0013758 -0.00125569 0.999999 0.000952729 0.00137619 -0.000950272 0.999998 -0.0459366 -0.116768 -0.0427898
FixedParameters: 0 0 0

#Transform 43
Transform: AffineTransform_float_3_3
Parameters: 0.999998 0.001257 -0.00157741 -0.00125501 0.999999 0.00126498 0.00157859 -0.00126302 0.999998 -0.0359434 -0.0565434 -0.0455509
FixedParameters: 0 0 0

#Transform 44
Transform: AffineTransform_float_3_3
Parameters: 0.999997 0.00130698 -0.00170148 -0.00130502 0.999998 0.00116322 0.00170252 -0.00116178 0.999998 -0.0342357 -0.0542274 -0.0361681
FixedParameters: 0 0 0

#Transform 45
Transform: AffineTransform_float_3_3
Parameters: 0.999998 0.001257 -0.00184363 -0.00125499 0.999998 0.00108832 0.00184537 -0.00108568 0.999997 -0.0295374 -0.0522404 -0.0509946
FixedParameters: 0 0 0

#Transform 46
Transform: AffineTransform_float_3_3
Parameters: 0.999997 0.00125745 -0.00172922 -0.00125555 0.999998 0.00141618 0.00173178 -0.00141383 0.999998 -0.0360475 -0.102605 -0.0134799
FixedParameters: 0 0 0

#Transform 47
Transform: AffineTransform_float_3_3
Parameters: 0.999997 0.00125824 -0.0017687 -0.00125476 0.999998 0.00183322 0.0017713 -0.00183078 0.999997 -0.0384586 -0.11246 -0.00935865
FixedParameters: 0 0 0

#Transform 48
Transform: AffineTransform_float_3_3
Parameters: 0.999997 0.00140693 -0.00167254 -0.00140407 0.999998 0.00175335 0.00167446 -0.00175165 0.999997 -0.0574762 -0.111269 -0.0063964
FixedParameters: 0 0 0

#Transform 49
Transform: AffineTransform_float_3_3
Parameters: 0.999997 0.00154439 -0.00180109 -0.00154161 0.999997 0.00188478 0.00180391 -0.00188122 0.999996 -0.0544093 -0.100827 -0.0183432
FixedParameters: 0 0 0

#Transform 50
Transform: AffineTransform_float_3_3
Parameters: 0.999997 0.00163618 -0.001732 -0.00163282 0.999997 0.00183383 0.001735 -0.00183117 0.999997 -0.0607039 -0.0811108 -0.0198242
FixedParameters: 0 0 0

#Transform 51
Transform: AffineTransform_float_3_3
Parameters: 0.999996 0.00173861 -0.00196982 -0.00173539 0.999997 0.00183443 0.00197318 -0.00183058 0.999997 -0.0506862 -0.0629072 -0.0188874
FixedParameters: 0 0 0

#Transform 52
Transform: AffineTransform_float_3_3
Parameters: 0.999996 0.0017116 -0.00190778 -0.0017084 0.999997 0.00188527 0.00191022 -0.00188274 0.999997 -0.062013 -0.0297239 -0.0228596
FixedParameters: 0 0 0

#Transform 53
Transform: AffineTransform_float_3_3
Parameters: 0.999997 0.00162114 -0.00217693 -0.00161686 0.999997 0.00190053 0.00218007 -0.00189647 0.999996 -0.0452565 -0.0377005 -0.0376333
FixedParameters: 0 0 0

#Transform 54
Transform: AffineTransform_float_3_3
Parameters: 0.999996 0.00156884 -0.00207611 -0.00156516 0.999997 0.00184826 0.00207889 -0.00184475 0.999996 -0.0511829 -0.0624784 -0.0393037
FixedParameters: 0 0 0

#Transform 55
Transform: AffineTransform_float_3_3
Parameters: 0.999997 0.0015672 -0.00222034 -0.0015628 0.999996 0.00234048 0.00222466 -0.00233652 0.999995 -0.0457037 -0.132459 0.00172175
FixedParameters: 0 0 0

#Transform 56
Transform: AffineTransform_float_3_3
Parameters: 0.999996 0.00178975 -0.00207491 -0.00178525 0.999996 0.00228971 0.00207909 -0.00228629 0.999995 -0.0611544 -0.142972 0.0178262
FixedParameters: 0 0 0

#Transform 57
Transform: AffineTransform_float_3_3
Parameters: 0.999996 0.00175633 -0.00213162 -0.00175068 0.999996 0.00249674 0.00213637 -0.00249326 0.999994 -0.0580858 -0.167799 0.010826
FixedParameters: 0 0 0

#Transform 58
Transform: AffineTransform_float_3_3
Parameters: 0.999997 0.00172404 -0.00207482 -0.00171896 0.999995 0.00242857 0.00207918 -0.00242542 0.999995 -0.0573219 -0.127397 0.0141069
FixedParameters: 0 0 0

#Transform 59
Transform: AffineTransform_float_3_3
Parameters: 0.999997 0.00166717 -0.00212974 -0.00166283 0.999996 0.00195755 0.00213326 -0.00195445 0.999996 -0.0540664 -0.0727826 -0.0161458
FixedParameters: 0 0 0

#Transform 60
Transform: AffineTransform_float_3_3
Parameters: 0.999996 0.0015231 -0.00260803 -0.0015179 0.999997 0.00195797 0.00261097 -0.00195403 0.999994 -0.0324959 -0.0239522 -0.0274311
FixedParameters: 0 0 0

#Transform 61
Transform: AffineTransform_float_3_3
Parameters: 0.999996 0.00161461 -0.00254208 -0.00161039 0.999997 0.0018141 0.00254492 -0.0018099 0.999995 -0.0319076 -0.0304079 -0.0311346
FixedParameters: 0 0 0

#Transform 62
Transform: AffineTransform_float_3_3
Parameters: 0.999996 0.00168692 -0.00228311 -0.00168308 0.999997 0.00171585 0.00228589 -0.00171215 0.999996 -0.0459083 -0.0352732 -0.0608955
FixedParameters: 0 0 0

#Transform 63
Transform: AffineTransform_float_3_3
Parameters: 0.999997 0.00168332 -0.00207469 -0.00167868 0.999996 0.00256449 0.00207931 -0.00256051 0.999994 -0.0645085 -0.117413 0.0395337
FixedParameters: 0 0 0

#Transform 64
Transform: AffineTransform_float_3_3
Parameters: 0.999995 0.00210447 -0.00207447 -0.00209953 0.999996 0.00215436 0.00207952 -0.00214963 0.999995 -0.0771187 -0.147516 0.0296926
FixedParameters: 0 0 0

#Transform 65
Transform: AffineTransform_float_3_3
Parameters: 0.999997 0.00199342 -0.00155763 -0.00198957 0.999995 0.00219611 0.00156237 -0.00219289 0.999997 -0.0871075 -0.161033 -0.00686016
FixedParameters: 0 0 0

#Transform 66
Transform: AffineTransform_float_3_3
Parameters: 0.999996 0.00212614 -0.00145542 -0.00212286 0.999996 0.0021551 0.00145957 -0.0021519 0.999996 -0.0869358 -0.147869 -0.0176762
FixedParameters: 0 0 0

#Transform 67
Transform: AffineTransform_float_3_3
Parameters: 0.999997 0.00211014 -0.00161691 -0.00210686 0.999996 0.00194041 0.00162109 -0.00193659 0.999997 -0.0914408 -0.0748933 -0.0415826
FixedParameters: 0 0 0

#Transform 68
Transform: AffineTransform_float_3_3
Parameters: 0.999996 0.00201183 -0.00194605 -0.00200817 0.999996 0.00196692 0.00194995 -0.00196209 0.999996 -0.0700093 -0.0493775 -0.0254669
FixedParameters: 0 0 0

#Transform 69
Transform: AffineTransform_float_3_3
Parameters: 0.999996 0.00201222 -0.00230132 -0.00200779 0.999997 0.00183163 0.00230468 -0.00182737 0.999995 -0.0593511 -0.0195962 -0.0274625
FixedParameters: 0 0 0

#Transform 70
Transform: AffineTransform_float_3_3
Parameters: 0.999996 0.00194252 -0.00215293 -0.00193748 0.999996 0.00210018 0.00215707 -0.00209582 0.999996 -0.0645199 -0.0291025 -0.00660948
FixedParameters: 0 0 0

#Transform 71
Transform: AffineTransform_float_3_3
Parameters: 0.999996 0.00201344 -0.00230627 -0.00200756 0.999995 0.00235664 0.00231173 -0.00235236 0.999994 -0.0788593 -0.108142 0.0515684
FixedParameters: 0 0 0

#Transform 72
Transform: AffineTransform_float_3_3
Parameters: 0.999995 0.00201289 -0.00215244 -0.00200811 0.999996 0.00227033 0.00215656 -0.00226567 0.999995 -0.0737248 -0.0940254 0.048614
FixedParameters: 0 0 0

#Transform 73
Transform: AffineTransform_float_3_3
Parameters: 0.999995 0.00201444 -0.0024888 -0.00200756 0.999994 0.00258801 0.0024942 -0.00258299 0.999993 -0.0715049 -0.121656 0.0456108
FixedParameters: 0 0 0

#Transform 74
Transform: AffineTransform_float_3_3
Parameters: 0.999995 0.00230384 -0.00221297 -0.00229916 0.999995 0.0021871 0.00221803 -0.0021819 0.999995 -0.0940979 -0.0951514 0.0171535
FixedParameters: 0 0 0

#Transform 75
Transform: AffineTransform_float_3_3
Parameters: 0.999995 0.00231613 -0.00215257 -0.00231187 0.999996 0.00191699 0.00215743 -0.00191201 0.999996 -0.0956939 -0.0379395 0.0103014
FixedParameters: 0 0 0

#Transform 76
Transform: AffineTransform_float_3_3
Parameters: 0.999994 0.00218097 -0.00242643 -0.00217703 0.999997 0.00163829 0.00243056 -0.00163271 0.999995 -0.0739148 0.00277897 0.00475637
FixedParameters: 0 0 0

#Transform 77
Transform: AffineTransform_float_3_3
Parameters: 0.999995 0.00207311 -0.00229529 -0.00206889 0.999997 0.00179176 0.0022987 -0.00178624 0.999996 -0.0697333 -0.00197368 0.00786658
FixedParameters: 0 0 0

#Transform 78
Transform: AffineTransform_float_3_3
Parameters: 0.999995 0.00201172 -0.00215353 -0.00200728 0.999997 0.00172933 0.00215647 -0.00172467 0.999996 -0.0743752 -0.0764112 0.00584621
FixedParameters: 0 0 0

#Transform 79
Transform: AffineTransform_float_3_3
Parameters: 0.999996 0.00201308 -0.0023156 -0.00200792 0.999995 0.00219266 0.0023204 -0.00218834 0.999995 -0.0724305 -0.172701 0.0474414
FixedParameters: 0 0 0

#Transform 80
Transform: AffineTransform_float_3_3
Parameters: 0.999995 0.00201231 -0.00215298 -0.00200769 0.999996 0.00200133 0.00215702 -0.00199767 0.999995 -0.0720102 -0.152968 0.0319743
FixedParameters: 0 0 0

#Transform 81
Transform: AffineTransform_float_3_3
Parameters: 0.999995 0.0020122 -0.00215308 -0.0020078 0.999996 0.00195133 0.00215692 -0.00194667 0.999996 -0.0813299 -0.13629 0.0306133
FixedParameters: 0 0 0

#Transform 82
Transform: AffineTransform_float_3_3
Parameters: 0.999995 0.00201254 -0.00215277 -0.00200746 0.999996 0.00210833 0.00215723 -0.00210367 0.999996 -0.0797564 -0.0972851 0.000420179
FixedParameters: 0 0 0

#Transform 83
Transform: AffineTransform_float_3_3
Parameters: 0.999995 0.0021837 -0.00221236 -0.0021803 0.999996 0.00167183 0.00221664 -0.00166617 0.999996 -0.0822972 -0.0683986 -0.0216578
FixedParameters: 0 0 0

#Transform 84
Transform: AffineTransform_float_3_3
Parameters: 0.999993 0.00243865 -0.00257773 -0.00243135 0.999993 0.00257828 0.00258427 -0.00257271 0.999994 -0.0877392 -0.00736712 0.0166922
FixedParameters: 0 0 0

#Transform 85
Transform: AffineTransform_float_3_3
Parameters: 0.999994 0.00225508 -0.00232802 -0.00225192 0.999997 0.00132425 0.00233098 -0.00131875 0.999997 -0.0733811 0.00258176 -0.00865898
FixedParameters: 0 0 0

#Transform 86
Transform: AffineTransform_float_3_3
Parameters: 0.999994 0.00222273 -0.00264386 -0.00221926 0.999996 0.00141487 0.00264713 -0.00140812 0.999995 -0.0717201 0.0159543 -0.00305192
FixedParameters: 0 0 0

#Transform 87
Transform: AffineTransform_float_3_3
Parameters: 0.999995 0.0020123 -0.00240341 -0.0020077 0.999997 0.00178884 0.00240659 -0.00178417 0.999996 -0.0699055 -0.0982857 0.0315472
FixedParameters: 0 0 0

#Transform 88
Transform: AffineTransform_float_3_3
Parameters: 0.999994 0.00208559 -0.00259552 -0.00207941 0.999995 0.00215441 0.00260048 -0.00214859 0.999995 -0.0633041 -0.152859 0.0304248
FixedParameters: 0 0 0

#Transform 89
Transform: AffineTransform_float_3_3
Parameters: 0.999994 0.00201391 -0.00257639 -0.00200809 0.999996 0.00229319 0.00258061 -0.00228782 0.999994 -0.0644189 -0.152785 0.0223479
FixedParameters: 0 0 0

#Transform 90
Transform: AffineTransform_float_3_3
Parameters: 0.999994 0.00201391 -0.00257639 -0.00200809 0.999996 0.00229319 0.00258061 -0.00228782 0.999994 -0.061998 -0.152764 0.0336362
FixedParameters: 0 0 0

#Transform 91
Transform: AffineTransform_float_3_3
Parameters: 0.999994 0.00178985 -0.00290301 -0.00178515 0.999997 0.00167419 0.00290599 -0.00166881 0.999995 -0.0485235 -0.069062 -0.000363429
FixedParameters: 0 0 0

#Transform 92
Transform: AffineTransform_float_3_3
Parameters: 0.999994 0.00201031 -0.0025792 -0.00200769 0.999997 0.000896183 0.0025808 -0.000891816 0.999997 -0.0616153 -0.0257549 -0.015806
FixedParameters: 0 0 0

#Transform 93
Transform: AffineTransform_float_3_3
Parameters: 0.999993 0.00194581 -0.00315466 -0.0019422 0.999998 0.00120914 0.00315635 -0.00120287 0.999995 -0.0437964 0.0130641 -0.0133221
FixedParameters: 0 0 0

#Transform 94
Transform: AffineTransform_float_3_3
Parameters: 0.999994 0.0020123 -0.00257764 -0.00200769 0.999996 0.00167218 0.00258136 -0.00166681 0.999996 -0.0541509 -0.069239 0.0265363
FixedParameters: 0 0 0

#Transform 95
Transform: AffineTransform_float_3_3
Parameters: 0.999994 0.00158614 -0.00282756 -0.00157986 0.999997 0.00217248 0.00283043 -0.00216852 0.999993 -0.0277932 -0.108908 0.0392888
FixedParameters: 0 0 0

#Transform 96
Transform: AffineTransform_float_3_3
Parameters: 0.999996 0.00153163 -0.00244811 -0.00152737 0.999997 0.00189375 0.00245089 -0.00188925 0.999995 -0.0371433 -0.101985 0.0210214
FixedParameters: 0 0 0

#Transform 97
Transform: AffineTransform_float_3_3
Parameters: 0.999996 0.00124812 -0.00257853 -0.00124288 0.999998 0.00198621 0.00258047 -0.00198279 0.999994 -0.0178034 -0.102974 0.0031156
FixedParameters: 0 0 0

#Transform 98
Transform: AffineTransform_float_3_3
Parameters: 0.999996 0.00125206 -0.00257903 -0.00124794 0.999998 0.00157523 0.00258097 -0.00157278 0.999996 -0.0243192 -0.0573467 -0.00674396
FixedParameters: 0 0 0

#Transform 99
Transform: AffineTransform_float_3_3
Parameters: 0.999995 0.00119813 -0.0028973 -0.00119387 0.999999 0.00142547 0.0028997 -0.00142153 0.999995 -0.015406 -0.0110534 -0.0165635
FixedParameters: 0 0 0

#Transform 100
Transform: AffineTransform_float_3_3
Parameters: 0.999996 0.00152889 -0.00257988 -0.00152711 0.999998 0.000734943 0.00258112 -0.000731057 0.999997 -0.0308788 0.0164174 -0.0199521
FixedParameters: 0 0 0

#Transform 101
Transform: AffineTransform_float_3_3
Parameters: 0.999994 0.00128517 -0.00299164 -0.00128183 0.999998 0.00105984 0.00299336 -0.00105616 0.999995 -0.0153114 -0.0186535 -0.0113062
FixedParameters: 0 0 0

#Transform 102
Transform: AffineTransform_float_3_3
Parameters: 0.999994 0.00130719 -0.00300819 -0.00130281 0.999998 0.00139293 0.00300982 -0.00138907 0.999995 -0.015689 -0.0964325 0.0292179
FixedParameters: 0 0 0

#Transform 103
Transform: AffineTransform_float_3_3
Parameters: 0.999994 0.00153181 -0.00291347 -0.00152719 0.999998 0.00165446 0.00291553 -0.00164954 0.999995 -0.0234352 -0.134698 0.0351309
FixedParameters: 0 0 0

#Transform 104
Transform: AffineTransform_float_3_3
Parameters: 0.999997 0.000838572 -0.00257952 -0.000834431 0.999998 0.00177216 0.00258048 -0.00177084 0.999995 0.00365378 -0.129022 0.00736145
FixedParameters: 0 0 0

#Transform 105
Transform: AffineTransform_float_3_3
Parameters: 0.999996 0.000757603 -0.00297158 -0.000752396 0.999998 0.00188624 0.00297342 -0.00188376 0.999994 0.0149428 -0.120462 0.00418327
FixedParameters: 0 0 0

#Transform 106
Transform: AffineTransform_float_3_3
Parameters: 0.999995 0.000591285 -0.00304898 -0.000585716 0.999999 0.00173379 0.00305002 -0.00173221 0.999994 0.0207625 -0.0719371 -0.0212193
FixedParameters: 0 0 0

#Transform 107
Transform: AffineTransform_float_3_3
Parameters: 0.999994 0.00059011 -0.00323325 -0.00058589 0.999999 0.0012719 0.00323375 -0.0012701 0.999994 0.0302204 -0.0223233 -0.0199403
FixedParameters: 0 0 0

#Transform 108
Transform: AffineTransform_float_3_3
Parameters: 0.999993 0.000589389 -0.00353744 -0.000585611 1 0.000959078 0.00353756 -0.000956922 0.999994 0.0464433 0.0369394 -0.0353558
FixedParameters: 0 0 0

#Transform 109
Transform: AffineTransform_float_3_3
Parameters: 0.999993 0.000590245 -0.00364331 -0.000585755 0.999999 0.00116614 0.00364368 -0.00116386 0.999992 0.0337476 0.00590307 -0.0075752
FixedParameters: 0 0 0

#Transform 110
Transform: AffineTransform_float_3_3
Parameters: 0.999993 0.000725543 -0.00380495 -0.000720458 0.999998 0.00145775 0.00380605 -0.00145525 0.999991 0.0383538 -0.0649996 0.0326772
FixedParameters: 0 0 0

#Transform 111
Transform: AffineTransform_float_3_3
Parameters: 0.999993 0.000698581 -0.00364256 -0.000691416 0.999997 0.00208253 0.00364445 -0.00207947 0.999991 0.0273096 -0.135417 0.0374102
FixedParameters: 0 0 0

#Transform 112
Transform: AffineTransform_float_3_3
Parameters: 0.999993 0.00075658 -0.00364243 -0.000748418 0.999997 0.00208274 0.00364357 -0.00207926 0.999991 0.0263926 -0.119856 0.0180913
FixedParameters: 0 0 0

#Transform 113
Transform: AffineTransform_float_3_3
Parameters: 0.999994 0.000592894 -0.00344282 -0.000585106 0.999998 0.00200303 0.00344418 -0.00200097 0.999992 0.0256034 -0.112801 0.017813
FixedParameters: 0 0 0

#Transform 114
Transform: AffineTransform_float_3_3
Parameters: 0.999992 0.000747074 -0.00374279 -0.000740926 0.999999 0.00162379 0.0037442 -0.00162121 0.999991 0.034097 -0.0404344 0.00740447
FixedParameters: 0 0 0

#Transform 115
Transform: AffineTransform_float_3_3
Parameters: 0.999992 0.000591883 -0.00397213 -0.000585116 0.999998 0.00148234 0.00397287 -0.00147966 0.999991 0.0483839 -0.0139122 0.00496143
FixedParameters: 0 0 0

#Transform 116
Transform: AffineTransform_float_3_3
Parameters: 0.999991 0.000590557 -0.00410634 -0.000585445 0.999999 0.00111041 0.00410665 -0.00110858 0.999991 0.0460069 0.0261517 0.00946135
FixedParameters: 0 0 0

#Transform 117
Transform: AffineTransform_float_3_3
Parameters: 0.999991 0.00109064 -0.00406403 -0.00108736 0.999999 0.000897427 0.00406498 -0.000892575 0.999992 0.023875 -0.000103746 0.00111686
FixedParameters: 0 0 0

#Transform 118
Transform: AffineTransform_float_3_3
Parameters: 0.999992 0.000910262 -0.00387677 -0.000904739 0.999998 0.00135852 0.00387823 -0.00135548 0.999991 0.0268088 -0.0906273 0.0455013
FixedParameters: 0 0 0

#Transform 119
Transform: AffineTransform_float_3_3
Parameters: 0.999992 0.000930742 -0.00374482 -0.000925258 0.999999 0.00126747 0.00374617 -0.00126452 0.999992 0.0268267 -0.103 0.0392223
FixedParameters: 0 0 0

#Transform 120
Transform: AffineTransform_float_3_3
Parameters: 0.999992 0.000936898 -0.00382432 -0.000930101 0.999998 0.00180557 0.00382568 -0.00180143 0.999991 0.0185449 -0.115813 0.0313182
FixedParameters: 0 0 0

#Transform 121
Transform: AffineTransform_float_3_3
Parameters: 0.999992 0.00114016 -0.0036427 -0.00113584 0.999998 0.00114415 0.0036443 -0.00113985 0.999992 0.00351733 -0.0823236 0.00527629
FixedParameters: 0 0 0

#Transform 122
Transform: AffineTransform_float_3_3
Parameters: 0.999992 0.00136747 -0.0039498 -0.00136453 0.999998 0.000881397 0.0039512 -0.000875604 0.999992 0.0050622 -0.0209648 -0.00985178
FixedParameters: 0 0 0

#Transform 123
Transform: AffineTransform_float_3_3
Parameters: 0.999991 0.00136668 -0.00404509 -0.00136432 0.999999 0.000665524 0.0040459 -0.000660476 0.999991 0.00678639 0.0680996 -0.0150728
FixedParameters: 0 0 0

#Transform 124
Transform: AffineTransform_float_3_3
Parameters: 0.999989 0.00131657 -0.00446024 -0.00131344 0.999999 0.000577864 0.00446076 -0.000572133 0.99999 0.0148998 0.040657 -0.0256783
FixedParameters: 0 0 0

#Transform 125
Transform: AffineTransform_float_3_3
Parameters: 0.999989 0.00136701 -0.0045401 -0.00136399 0.999999 0.0006662 0.00454091 -0.0006608 0.99999 0.0108591 0.00758651 -0.0445792
FixedParameters: 0 0 0

#Transform 126
Transform: AffineTransform_float_3_3
Parameters: 0.99999 0.00162694 -0.00412405 -0.00162106 0.999998 0.0012007 0.00412594 -0.0011943 0.999991 -0.0209772 -0.0971006 0.00373453
FixedParameters: 0 0 0

#Transform 127
Transform: AffineTransform_float_3_3
Parameters: 0.999991 0.0015264 -0.00412401 -0.0015206 0.999998 0.00131128 0.00412599 -0.00130471 0.99999 -0.00890014 -0.142404 0.0246322
FixedParameters: 0 0 0

#Transform 128
Transform: AffineTransform_float_3_3
Parameters: 0.999992 0.00178858 -0.00376483 -0.00178442 0.999997 0.00121973 0.00376617 -0.00121227 0.999992 -0.0245298 -0.121782 0.0241915
FixedParameters: 0 0 0

#Transform 129
Transform: AffineTransform_float_3_3
Parameters: 0.999992 0.00183447 -0.00359672 -0.00182953 0.999997 0.00124559 0.00359927 -0.00123941 0.999993 -0.037436 -0.117027 0.00243461
FixedParameters: 0 0 0

#Transform 130
Transform: AffineTransform_float_3_3
Parameters: 0.999991 0.00188882 -0.00376709 -0.00188518 0.999997 0.00101811 0.00376892 -0.00101089 0.999993 -0.0349923 -0.0162202 -0.00237966
FixedParameters: 0 0 0

#Transform 131
Transform: AffineTransform_float_3_3
Parameters: 0.99999 0.00177849 -0.0041195 -0.00177552 0.999998 0.000849323 0.0041205 -0.00084268 0.999991 -0.022921 0.0485321 -0.0315611
FixedParameters: 0 0 0

#Transform 132
Transform: AffineTransform_float_3_3
Parameters: 0.999989 0.00176427 -0.00432267 -0.00176073 0.999998 0.00076062 0.00432433 -0.000752379 0.999991 -0.00712653 0.0386712 -0.0327747
FixedParameters: 0 0 0

#Transform 133
Transform: AffineTransform_float_3_3
Parameters: 0.99999 0.00183559 -0.00390879 -0.00183341 0.999998 0.000665173 0.00390921 -0.000657831 0.999992 -0.0126165 0.0392805 -0.0845268
FixedParameters: 0 0 0

#Transform 134
Transform: AffineTransform_float_3_3
Parameters: 0.99999 0.00193501 -0.00390801 -0.00193098 0.999997 0.00103156 0.00390998 -0.00102344 0.999992 -0.021666 -0.0561842 -0.0309742
FixedParameters: 0 0 0

#Transform 135
Transform: AffineTransform_float_3_3
Parameters: 0.999992 0.00188277 -0.00371659 -0.00187823 0.999998 0.00128599 0.00371841 -0.00127901 0.999993 -0.041252 -0.112893 0.0907233
FixedParameters: 0 0 0

#Transform 136
Transform: AffineTransform_float_3_3
Parameters: 0.999994 0.00137202 -0.00295229 -0.00136398 0.999996 0.00271604 0.00295571 -0.00271196 0.999992 -0.0778548 -0.202775 0.582229
FixedParameters: 0 0 0

#Transform 137
Transform: AffineTransform_float_3_3
Parameters: 0.999998 0.000378072 -0.0015545 -0.000375929 0.999999 0.00133259 0.0015545 -0.00133241 0.999998 0.0155709 -0.0564115 0.30428
FixedParameters: 0 0 0

#Transform 138
Transform: AffineTransform_float_3_3
Parameters: 0.999996 0.00261802 -0.00105694 -0.00261897 0.999996 2.57682e-05 0.00105706 -2.32326e-05 0.999999 0.0334367 0.101939 -0.701229
FixedParameters: 0 0 0

#Transform 139
Transform: AffineTransform_float_3_3
Parameters: 0.999999 0.00130198 -1.44908e-05 -0.00130201 0.999998 -0.00114498 1.25092e-05 0.00114502 1 0.0172553 -0.141537 -0.391567
FixedParameters: 0 0 0

#Transform 140
Transform: AffineTransform_float_3_3
Parameters: 0.999997 0.000730651 0.00235665 -0.000631378 0.999135 -0.0415926 -0.00238432 0.0415914 0.999132 0.332628 -0.117085 -2.03707
FixedParameters: 0 0 0

#Transform 141
Transform: AffineTransform_float_3_3
Parameters: 0.999988 -0.000576638 0.0048542 0.00111734 0.993701 -0.112064 -0.00475876 0.112068 0.993689 0.329155 0.94274 -3.50413
FixedParameters: 0 0 0

#Transform 142
Transform: AffineTransform_float_3_3
Parameters: 0.999981 -0.00318972 0.00540092 0.00367729 0.995663 -0.0929539 -0.00508115 0.092972 0.995656 0.421973 0.998327 -3.35428
FixedParameters: 0 0 0

#Transform 143
Transform: AffineTransform_float_3_3
Parameters: 0.999986 -0.00346716 0.00399281 0.00369685 0.998247 -0.059072 -0.0037812 0.0590859 0.998245 0.340706 0.627545 -2.3596
FixedParameters: 0 0 0

#Transform 144
Transform: AffineTransform_float_3_3
Parameters: 0.999991 -0.00309273 0.00266014 0.00321526 0.998877 -0.0472578 -0.00251085 0.0472651 0.998879 0.283314 0.559206 -1.9676
FixedParameters: 0 0 0

#Transform 145
Transform: AffineTransform_float_3_3
Parameters: 0.999993 -0.00305486 0.00217531 0.00315117 0.998929 -0.0461495 -0.00203273 0.0461565 0.998932 0.293917 0.574441 -1.97062
FixedParameters: 0 0 0

#Transform 146
Transform: AffineTransform_float_3_3
Parameters: 0.999993 -0.003123 0.00208301 0.003215 0.998948 -0.0457326 -0.00193799 0.0457383 0.998951 0.293375 0.627636 -2.03637
FixedParameters: 0 0 0

#Transform 147
Transform: AffineTransform_float_3_3
Parameters: 0.999994 -0.00275871 0.00231157 0.00286031 0.998981 -0.0450277 -0.00218542 0.0450333 0.998983 0.262894 0.649029 -2.00318
FixedParameters: 0 0 0

#Transform 148
Transform: AffineTransform_float_3_3
Parameters: 0.999993 -0.00262826 0.00242773 0.00273375 0.999 -0.0446306 -0.00230828 0.0446363 0.999 0.272942 0.691341 -2.04131
FixedParameters: 0 0 0

#Transform 149
Transform: AffineTransform_float_3_3
Parameters: 0.999994 -0.00247156 0.00235594 0.00257144 0.999064 -0.0431852 -0.00224704 0.0431908 0.999065 0.270946 0.604053 -2.01776
FixedParameters: 0 0 0

#Transform 150
Transform: AffineTransform_float_3_3
Parameters: 0.999992 -0.00246082 0.00318488 0.00259819 0.999037 -0.0438111 -0.00307411 0.0438189 0.999035 0.250851 0.5907 -2.03751
FixedParameters: 0 0 0

#Transform 151
Transform: AffineTransform_float_3_3
Parameters: 0.999995 -0.00242728 0.00211628 0.00251675 0.999073 -0.0429789 -0.00201068 0.0429841 0.999073 0.265556 0.511384 -1.91208
FixedParameters: 0 0 0

#Transform 152
Transform: AffineTransform_float_3_3
Parameters: 0.999995 -0.00265853 0.00206444 0.00274549 0.999068 -0.0430766 -0.00194853 0.0430824 0.999069 0.262664 0.529672 -1.90721
FixedParameters: 0 0 0

#Transform 153
Transform: AffineTransform_float_3_3
Parameters: 0.999994 -0.00253321 0.00225426 0.00262783 0.999067 -0.0430923 -0.00214375 0.0430976 0.999068 0.262482 0.539098 -1.90787
FixedParameters: 0 0 0

#Transform 154
Transform: AffineTransform_float_3_3
Parameters: 0.999995 -0.00260096 0.00207188 0.00268705 0.999085 -0.0426697 -0.00195912 0.0426743 0.999087 0.268552 0.57168 -1.92515
FixedParameters: 0 0 0

#Transform 155
Transform: AffineTransform_float_3_3
Parameters: 0.999995 -0.00246557 0.00206767 0.00255144 0.999077 -0.0428949 -0.00196035 0.0429 0.999077 0.261576 0.627074 -1.94522
FixedParameters: 0 0 0

#Transform 156
Transform: AffineTransform_float_3_3
Parameters: 0.999995 -0.00214501 0.00205374 0.002231 0.99908 -0.0428236 -0.00196025 0.0428284 0.99908 0.253831 0.661651 -2.00576
FixedParameters: 0 0 0

#Transform 157
Transform: AffineTransform_float_3_3
Parameters: 0.999995 -0.00231324 0.00205819 0.00239676 0.999129 -0.0416713 -0.00195982 0.0416758 0.99913 0.257981 0.607103 -1.95984
FixedParameters: 0 0 0

#Transform 158
Transform: AffineTransform_float_3_3
Parameters: 0.999995 -0.00229558 0.00216301 0.00238542 0.999102 -0.042287 -0.00206397 0.0422919 0.999103 0.260022 0.595989 -1.97006
FixedParameters: 0 0 0

#Transform 159
Transform: AffineTransform_float_3_3
Parameters: 0.999994 -0.00226733 0.00254427 0.00237366 0.999101 -0.0423302 -0.00244571 0.0423358 0.999101 0.249648 0.552698 -1.95746
FixedParameters: 0 0 0

#Transform 160
Transform: AffineTransform_float_3_3
Parameters: 0.999994 -0.00263171 0.00197899 0.00271329 0.999103 -0.0422618 -0.00186599 0.0422671 0.999104 0.267675 0.552996 -1.96526
FixedParameters: 0 0 0

#Transform 161
Transform: AffineTransform_float_3_3
Parameters: 0.999995 -0.00250034 0.00222854 0.00259264 0.999089 -0.0425965 -0.00211948 0.0426025 0.99909 0.261958 0.561044 -1.98072
FixedParameters: 0 0 0

#Transform 162
Transform: AffineTransform_float_3_3
Parameters: 0.999996 -0.00230571 0.00201927 0.00238828 0.999103 -0.0422674 -0.00191977 0.0422716 0.999105 0.258834 0.55314 -1.99974
FixedParameters: 0 0 0

#Transform 163
Transform: AffineTransform_float_3_3
Parameters: 0.999994 -0.00253492 0.0023733 0.00263307 0.999103 -0.042279 -0.00226369 0.042285 0.999103 0.258077 0.580338 -1.99366
FixedParameters: 0 0 0

#Transform 164
Transform: AffineTransform_float_3_3
Parameters: 0.999995 -0.0024088 0.0023423 0.00250519 0.999096 -0.0424224 -0.00223773 0.0424276 0.999097 0.272137 0.596895 -2.02834
FixedParameters: 0 0 0

#Transform 165
Transform: AffineTransform_float_3_3
Parameters: 0.999994 -0.00261034 0.00202339 0.00269264 0.999115 -0.0419878 -0.00191162 0.0419932 0.999116 0.284532 0.587105 -2.02084
FixedParameters: 0 0 0

#Transform 166
Transform: AffineTransform_float_3_3
Parameters: 0.999994 -0.00268157 0.00209557 0.00276845 0.999098 -0.0423905 -0.00198042 0.0423966 0.999099 0.284464 0.61407 -2.04859
FixedParameters: 0 0 0

#Transform 167
Transform: AffineTransform_float_3_3
Parameters: 0.999994 -0.00297919 0.0020542 0.00306381 0.99911 -0.042082 -0.00192677 0.042088 0.999112 0.293305 0.526436 -1.93811
FixedParameters: 0 0 0

#Transform 168
Transform: AffineTransform_float_3_3
Parameters: 0.999994 -0.00268767 0.0024218 0.00278531 0.999132 -0.0415605 -0.00230723 0.0415665 0.999133 0.277537 0.510765 -1.89572
FixedParameters: 0 0 0

#Transform 169
Transform: AffineTransform_float_3_3
Parameters: 0.999993 -0.00280884 0.00219513 0.00289816 0.999124 -0.0417299 -0.00207586 0.0417361 0.999127 0.285904 0.492229 -1.88524
FixedParameters: 0 0 0

#Transform 170
Transform: AffineTransform_float_3_3
Parameters: 0.999992 -0.00307711 0.00257386 0.0031819 0.999121 -0.0417932 -0.00244314 0.0418009 0.999123 0.287632 0.566185 -1.91052
FixedParameters: 0 0 0

#Transform 171
Transform: AffineTransform_float_3_3
Parameters: 0.999993 -0.00296703 0.0023846 0.00306299 0.999142 -0.041305 -0.0022604 0.041312 0.999143 0.28643 0.53614 -1.87385
FixedParameters: 0 0 0

#Transform 172
Transform: AffineTransform_float_3_3
Parameters: 0.999991 -0.00294337 0.00324254 0.00307565 0.999126 -0.0416884 -0.00311748 0.0416976 0.999126 0.278551 0.622479 -1.92084
FixedParameters: 0 0 0

#Transform 173
Transform: AffineTransform_float_3_3
Parameters: 0.999991 -0.00301632 0.00272762 0.0031267 0.999133 -0.0415268 -0.00260039 0.0415342 0.999133 0.285325 0.595592 -1.93068
FixedParameters: 0 0 0

#Transform 174
Transform: AffineTransform_float_3_3
Parameters: 0.999992 -0.00278392 0.00286654 0.00290105 0.999126 -0.041682 -0.00274745 0.04169 0.999127 0.274088 0.633033 -1.94145
FixedParameters: 0 0 0

#Transform 175
Transform: AffineTransform_float_3_3
Parameters: 0.999992 -0.00276683 0.00267068 0.00287418 0.999155 -0.0409946 -0.00255531 0.0410014 0.999156 0.275798 0.582655 -1.91795
FixedParameters: 0 0 0

#Transform 176
Transform: AffineTransform_float_3_3
Parameters: 0.999991 -0.00285671 0.00289561 0.00297431 0.999141 -0.0413477 -0.00277538 0.0413553 0.99914 0.276755 0.538904 -1.91421
FixedParameters: 0 0 0

#Transform 177
Transform: AffineTransform_float_3_3
Parameters: 0.999991 -0.00296062 0.00287182 0.00307439 0.999167 -0.0406775 -0.0027492 0.0406865 0.999168 0.273724 0.471458 -1.83802
FixedParameters: 0 0 0

#Transform 178
Transform: AffineTransform_float_3_3
Parameters: 0.999991 -0.00278906 0.00323108 0.00291598 0.999196 -0.0399729 -0.00311792 0.039982 0.999195 0.253951 0.468404 -1.81457
FixedParameters: 0 0 0

#Transform 179
Transform: AffineTransform_float_3_3
Parameters: 0.99999 -0.00303011 0.00306924 0.00315092 0.999187 -0.0401797 -0.00294576 0.0401893 0.999187 0.270204 0.493384 -1.8226
FixedParameters: 0 0 0

#Transform 180
Transform: AffineTransform_float_3_3
Parameters: 0.999991 -0.00299266 0.00324235 0.00312337 0.999155 -0.0409693 -0.00311764 0.0409787 0.999155 0.265925 0.557223 -1.85043
FixedParameters: 0 0 0

#Transform 181
Transform: AffineTransform_float_3_3
Parameters: 0.99999 -0.00294282 0.00316422 0.00306921 0.999169 -0.0406397 -0.00304277 0.0406493 0.999169 0.266353 0.579342 -1.87466
FixedParameters: 0 0 0

#Transform 182
Transform: AffineTransform_float_3_3
Parameters: 0.999991 -0.00262142 0.00353104 0.00276158 0.999191 -0.0401237 -0.00342294 0.0401324 0.999189 0.251691 0.632098 -1.86808
FixedParameters: 0 0 0

#Transform 183
Transform: AffineTransform_float_3_3
Parameters: 0.999991 -0.0026953 0.00320594 0.00282171 0.999188 -0.0401963 -0.00309507 0.0402047 0.999186 0.259298 0.583327 -1.8936
FixedParameters: 0 0 0

#Transform 184
Transform: AffineTransform_float_3_3
Parameters: 0.999991 -0.00265083 0.0034791 0.00278717 0.999207 -0.0397357 -0.0033709 0.0397453 0.999204 0.245595 0.569298 -1.82635
FixedParameters: 0 0 0

#Transform 185
Transform: AffineTransform_float_3_3
Parameters: 0.999991 -0.00279517 0.00313021 0.00291682 0.99921 -0.0396162 -0.0030168 0.0396248 0.99921 0.264001 0.459228 -1.81415
FixedParameters: 0 0 0

#Transform 186
Transform: AffineTransform_float_3_3
Parameters: 0.99999 -0.00287605 0.0033876 0.00300796 0.99921 -0.0396112 -0.00327141 0.0396208 0.99921 0.250203 0.502598 -1.79367
FixedParameters: 0 0 0

#Transform 187
Transform: AffineTransform_float_3_3
Parameters: 0.99999 -0.00306204 0.0030289 0.00317796 0.999232 -0.0390507 -0.0029071 0.0390593 0.999232 0.272909 0.477643 -1.78505
FixedParameters: 0 0 0

#Transform 188
Transform: AffineTransform_float_3_3
Parameters: 0.999989 -0.00288438 0.00350998 0.00302062 0.999224 -0.0392668 -0.00339399 0.0392772 0.999222 0.257019 0.511365 -1.76423
FixedParameters: 0 0 0

#Transform 189
Transform: AffineTransform_float_3_3
