#Insight Transform File V1.0
#Transform 0
Transform: AffineTransform_float_3_3
Parameters: 1 0.000284 1.25812e-07 -0.000284 1 0.000443 1.25812e-07 -0.000443 1 -0.0199395 -0.108088 0.180656
FixedParameters: 0 0 0

#Transform 1
Transform: AffineTransform_float_3_3
Parameters: 1 0.000193957 0.000134062 -0.000194043 1 0.000318974 -0.000134938 -0.000319026 1 -0.0146225 -0.10315 0.17232
FixedParameters: 0 0 0

#Transform 2
Transform: AffineTransform_float_3_3
Parameters: 1 0 0 0 1 0.000303 0 -0.000303 1 -0.025623 -0.0747027 0.0710968
FixedParameters: 0 0 0

#Transform 3
Transform: AffineTransform_float_3_3
Parameters: 1 4.94e-09 0.00019 4.94e-09 1 -2.6e-05 -0.00019 2.6e-05 1 -0.0114921 -0.0579202 0.0315593
FixedParameters: 0 0 0

#Transform 4
Transform: AffineTransform_float_3_3
Parameters: 1 0 0 0 1 0.000372 0 -0.000372 1 -0.017473 -0.0600665 0.0529053
FixedParameters: 0 0 0

#Transform 5
Transform: AffineTransform_float_3_3
Parameters: 1 6.39159e-05 0.000110049 -6.4084e-05 0.999999 0.000763993 -0.000109951 -0.000764007 0.999999 -0.0184332 -0.106177 0.131296
FixedParameters: 0 0 0

#Transform 6
Transform: AffineTransform_float_3_3
Parameters: 1 0.00014 9.086e-08 -0.00014 1 0.000649 9.086e-08 -0.000649 1 -0.0181379 -0.10644 0.130318
FixedParameters: 0 0 0

#Transform 7
Transform: AffineTransform_float_3_3
Parameters: 1 0.000393946 7.03029e-05 -0.000394054 0.999999 0.000768972 -6.9697e-05 -0.000769027 0.999999 -0.0188074 -0.0893846 0.13135
FixedParameters: 0 0 0

#Transform 8
Transform: AffineTransform_float_3_3
Parameters: 1 0.000149 7.8821e-08 -0.000149 1 0.000529 7.8821e-08 -0.000529 1 -0.0190836 -0.0755493 0.12177
FixedParameters: 0 0 0

#Transform 9
Transform: AffineTransform_float_3_3
Parameters: 1 9.40553e-05 -7.19277e-05 -9.39446e-05 0.999999 0.000769006 7.20722e-05 -0.000768993 0.999999 -0.012246 -0.0808526 0.131707
FixedParameters: 0 0 0

#Transform 10
Transform: AffineTransform_float_3_3
Parameters: 1 0.000423968 8.1167e-05 -0.000424032 1 0.000393966 -8.08329e-05 -0.000394034 1 -0.0159437 -0.0413648 0.0854641
FixedParameters: 0 0 0

#Transform 11
Transform: AffineTransform_float_3_3
Parameters: 1 9.24e-10 0.000132 9.24e-10 1 -7e-06 -0.000132 7e-06 1 -0.0140338 -0.0482158 -0.0158464
FixedParameters: 0 0 0

#Transform 12
Transform: AffineTransform_float_3_3
Parameters: 1 -0.000103974 0.000144019 0.000104026 1 -0.000181985 -0.000143981 0.000182015 1 0.00117436 -0.0196858 -0.0494284
FixedParameters: 0 0 0

#Transform 13
Transform: AffineTransform_float_3_3
Parameters: 1 -7.4448e-08 0.000132 -7.4448e-08 1 0.000564 -0.000132 -0.000564 1 -0.0121045 -0.0832189 0.0319743
FixedParameters: 0 0 0

#Transform 14
Transform: AffineTransform_float_3_3
Parameters: 1 -3.6093e-08 5.3e-05 -3.6093e-08 1 0.000681 -5.3e-05 -0.000681 1 -0.010475 -0.0959416 0.114517
FixedParameters: 0 0 0

#Transform 15
Transform: AffineTransform_float_3_3
Parameters: 1 7.09616e-05 5.30513e-05 -7.10383e-05 0.999999 0.000722996 -5.29486e-05 -0.000723003 0.999999 -0.014137 -0.114486 0.139562
FixedParameters: 0 0 0

#Transform 16
Transform: AffineTransform_float_3_3
Parameters: 1 8.59746e-05 5.30412e-05 -8.60254e-05 1 0.000478995 -5.29588e-05 -0.000479004 1 -0.0126576 -0.103526 0.135065
FixedParameters: 0 0 0

#Transform 17
Transform: AffineTransform_float_3_3
Parameters: 1 0.000132975 5.30637e-05 -0.000133025 1 0.000478993 -5.29363e-05 -0.000479007 1 -0.0100158 -0.093056 0.143519
FixedParameters: 0 0 0

#Transform 18
Transform: AffineTransform_float_3_3
Parameters: 1 -2.5387e-08 5.3e-05 -2.5387e-08 1 0.000479 -5.3e-05 -0.000479 1 4.45135e-05 -0.0731828 0.142577
FixedParameters: 0 0 0

#Transform 19
Transform: AffineTransform_float_3_3
Parameters: 1 6.39844e-05 5.30189e-05 -6.40156e-05 1 0.000294997 -5.29811e-05 -0.000295003 1 -0.0127552 -0.031021 0.0760924
FixedParameters: 0 0 0

#Transform 20
Transform: AffineTransform_float_3_3
Parameters: 1 -0.000222979 5.30899e-05 0.000223021 1 -0.000402988 -5.29101e-05 0.000403012 1 0.00452022 -0.0304235 -0.00337641
FixedParameters: 0 0 0

#Transform 21
Transform: AffineTransform_float_3_3
Parameters: 1 -1.3568e-08 5.3e-05 -1.3568e-08 1 0.000256 -5.3e-05 -0.000256 1 2.41603e-05 -0.0190554 0.00383686
FixedParameters: 0 0 0

#Transform 22
Transform: AffineTransform_float_3_3
Parameters: 1 -2.9468e-08 5.3e-05 -2.9468e-08 1 0.000556 -5.3e-05 -0.000556 1 -0.00505154 -0.0917623 0.103746
FixedParameters: 0 0 0

#Transform 23
Transform: AffineTransform_float_3_3
Parameters: 1 5.19699e-05 5.30295e-05 -5.203e-05 1 0.000566997 -5.29705e-05 -0.000567003 1 -0.00393419 -0.102446 0.131036
FixedParameters: 0 0 0

#Transform 24
Transform: AffineTransform_float_3_3
Parameters: 1 5.19767e-05 5.30229e-05 -5.20233e-05 1 0.000439997 -5.29771e-05 -0.000440003 1 -0.00469488 -0.121181 0.136265
FixedParameters: 0 0 0

#Transform 25
Transform: AffineTransform_float_3_3
Parameters: 1 8.89917e-05 5.30139e-05 -8.90083e-05 1 0.000155995 -5.29861e-05 -0.000156005 1 -0.00996246 -0.103443 0.126602
FixedParameters: 0 0 0

#Transform 26
Transform: AffineTransform_float_3_3
Parameters: 1 -8.427e-09 5.3e-05 -8.427e-09 1 0.000159 -5.3e-05 -0.000159 1 4.45238e-05 -0.10013 0.142769
FixedParameters: 0 0 0

#Transform 27
Transform: AffineTransform_float_3_3
Parameters: 1 -0.000287007 0.000254992 0.000286993 1 2.90732e-05 -0.000255008 -2.89268e-05 1 0.0121583 -0.0469721 0.0211858
FixedParameters: 0 0 0

#Transform 28
Transform: AffineTransform_float_3_3
Parameters: 1 -0.000405027 5.27886e-05 0.000404972 1 0.000522021 -5.32114e-05 -0.000521978 1 0.0224953 -0.0464786 0.0225021
FixedParameters: 0 0 0

#Transform 29
Transform: AffineTransform_float_3_3
Parameters: 1 -0.000189996 5.30141e-05 0.000190004 1 -7.39899e-05 -5.29859e-05 7.40101e-05 1 0.0120892 -0.064329 -0.00587372
FixedParameters: 0 0 0

#Transform 30
Transform: AffineTransform_float_3_3
Parameters: 1 -3.6517e-08 5.3e-05 -3.6517e-08 1 0.000689 -5.3e-05 -0.000689 1 1.78973e-05 -0.0970803 0.093214
FixedParameters: 0 0 0

#Transform 31
Transform: AffineTransform_float_3_3
Parameters: 1 -4.9502e-08 5.3e-05 -4.9502e-08 0.999999 0.000933999 -5.3e-05 -0.000933999 0.999999 0.000425198 -0.114129 0.155495
FixedParameters: 0 0 0

#Transform 32
Transform: AffineTransform_float_3_3
Parameters: 1 8.69985e-05 3.04359e-06 -8.70015e-05 1 0.000501 -2.95641e-06 -0.000501 1 -0.00309387 -0.106352 0.164309
FixedParameters: 0 0 0

#Transform 33
Transform: AffineTransform_float_3_3
Parameters: 1 -6.3984e-05 -3.50292e-05 6.40159e-05 1 0.000455998 3.49708e-05 -0.000456002 1 0.00250783 -0.0942686 0.167418
FixedParameters: 0 0 0

#Transform 34
Transform: AffineTransform_float_3_3
Parameters: 1 -2.4168e-08 5.3e-05 -2.4168e-08 1 0.000456 -5.3e-05 -0.000456 1 0.00437781 -0.089051 0.167026
FixedParameters: 0 0 0

#Transform 35
Transform: AffineTransform_float_3_3
Parameters: 1 4.32e-09 -1.8e-05 4.32e-09 1 0.00024 1.8e-05 -0.00024 1 0.00567097 -0.0631659 0.148117
FixedParameters: 0 0 0

#Transform 36
Transform: AffineTransform_float_3_3
Parameters: 1 -9.40037e-05 5.29934e-05 9.39963e-05 1 7.0005e-05 -5.30066e-05 -6.9995e-05 1 0.00939753 -0.0553711 0.0549529
FixedParameters: 0 0 0

#Transform 37
Transform: AffineTransform_float_3_3
Parameters: 1 -0.000144986 0.000198011 0.000145014 1 -7.29713e-05 -0.000197989 7.30287e-05 1 0.0197057 -0.04684 0.0174051
FixedParameters: 0 0 0

#Transform 38
Transform: AffineTransform_float_3_3
Parameters: 1 -0.000129996 5.30095e-05 0.000130004 1 -7.29931e-05 -5.29905e-05 7.30069e-05 1 0.0195124 -0.0355223 0.0178198
FixedParameters: 0 0 0

#Transform 39
Transform: AffineTransform_float_3_3
Parameters: 1 -0.000169034 5.28916e-05 0.000168966 1 0.000641009 -5.31083e-05 -0.000640991 1 0.0122992 -0.112872 0.0886629
FixedParameters: 0 0 0

#Transform 40
Transform: AffineTransform_float_3_3
Parameters: 1 -0.00018603 5.2893e-05 0.000185969 1 0.00057501 -5.31069e-05 -0.00057499 1 0.0154242 -0.126834 0.13471
FixedParameters: 0 0 0

#Transform 41
Transform: AffineTransform_float_3_3
Parameters: 1 -0.00036608 0.000236877 0.00036592 1 0.000335087 -0.000237123 -0.000335913 1 0.0220559 -0.151189 0.150749
FixedParameters: 0 0 0

#Transform 42
Transform: AffineTransform_float_3_3
Parameters: 1 -0.000333203 0.000448849 0.000332797 1 0.000452149 -0.00044815 -0.000451851 1 0.0238577 -0.142198 0.176015
FixedParameters: 0 0 0

#Transform 43
Transform: AffineTransform_float_3_3
Parameters: 0.999999 -0.000316917 0.000636041 0.000317083 1 -0.000130798 -0.000635958 0.000131202 1 0.0265259 -0.136366 0.133739
FixedParameters: 0 0 0

#Transform 44
Transform: AffineTransform_float_3_3
Parameters: 0.999999 -0.000692106 0.00125483 0.000699895 0.999984 -0.00550213 -0.00125117 0.00550287 0.999984 0.084946 -0.435967 -0.132837
FixedParameters: 0 0 0

#Transform 45
Transform: AffineTransform_float_3_3
Parameters: 0.999978 0.00231221 0.00629696 -0.00206879 0.999262 -0.0383589 -0.00638104 0.0383451 0.999244 0.202514 -1.64316 -0.686773
FixedParameters: 0 0 0

#Transform 46
Transform: AffineTransform_float_3_3
Parameters: 0.999987 0.0018713 0.00470343 -0.00174769 0.999652 -0.0262936 -0.00475159 0.0262854 0.999643 0.125719 -1.15951 -0.554377
FixedParameters: 0 0 0

#Transform 47
Transform: AffineTransform_float_3_3
Parameters: 0.999993 0.000852189 0.0034909 -0.000800809 0.999892 -0.0146389 -0.00350309 0.0146361 0.999887 0.132729 -0.753317 -0.102561
FixedParameters: 0 0 0

#Transform 48
Transform: AffineTransform_float_3_3
Parameters: 0.999995 0.000263158 0.00309974 -0.000234849 0.999958 -0.00908077 -0.00310126 0.00908023 0.999954 0.140127 -0.547104 0.214987
FixedParameters: 0 0 0

#Transform 49
Transform: AffineTransform_float_3_3
Parameters: 0.999997 0.000253715 0.0026943 -0.000234289 0.999976 -0.00694366 -0.00269569 0.00694334 0.999973 0.125231 -0.418102 0.279251
FixedParameters: 0 0 0

#Transform 50
Transform: AffineTransform_float_3_3
Parameters: 0.999996 0.000258321 0.00289401 -0.000234679 0.999967 -0.00805571 -0.00289598 0.00805528 0.999964 0.111333 -0.388739 0.27301
FixedParameters: 0 0 0

#Transform 51
Transform: AffineTransform_float_3_3
Parameters: 0.999996 0.000631735 0.00269304 -0.000619263 0.999988 -0.00472769 -0.00269596 0.00472531 0.999985 0.105401 -0.328963 0.472206
FixedParameters: 0 0 0

#Transform 52
Transform: AffineTransform_float_3_3
Parameters: 0.999993 0.000731586 0.00346372 -0.000711413 0.999982 -0.0059405 -0.00346829 0.0059385 0.999977 0.103531 -0.390666 0.677392
FixedParameters: 0 0 0

#Transform 53
Transform: AffineTransform_float_3_3
Parameters: 0.999997 0.000664782 0.00228675 -0.000657219 0.999994 -0.00340151 -0.00228925 0.00340049 0.999991 0.082746 -0.156729 0.500987
FixedParameters: 0 0 0

#Transform 54
Transform: AffineTransform_float_3_3
Parameters: 0.999998 0.000244719 0.00196381 -0.000234279 0.999987 -0.00494847 -0.00196518 0.00494753 0.999986 0.0854566 -0.148166 0.194126
FixedParameters: 0 0 0

#Transform 55
Transform: AffineTransform_float_3_3
Parameters: 0.999998 0.000165838 0.00175228 -0.000158163 0.99999 -0.00447229 -0.00175272 0.00447172 0.999989 0.0764459 -0.183675 0.0441622
FixedParameters: 0 0 0

#Transform 56
Transform: AffineTransform_float_3_3
Parameters: 0.999998 0.000241512 0.00159403 -0.000234488 0.999991 -0.00408438 -0.00159497 0.00408362 0.999991 0.06959 -0.141926 0.0326458
FixedParameters: 0 0 0

#Transform 57
Transform: AffineTransform_float_3_3
Parameters: 0.999999 0.000347154 0.00141074 -0.000341844 0.999994 -0.00365249 -0.00141226 0.00365152 0.999993 0.0612688 -0.201559 0.037584
FixedParameters: 0 0 0

#Transform 58
Transform: AffineTransform_float_3_3
Parameters: 0.999999 0.000841474 0.00131815 -0.000837526 0.999994 -0.00339111 -0.00132085 0.00338989 0.999994 0.0625437 -0.278424 0.279321
FixedParameters: 0 0 0

#Transform 59
Transform: AffineTransform_float_3_3
Parameters: 0.999998 0.000790403 0.00149015 -0.000784593 0.999993 -0.00362318 -0.00149385 0.00362183 0.999993 0.0646859 -0.307821 0.32316
FixedParameters: 0 0 0

#Transform 60
Transform: AffineTransform_float_3_3
Parameters: 0.999998 0.00078696 0.00174187 -0.000780038 0.999991 -0.00399337 -0.00174513 0.00399163 0.999991 0.0658335 -0.291806 0.342335
FixedParameters: 0 0 0

#Transform 61
Transform: AffineTransform_float_3_3
Parameters: 0.999998 0.00091002 0.00189317 -0.00090198 0.99999 -0.00423272 -0.00189683 0.00423128 0.999989 0.0627468 -0.228212 0.339583
FixedParameters: 0 0 0

#Transform 62
Transform: AffineTransform_float_3_3
Parameters: 0.999998 0.000880304 0.00177039 -0.000872695 0.999991 -0.00412155 -0.00177461 0.00412045 0.99999 0.0583417 -0.170139 0.3413
FixedParameters: 0 0 0

#Transform 63
Transform: AffineTransform_float_3_3
Parameters: 0.999999 0.000571866 0.00173142 -0.000564136 0.999989 -0.00453998 -0.00173358 0.00453901 0.999988 0.0696463 -0.075995 0.184074
FixedParameters: 0 0 0

#Transform 64
Transform: AffineTransform_float_3_3
Parameters: 0.999999 0.000441492 0.00145805 -0.000435508 0.99999 -0.00444964 -0.00145995 0.00444936 0.999989 0.0656167 -0.0912804 0.040561
FixedParameters: 0 0 0

#Transform 65
Transform: AffineTransform_float_3_3
Parameters: 0.999999 0.0005939 0.00131836 -0.000588101 0.99999 -0.00447178 -0.00132064 0.00447022 0.999989 0.0630967 -0.0755789 0.0639022
FixedParameters: 0 0 0

#Transform 66
Transform: AffineTransform_float_3_3
Parameters: 0.999999 0.00065919 0.00131842 -0.000653812 0.999992 -0.00393287 -0.00132058 0.00393214 0.999992 0.058158 -0.140645 0.187615
FixedParameters: 0 0 0

#Transform 67
Transform: AffineTransform_float_3_3
Parameters: 0.999999 0.000829551 0.00153602 -0.000823449 0.999993 -0.00361127 -0.00153898 0.00360973 0.999993 0.0608337 -0.232543 0.29027
FixedParameters: 0 0 0

#Transform 68
Transform: AffineTransform_float_3_3
Parameters: 0.999998 0.000905468 0.00165648 -0.000899531 0.999992 -0.0039005 -0.00166052 0.0038995 0.999991 0.0590055 -0.248878 0.305896
FixedParameters: 0 0 0

#Transform 69
Transform: AffineTransform_float_3_3
Parameters: 0.999997 0.000996012 0.00192387 -0.000987991 0.999991 -0.00416091 -0.00192713 0.00415909 0.999989 0.0539257 -0.249105 0.302435
FixedParameters: 0 0 0

#Transform 70
Transform: AffineTransform_float_3_3
Parameters: 0.999998 0.000964264 0.00186675 -0.000955739 0.99999 -0.00442279 -0.00187025 0.00442121 0.999989 0.0515354 -0.219039 0.296607
FixedParameters: 0 0 0

#Transform 71
Transform: AffineTransform_float_3_3
Parameters: 0.999998 0.000669183 0.00178696 -0.000660817 0.99999 -0.00457619 -0.00179004 0.00457481 0.999988 0.0563988 -0.15978 0.166834
FixedParameters: 0 0 0

#Transform 72
Transform: AffineTransform_float_3_3
Parameters: 0.999999 0.000563648 0.00163338 -0.000556349 0.999989 -0.00467891 -0.00163662 0.00467808 0.999987 0.0520205 -0.12845 0.029446
FixedParameters: 0 0 0

#Transform 73
Transform: AffineTransform_float_3_3
Parameters: 0.999998 0.000597489 0.00163328 -0.00059051 0.99999 -0.00458297 -0.00163572 0.00458103 0.999988 0.0476405 -0.0720924 -0.00831799
FixedParameters: 0 0 0

#Transform 74
Transform: AffineTransform_float_3_3
Parameters: 0.999999 0.00062869 0.0014265 -0.00062331 0.999992 -0.00398689 -0.0014285 0.00398511 0.999991 0.0443489 -0.104321 0.0431925
FixedParameters: 0 0 0

#Transform 75
Transform: AffineTransform_float_3_3
Parameters: 0.999998 0.000888103 0.00135266 -0.000882894 0.999992 -0.0037692 -0.00135634 0.0037678 0.999992 0.0442236 -0.186953 0.282356
FixedParameters: 0 0 0

#Transform 76
Transform: AffineTransform_float_3_3
Parameters: 0.999999 0.00103989 0.00140767 -0.00103411 0.99999 -0.00417846 -0.00141233 0.00417754 0.999991 0.0402486 -0.209515 0.305814
FixedParameters: 0 0 0

#Transform 77
Transform: AffineTransform_float_3_3
Parameters: 0.999998 0.00104049 0.00163188 -0.00103351 0.999991 -0.00397469 -0.00163612 0.0039733 0.999991 0.0402364 -0.195587 0.300004
FixedParameters: 0 0 0

#Transform 78
Transform: AffineTransform_float_3_3
Parameters: 0.999999 0.00104027 0.00146056 -0.00103373 0.999991 -0.00428552 -0.00146544 0.00428448 0.999989 0.0441042 -0.182823 0.262022
FixedParameters: 0 0 0

#Transform 79
Transform: AffineTransform_float_3_3
Parameters: 0.999999 0.00104045 0.00146444 -0.00103356 0.99999 -0.00439552 -0.00146856 0.00439448 0.99999 0.04027 -0.165677 0.263072
FixedParameters: 0 0 0

#Transform 80
Transform: AffineTransform_float_3_3
Parameters: 0.999998 0.00081138 0.00139832 -0.000805621 0.99999 -0.00455713 -0.00140168 0.00455587 0.999988 0.0501368 -0.13481 0.204985
FixedParameters: 0 0 0

#Transform 81
Transform: AffineTransform_float_3_3
Parameters: 0.999999 0.000601282 0.00136325 -0.000594719 0.999989 -0.00460382 -0.00136575 0.00460319 0.999989 0.0615584 -0.12361 0.0880487
FixedParameters: 0 0 0

#Transform 82
Transform: AffineTransform_float_3_3
Parameters: 0.999999 0.000676698 0.00126998 -0.000671302 0.999989 -0.00448186 -0.00127302 0.00448114 0.999989 0.0552716 -0.103392 0.0606549
FixedParameters: 0 0 0

#Transform 83
Transform: AffineTransform_float_3_3
Parameters: 0.999999 0.000616989 0.00123252 -0.000612009 0.999991 -0.00404376 -0.00123548 0.00404324 0.999991 0.0560643 -0.138694 0.164148
FixedParameters: 0 0 0

#Transform 84
Transform: AffineTransform_float_3_3
Parameters: 0.999999 0.00061618 0.00123292 -0.00061182 0.999994 -0.00338776 -0.00123508 0.00338724 0.999993 0.0566225 -0.192348 0.262911
FixedParameters: 0 0 0

#Transform 85
Transform: AffineTransform_float_3_3
Parameters: 0.999999 0.00079066 0.00123202 -0.000785339 0.999992 -0.00377897 -0.00123498 0.00377803 0.999992 0.0553431 -0.191944 0.256276
FixedParameters: 0 0 0

#Transform 86
Transform: AffineTransform_float_3_3
Parameters: 0.999999 0.000772985 0.00123189 -0.000768014 0.999991 -0.00404195 -0.00123511 0.00404105 0.999991 0.0598151 -0.163519 0.235973
FixedParameters: 0 0 0

#Transform 87
Transform: AffineTransform_float_3_3
Parameters: 0.999999 0.00079278 0.00123194 -0.00078722 0.999992 -0.00387597 -0.00123506 0.00387502 0.999991 0.0552663 -0.166319 0.255261
FixedParameters: 0 0 0

#Transform 88
Transform: AffineTransform_float_3_3
Parameters: 0.999999 0.000584325 0.00123249 -0.000579672 0.99999 -0.00431672 -0.00123551 0.00431628 0.99999 0.0617002 -0.128418 0.229705
FixedParameters: 0 0 0

#Transform 89
Transform: AffineTransform_float_3_3
Parameters: 0.999999 0.000449365 0.00116595 -0.000443635 0.99999 -0.00459752 -0.00116805 0.00459648 0.999989 0.0643428 -0.0913949 0.131773
FixedParameters: 0 0 0

#Transform 90
Transform: AffineTransform_float_3_3
Parameters: 0.999999 0.000215004 0.00123397 -0.000208996 0.999988 -0.00486326 -0.00123503 0.00486374 0.999988 0.0652476 -0.0828793 0.0741263
FixedParameters: 0 0 0

#Transform 91
Transform: AffineTransform_float_3_3
Parameters: 0.999999 0.000531747 0.00123296 -0.000527254 0.999993 -0.00384665 -0.00123504 0.00384635 0.999992 0.0542161 -0.121684 0.196437
FixedParameters: 0 0 0

#Transform 92
Transform: AffineTransform_float_3_3
Parameters: 0.999999 0.000720303 0.00110721 -0.000716697 0.999992 -0.0038828 -0.00110979 0.0038812 0.999992 0.0540446 -0.184684 0.240826
FixedParameters: 0 0 0

#Transform 93
Transform: AffineTransform_float_3_3
Parameters: 0.999999 0.000760001 0.00123193 -0.000754999 0.999992 -0.00405494 -0.00123507 0.00405407 0.999991 0.0537345 -0.175088 0.22776
FixedParameters: 0 0 0

#Transform 94
Transform: AffineTransform_float_3_3
Parameters: 0.999999 0.000794001 0.00123179 -0.000788999 0.999992 -0.00405498 -0.00123521 0.00405403 0.999991 0.0602694 -0.1914 0.242949
FixedParameters: 0 0 0

#Transform 95
Transform: AffineTransform_float_3_3
Parameters: 0.999999 0.000632476 0.00128933 -0.000627526 0.999991 -0.00424281 -0.00129167 0.00424219 0.99999 0.0620804 -0.163233 0.22317
FixedParameters: 0 0 0

#Transform 96
Transform: AffineTransform_float_3_3
Parameters: 0.999999 0.000318387 0.00123362 -0.000313613 0.999991 -0.00436339 -0.00123538 0.00436361 0.999989 0.0645815 -0.131093 0.172958
FixedParameters: 0 0 0

#Transform 97
Transform: AffineTransform_float_3_3
Parameters: 0.999999 0.000316284 0.00135155 -0.00030972 0.999989 -0.00464643 -0.00135245 0.00464658 0.999989 0.0725775 -0.130742 0.0846077
FixedParameters: 0 0 0

#Transform 98
Transform: AffineTransform_float_3_3
Parameters: 0.999999 0.000320592 0.00130664 -0.000314405 0.999991 -0.00427841 -0.00130836 0.00427758 0.99999 0.0698891 -0.113652 0.121427
FixedParameters: 0 0 0

#Transform 99
Transform: AffineTransform_float_3_3
Parameters: 0.999999 0.000631937 0.00131263 -0.000627062 0.999992 -0.00375783 -0.00131537 0.00375717 0.999992 0.0647624 -0.176495 0.235447
FixedParameters: 0 0 0

#Transform 100
Transform: AffineTransform_float_3_3
Parameters: 0.999999 0.000632 0.00128054 -0.000626999 0.999992 -0.00390081 -0.00128345 0.00390019 0.999991 0.0612342 -0.159073 0.235145
FixedParameters: 0 0 0

#Transform 101
Transform: AffineTransform_float_3_3
Parameters: 0.999999 0.000632282 0.00141165 -0.000627717 0.999993 -0.00373889 -0.00141436 0.00373811 0.999992 0.0612319 -0.176129 0.260917
FixedParameters: 0 0 0

#Transform 102
Transform: AffineTransform_float_3_3
Parameters: 0.999999 0.00063234 0.00133448 -0.000627662 0.999992 -0.00399784 -0.00133652 0.00399716 0.999991 0.0612798 -0.149076 0.237863
FixedParameters: 0 0 0

#Transform 103
Transform: AffineTransform_float_3_3
Parameters: 0.999998 0.000632739 0.00145552 -0.000627263 0.999992 -0.00393992 -0.00145748 0.00393908 0.999991 0.0613024 -0.153723 0.262391
FixedParameters: 0 0 0

#Transform 104
Transform: AffineTransform_float_3_3
Parameters: 0.999998 0.000633207 0.00146934 -0.00062779 0.999991 -0.00422093 -0.00147266 0.00422007 0.99999 0.0675154 -0.119004 0.228955
FixedParameters: 0 0 0

#Transform 105
Transform: AffineTransform_float_3_3
Parameters: 0.999999 0.000632829 0.00131521 -0.000627172 0.99999 -0.00442783 -0.00131779 0.00442717 0.99999 0.0611447 -0.11876 0.179362
FixedParameters: 0 0 0

#Transform 106
Transform: AffineTransform_float_3_3
Parameters: 0.999999 0.000633495 0.00143515 -0.000627505 0.999989 -0.0045219 -0.00143785 0.00452109 0.999988 0.0650417 -0.105707 0.15119
FixedParameters: 0 0 0

#Transform 107
Transform: AffineTransform_float_3_3
Parameters: 0.999999 0.000632409 0.00131742 -0.000627592 0.999992 -0.00410283 -0.00131958 0.00410117 0.99999 0.0612572 -0.164872 0.228458
FixedParameters: 0 0 0

#Transform 108
Transform: AffineTransform_float_3_3
Parameters: 0.999998 0.00063268 0.00156872 -0.000627318 0.999994 -0.00361899 -0.00157128 0.00361801 0.999992 0.0612384 -0.191593 0.261928
FixedParameters: 0 0 0

#Transform 109
Transform: AffineTransform_float_3_3
Parameters: 0.999999 0.000631948 0.00136272 -0.000627052 0.999993 -0.00362786 -0.00136528 0.00362714 0.999993 0.0612523 -0.178112 0.248358
FixedParameters: 0 0 0

#Transform 110
Transform: AffineTransform_float_3_3
Parameters: 0.999999 0.000565297 0.00146659 -0.0005597 0.99999 -0.00429082 -0.00146941 0.00429017 0.999989 0.0618805 -0.150081 0.197905
FixedParameters: 0 0 0

#Transform 111
Transform: AffineTransform_float_3_3
Parameters: 0.999999 0.000333846 0.00130151 -0.000328153 0.99999 -0.00448843 -0.00130349 0.00448857 0.999989 0.0702872 -0.123649 0.107828
FixedParameters: 0 0 0

#Transform 112
Transform: AffineTransform_float_3_3
Parameters: 0.999999 0.000438088 0.00125589 -0.000431912 0.999988 -0.00484355 -0.00125811 0.00484345 0.999987 0.0739034 -0.119491 0.111457
FixedParameters: 0 0 0

#Transform 113
Transform: AffineTransform_float_3_3
Parameters: 0.999999 0.000563011 0.00126178 -0.000557989 0.999992 -0.00396771 -0.00126422 0.00396729 0.999992 0.0678483 -0.175775 0.244379
FixedParameters: 0 0 0

#Transform 114
Transform: AffineTransform_float_3_3
Parameters: 0.999999 0.000631552 0.00116755 -0.000627447 0.999992 -0.00389474 -0.00117045 0.00389426 0.999991 0.0663144 -0.176047 0.253335
FixedParameters: 0 0 0

#Transform 115
Transform: AffineTransform_float_3_3
Parameters: 0.999998 0.000632863 0.00146248 -0.000627135 0.999992 -0.00400592 -0.00146552 0.00400508 0.999991 0.0612127 -0.154132 0.241785
FixedParameters: 0 0 0

#Transform 116
Transform: AffineTransform_float_3_3
Parameters: 0.999999 0.000631948 0.0011974 -0.000627049 0.999992 -0.00412875 -0.0012006 0.00412725 0.999991 0.0657868 -0.156006 0.236119
FixedParameters: 0 0 0

#Transform 117
Transform: AffineTransform_float_3_3
Parameters: 0.999999 0.000439869 0.00129903 -0.000434131 0.999989 -0.00451457 -0.00130097 0.00451443 0.999989 0.0695836 -0.0993918 0.133501
FixedParameters: 0 0 0

#Transform 118
Transform: AffineTransform_float_3_3
Parameters: 0.999999 0.000294623 0.00125169 -0.000289375 0.99999 -0.00449037 -0.00125331 0.00448963 0.999989 0.0706712 -0.121342 0.0654436
FixedParameters: 0 0 0

#Transform 119
Transform: AffineTransform_float_3_3
Parameters: 0.999999 0.000460518 0.00136782 -0.000454481 0.999988 -0.00476162 -0.00137018 0.00476137 0.999987 0.0701218 -0.0857928 0.0327239
FixedParameters: 0 0 0

#Transform 120
Transform: AffineTransform_float_3_3
Parameters: 0.999999 0.000546977 0.00136802 -0.000542018 0.999993 -0.00363675 -0.00137098 0.00363526 0.999993 0.0619226 -0.163944 0.128296
FixedParameters: 0 0 0

#Transform 121
Transform: AffineTransform_float_3_3
Parameters: 0.999999 0.000631648 0.00136786 -0.000627351 0.999994 -0.00339586 -0.00137014 0.00339514 0.999994 0.0611762 -0.203834 0.235333
FixedParameters: 0 0 0

#Transform 122
Transform: AffineTransform_float_3_3
Parameters: 0.999999 0.000632115 0.00136765 -0.000627884 0.999993 -0.00373686 -0.00137036 0.00373614 0.999992 0.0634071 -0.200019 0.283165
FixedParameters: 0 0 0

#Transform 123
Transform: AffineTransform_float_3_3
Parameters: 0.999999 0.000632662 0.00136739 -0.000627336 0.999991 -0.00413686 -0.00137061 0.00413614 0.99999 0.0612546 -0.191152 0.278725
FixedParameters: 0 0 0

#Transform 124
Transform: AffineTransform_float_3_3
Parameters: 0.999999 0.000633382 0.00136706 -0.000627613 0.999989 -0.00466386 -0.00137094 0.00466314 0.999988 0.0639792 -0.159504 0.270527
FixedParameters: 0 0 0

#Transform 125
Transform: AffineTransform_float_3_3
Parameters: 0.999999 0.000632815 0.00136732 -0.000627182 0.999991 -0.00424886 -0.00137068 0.00424814 0.99999 0.0612549 -0.141999 0.259364
FixedParameters: 0 0 0

#Transform 126
Transform: AffineTransform_float_3_3
Parameters: 0.999999 0.000499292 0.00136772 -0.000493706 0.99999 -0.00459768 -0.00137028 0.00459632 0.999989 0.0693186 -0.083965 0.174934
FixedParameters: 0 0 0

#Transform 127
Transform: AffineTransform_float_3_3
Parameters: 0.999999 0.000464667 0.00120984 -0.000459333 0.999989 -0.00467956 -0.00121216 0.00467944 0.999989 0.0692371 -0.0985923 0.129307
FixedParameters: 0 0 0

#Transform 128
Transform: AffineTransform_float_3_3
Parameters: 0.999999 0.000541044 0.00136762 -0.000534955 0.99999 -0.00441574 -0.00137038 0.00441527 0.99999 0.0621333 -0.0934593 0.131868
FixedParameters: 0 0 0

#Transform 129
Transform: AffineTransform_float_3_3
Parameters: 0.999999 0.000630886 0.0010617 -0.000627114 0.999993 -0.00365567 -0.0010643 0.00365533 0.999993 0.0612598 -0.179537 0.244325
FixedParameters: 0 0 0

#Transform 130
Transform: AffineTransform_float_3_3
Parameters: 1 0.000630845 0.00101763 -0.000627154 0.999992 -0.00377364 -0.00102037 0.00377336 0.999993 0.0612544 -0.185394 0.266676
FixedParameters: 0 0 0

#Transform 131
Transform: AffineTransform_float_3_3
Parameters: 1 0.000630901 0.00101659 -0.000627102 0.999993 -0.00383264 -0.00101841 0.00383236 0.999992 0.061282 -0.201602 0.270703
FixedParameters: 0 0 0

#Transform 132
Transform: AffineTransform_float_3_3
Parameters: 0.999999 0.000631346 0.00105441 -0.000627656 0.999992 -0.00411667 -0.00105659 0.00411634 0.999991 0.0612876 -0.185528 0.24921
FixedParameters: 0 0 0

#Transform 133
Transform: AffineTransform_float_3_3
Parameters: 0.999999 0.000631493 0.00105933 -0.000627508 0.999991 -0.00423666 -0.00106167 0.00423533 0.99999 0.0612947 -0.14912 0.255172
FixedParameters: 0 0 0

#Transform 134
Transform: AffineTransform_float_3_3
Parameters: 1 0.00043904 0.000899039 -0.000434961 0.99999 -0.00448839 -0.000900962 0.0044886 0.999989 0.0682285 -0.122481 0.185338
FixedParameters: 0 0 0

#Transform 135
Transform: AffineTransform_float_3_3
Parameters: 0.999999 0.000476089 0.000898846 -0.000471915 0.999989 -0.00454343 -0.000900153 0.00454357 0.99999 0.0704112 -0.0754287 0.107865
FixedParameters: 0 0 0

#Transform 136
Transform: AffineTransform_float_3_3
Parameters: 1 0.000463428 0.00100497 -0.000459572 0.99999 -0.00440246 -0.00100703 0.00440154 0.99999 0.0695397 -0.0811611 0.0995211
FixedParameters: 0 0 0

#Transform 137
Transform: AffineTransform_float_3_3
Parameters: 1 0.000268788 0.000899877 -0.000265211 0.999991 -0.00420724 -0.000901124 0.00420676 0.99999 0.0651726 -0.110833 0.154241
FixedParameters: 0 0 0

#Transform 138
Transform: AffineTransform_float_3_3
Parameters: 1 0.000562344 0.000898917 -0.000558656 0.999993 -0.0037155 -0.000901082 0.00371549 0.999992 0.0645411 -0.179511 0.25231
FixedParameters: 0 0 0

#Transform 139
Transform: AffineTransform_float_3_3
Parameters: 1 0.000546895 0.000972821 -0.000543104 0.999992 -0.00399953 -0.00097518 0.00399847 0.999992 0.0620897 -0.179587 0.255397
FixedParameters: 0 0 0

#Transform 140
Transform: AffineTransform_float_3_3
Parameters: 0.999999 0.000518653 0.000898901 -0.000514345 0.999991 -0.00406046 -0.000901095 0.00405953 0.999992 0.0623054 -0.179427 0.25487
FixedParameters: 0 0 0

#Transform 141
Transform: AffineTransform_float_3_3
Parameters: 1 0.000548583 0.00106465 -0.00054442 0.99999 -0.00429958 -0.00106635 0.00429942 0.99999 0.0652469 -0.165673 0.232892
FixedParameters: 0 0 0

#Transform 142
Transform: AffineTransform_float_3_3
Parameters: 1 0.000577386 0.0010486 -0.000573617 0.999991 -0.0041776 -0.00105041 0.0041774 0.99999 0.0618626 -0.153936 0.235835
FixedParameters: 0 0 0

#Transform 143
Transform: AffineTransform_float_3_3
Parameters: 0.999999 0.000521175 0.00118373 -0.000515823 0.999991 -0.00436861 -0.00118626 0.00436739 0.99999 0.0662396 -0.100396 0.139501
FixedParameters: 0 0 0

#Transform 144
Transform: AffineTransform_float_3_3
Parameters: 0.999999 0.000631885 0.00108718 -0.000627115 0.999989 -0.00448869 -0.00108983 0.00448732 0.99999 0.0633234 -0.0993777 0.0861307
FixedParameters: 0 0 0

#Transform 145
Transform: AffineTransform_float_3_3
Parameters: 1 0.000631053 0.000898167 -0.000627948 0.999989 -0.00450557 -0.000900839 0.00450543 0.99999 0.0612067 -0.0954888 0.116037
FixedParameters: 0 0 0

#Transform 146
Transform: AffineTransform_float_3_3
Parameters: 1 0.0006305 0.000898555 -0.000627503 0.999992 -0.00388957 -0.000900448 0.00388944 0.999992 0.061245 -0.178419 0.220637
FixedParameters: 0 0 0

#Transform 147
Transform: AffineTransform_float_3_3
Parameters: 1 0.000630959 0.000993497 -0.00062704 0.999992 -0.00397962 -0.000996503 0.00397937 0.999991 0.0612307 -0.172564 0.250353
FixedParameters: 0 0 0

#Transform 148
Transform: AffineTransform_float_3_3
Parameters: 1 0.000630495 0.000898558 -0.000627508 0.999993 -0.00388457 -0.000900444 0.00388344 0.999992 0.0612694 -0.192049 0.251724
FixedParameters: 0 0 0

#Transform 149
Transform: AffineTransform_float_3_3
Parameters: 1 0.000544997 0.00095072 -0.000541003 0.999991 -0.00419852 -0.00095328 0.00419848 0.99999 0.0667576 -0.165648 0.24816
FixedParameters: 0 0 0

#Transform 150
Transform: AffineTransform_float_3_3
Parameters: 1 0.000316221 0.00103572 -0.000311778 0.999991 -0.00407332 -0.00103728 0.00407267 0.999991 0.0779723 -0.150537 0.249415
FixedParameters: 0 0 0

#Transform 151
Transform: AffineTransform_float_3_3
Parameters: 1 0.000498601 0.000996712 -0.000494398 0.999989 -0.0046115 -0.00099929 0.00461051 0.999989 0.0685557 -0.0994978 0.169053
FixedParameters: 0 0 0

#Transform 152
Transform: AffineTransform_float_3_3
Parameters: 0.999999 0.000327151 0.000899501 -0.000322851 0.99999 -0.00461129 -0.000900498 0.00461071 0.999989 0.0750307 -0.0985454 0.0827817
FixedParameters: 0 0 0

#Transform 153
Transform: AffineTransform_float_3_3
Parameters: 0.999999 0.000293151 0.000899657 -0.000289851 0.99999 -0.00461126 -0.000900346 0.00461074 0.999989 0.0697269 -0.0986674 0.106
FixedParameters: 0 0 0

#Transform 154
Transform: AffineTransform_float_3_3
Parameters: 1 0.000552479 0.000898872 -0.000548521 0.999993 -0.0038655 -0.000901128 0.00386551 0.999992 0.0669779 -0.135027 0.205133
FixedParameters: 0 0 0

#Transform 155
Transform: AffineTransform_float_3_3
Parameters: 0.999999 0.000268077 0.000818998 -0.000264923 0.999993 -0.00375522 -0.00082 0.00375478 0.999992 0.0715721 -0.189482 0.237861
FixedParameters: 0 0 0

#Transform 156
Transform: AffineTransform_float_3_3
Parameters: 0.999999 0.000497373 0.00084803 -0.000493627 0.999992 -0.00397342 -0.000849967 0.00397258 0.999991 0.0760195 -0.156173 0.235612
FixedParameters: 0 0 0

#Transform 157
Transform: AffineTransform_float_3_3
Parameters: 0.999999 0.000216617 0.000900136 -0.000213383 0.999992 -0.00401719 -0.000900864 0.0040168 0.999991 0.0784048 -0.186219 0.245038
FixedParameters: 0 0 0

#Transform 158
Transform: AffineTransform_float_3_3
Parameters: 1 0.000354034 0.000955515 -0.000349969 0.999991 -0.00421834 -0.000956485 0.00421766 0.99999 0.0790314 -0.152853 0.232633
FixedParameters: 0 0 0

#Transform 159
Transform: AffineTransform_float_3_3
Parameters: 0.999999 0.00021083 0.000900111 -0.00020717 0.999991 -0.00425319 -0.000900888 0.00425281 0.99999 0.0792815 -0.157118 0.249836
FixedParameters: 0 0 0

#Transform 160
Transform: AffineTransform_float_3_3
Parameters: 1 0.000308965 0.000899648 -0.000305038 0.999991 -0.00440428 -0.000900352 0.00440372 0.99999 0.077387 -0.104911 0.190111
FixedParameters: 0 0 0

#Transform 161
Transform: AffineTransform_float_3_3
Parameters: 1 0.000454486 0.000976926 -0.000449515 0.99999 -0.00458644 -0.000979073 0.00458656 0.999989 0.0776968 -0.104997 0.133407
FixedParameters: 0 0 0

#Transform 162
Transform: AffineTransform_float_3_3
Parameters: 0.999999 0.000225286 0.000899938 -0.000220713 0.999988 -0.0047602 -0.000901061 0.0047598 0.999989 0.0778013 -0.0809225 0.10116
FixedParameters: 0 0 0

#Transform 163
Transform: AffineTransform_float_3_3
Parameters: 1 0.000547656 0.000898783 -0.000543348 0.999991 -0.00406249 -0.000900216 0.00406251 0.999992 0.0692897 -0.162175 0.228824
FixedParameters: 0 0 0

#Transform 164
Transform: AffineTransform_float_3_3
Parameters: 0.999999 0.000525545 0.000898937 -0.000521455 0.999992 -0.00393847 -0.00090106 0.00393853 0.999992 0.0711202 -0.192025 0.285486
FixedParameters: 0 0 0

#Transform 165
Transform: AffineTransform_float_3_3
Parameters: 1 0.000508363 0.000899107 -0.000505638 0.999993 -0.00373645 -0.000900895 0.00373554 0.999992 0.0738786 -0.192068 0.28774
FixedParameters: 0 0 0

#Transform 166
Transform: AffineTransform_float_3_3
Parameters: 1 0.000449784 0.000899117 -0.000446217 0.999991 -0.0042044 -0.000900884 0.0042036 0.999991 0.0749216 -0.174476 0.276823
FixedParameters: 0 0 0

#Transform 167
Transform: AffineTransform_float_3_3
Parameters: 0.999999 0.000527715 0.000898829 -0.000523289 0.999992 -0.00412747 -0.000900167 0.00412753 0.999991 0.076548 -0.157175 0.283649
FixedParameters: 0 0 0

#Transform 168
Transform: AffineTransform_float_3_3
Parameters: 1 0.000311046 0.000899612 -0.000306958 0.99999 -0.00449328 -0.000900389 0.00449372 0.999989 0.0792651 -0.110386 0.209435
FixedParameters: 0 0 0

#Transform 169
Transform: AffineTransform_float_3_3
Parameters: 0.999999 0.000197196 0.00090009 -0.000192804 0.999989 -0.00466017 -0.000900908 0.00465982 0.999988 0.0850279 -0.0850038 0.135986
FixedParameters: 0 0 0

#Transform 170
Transform: AffineTransform_float_3_3
Parameters: 1 0.000494374 0.000986821 -0.000490625 0.99999 -0.00442849 -0.000989182 0.00442751 0.999989 0.0790472 -0.101892 0.138206
FixedParameters: 0 0 0

#Transform 171
Transform: AffineTransform_float_3_3
Parameters: 1 0.000630522 0.00089854 -0.000627481 0.999992 -0.00391357 -0.000900463 0.00391343 0.999992 0.0790753 -0.166501 0.260344
FixedParameters: 0 0 0

#Transform 172
Transform: AffineTransform_float_3_3
Parameters: 1 0.000525248 0.000899111 -0.000521753 0.999994 -0.00360847 -0.000900889 0.00360753 0.999993 0.074028 -0.163935 0.303282
FixedParameters: 0 0 0

#Transform 173
Transform: AffineTransform_float_3_3
Parameters: 0.999999 0.00063101 0.00106764 -0.000626988 0.999993 -0.00375267 -0.00107036 0.00375133 0.999993 0.0738121 -0.176256 0.301236
FixedParameters: 0 0 0

#Transform 174
Transform: AffineTransform_float_3_3
Parameters: 0.999999 0.000563884 0.00120272 -0.000559115 0.999991 -0.00405667 -0.00120528 0.00405632 0.999991 0.0752194 -0.175482 0.297442
FixedParameters: 0 0 0

#Transform 175
Transform: AffineTransform_float_3_3
Parameters: 0.999999 0.000464936 0.00115102 -0.000460063 0.99999 -0.00428553 -0.00115298 0.00428447 0.99999 0.0816408 -0.11572 0.187201
FixedParameters: 0 0 0

#Transform 176
Transform: AffineTransform_float_3_3
Parameters: 1 0.00034718 0.00107334 -0.000341822 0.999989 -0.00482237 -0.00107466 0.00482163 0.999988 0.0776431 -0.117343 0.109638
FixedParameters: 0 0 0

#Transform 177
Transform: AffineTransform_float_3_3
Parameters: 1 0.000231198 0.00113195 -0.000225802 0.99999 -0.00459026 -0.00113305 0.00458974 0.999989 0.0826609 -0.0893252 0.112163
FixedParameters: 0 0 0

#Transform 178
Transform: AffineTransform_float_3_3
Parameters: 1 0.000503946 0.000962946 -0.000500054 0.999992 -0.00409349 -0.000965055 0.00409252 0.999991 0.0716047 -0.157194 0.230114
FixedParameters: 0 0 0

#Transform 179
Transform: AffineTransform_float_3_3
Parameters: 1 0.000354347 0.00113165 -0.000349653 0.999992 -0.0038384 -0.00113335 0.0038386 0.999992 0.080224 -0.189368 0.31239
FixedParameters: 0 0 0

#Transform 180
Transform: AffineTransform_float_3_3
Parameters: 1 0.000453177 0.00107525 -0.000448825 0.999993 -0.00388149 -0.00107675 0.00388052 0.999992 0.0782727 -0.203404 0.321285
FixedParameters: 0 0 0

#Transform 181
Transform: AffineTransform_float_3_3
Parameters: 1 0.000456467 0.00113121 -0.000451529 0.999992 -0.00394651 -0.00113379 0.00394548 0.999991 0.0761716 -0.176765 0.304754
FixedParameters: 0 0 0

#Transform 182
Transform: AffineTransform_float_3_3
Parameters: 1 0.000443568 0.00113122 -0.00043843 0.999992 -0.0040345 -0.00113378 0.0040345 0.999991 0.075707 -0.158215 0.30714
FixedParameters: 0 0 0

#Transform 183
Transform: AffineTransform_float_3_3
Parameters: 1 0.000262231 0.0011318 -0.000256768 0.99999 -0.00461929 -0.0011332 0.00461871 0.999988 0.0835868 -0.107362 0.194445
FixedParameters: 0 0 0

#Transform 184
Transform: AffineTransform_float_3_3
Parameters: 1 0.000313071 0.00113161 -0.000307927 0.99999 -0.00447935 -0.00113339 0.00447865 0.99999 0.0825881 -0.0896443 0.149706
FixedParameters: 0 0 0

#Transform 185
Transform: AffineTransform_float_3_3
Parameters: 1 0.000365259 0.00113132 -0.000360738 0.999989 -0.00464541 -0.00113369 0.00464459 0.999988 0.0819537 -0.101604 0.165896
FixedParameters: 0 0 0

#Transform 186
Transform: AffineTransform_float_3_3
Parameters: 1 0.000448603 0.00113119 -0.000443394 0.999991 -0.0040655 -0.00113381 0.00406549 0.999991 0.0817448 -0.142265 0.248046
FixedParameters: 0 0 0

#Transform 187
Transform: AffineTransform_float_3_3
Parameters: 1 0.000493506 0.000969224 -0.000490496 0.999994 -0.00361348 -0.000970779 0.00361352 0.999993 0.0820621 -0.201801 0.343866
FixedParameters: 0 0 0

#Transform 188
Transform: AffineTransform_float_3_3
Parameters: 1 0.000420023 0.00104039 -0.000415979 0.999992 -0.00386343 -0.00104162 0.00386356 0.999992 0.0797637 -0.194594 0.317581
FixedParameters: 0 0 0

#Transform 189
Transform: AffineTransform_float_3_3
Parameters: 0.999999 0.000474374 0.00113118 -0.000470624 0.999993 -0.00386354 -0.00113383 0.00386347 0.999992 0.0794965 -0.194907 0.312988
FixedParameters: 0 0 0

#Transform 190
Transform: AffineTransform_float_3_3
Parameters: 1 0.000367365 0.00104848 -0.000362637 0.999992 -0.00416038 -0.00104952 0.00415962 0.999991 0.0841243 -0.174062 0.298242
FixedParameters: 0 0 0

#Transform 191
Transform: AffineTransform_float_3_3
Parameters: 1 0.000265101 0.00113182 -0.000259898 0.99999 -0.0045053 -0.00113318 0.0045047 0.999989 0.0880305 -0.128608 0.238263
FixedParameters: 0 0 0

#Transform 192
Transform: AffineTransform_float_3_3
