#Insight Transform File V1.0
#Transform 0
Transform: AffineTransform_float_3_3
Parameters: 1 -0.000534262 7.82298e-05 0.000533739 0.999995 0.00331404 -7.97692e-05 -0.00331396 0.999994 -0.0492708 0.0532103 0.295183
FixedParameters: 0 0 0

#Transform 1
Transform: AffineTransform_float_3_3
Parameters: 1 -0.000449476 0.000177802 0.000448524 0.999997 0.00266608 -0.000179197 -0.00266692 0.999997 -0.0653831 0.0783997 0.278226
FixedParameters: 0 0 0

#Transform 2
Transform: AffineTransform_float_3_3
Parameters: 1 -0.000534918 0.000358633 0.00053408 0.999996 0.00255719 -0.000360367 -0.00255681 0.999996 -0.070484 0.124919 0.298916
FixedParameters: 0 0 0

#Transform 3
Transform: AffineTransform_float_3_3
Parameters: 1 -0.000534286 0.00012478 0.000533713 0.999997 0.00228407 -0.000126219 -0.00228393 0.999998 -0.0642372 0.138271 0.289758
FixedParameters: 0 0 0

#Transform 4
Transform: AffineTransform_float_3_3
Parameters: 0.999999 -0.000461062 0.000536089 0.000460939 0.999998 0.00197825 -0.000536913 -0.00197875 0.999998 -0.0784058 0.159529 0.304565
FixedParameters: 0 0 0

#Transform 5
Transform: AffineTransform_float_3_3
Parameters: 1 -0.000534839 0.000431964 0.000534161 0.999998 0.00193923 -0.000433037 -0.00193977 0.999998 -0.0571432 0.19275 0.168063
FixedParameters: 0 0 0

#Transform 6
Transform: AffineTransform_float_3_3
Parameters: 0.999999 -0.00019191 0.000803783 0.00019109 1 0.00113215 -0.000804217 -0.00113185 0.999999 -0.0597596 0.150872 0.154633
FixedParameters: 0 0 0

#Transform 7
Transform: AffineTransform_float_3_3
Parameters: 1 0.000108326 0.000467157 -0.000108676 0.999999 0.00144395 -0.000467843 -0.00144405 0.999999 -0.0495765 0.11518 0.0983382
FixedParameters: 0 0 0

#Transform 8
Transform: AffineTransform_float_3_3
Parameters: 1 -0.000139963 0.000422682 0.000139036 0.999998 0.00227706 -0.000423318 -0.00227694 0.999998 -0.0406124 -0.0140822 0.210028
FixedParameters: 0 0 0

#Transform 9
Transform: AffineTransform_float_3_3
Parameters: 0.999999 -0.000339388 0.000695324 0.000337612 0.999998 0.00199623 -0.000695675 -0.00199576 0.999998 -0.0556942 0.0238507 0.231025
FixedParameters: 0 0 0

#Transform 10
Transform: AffineTransform_float_3_3
Parameters: 1 -0.000338764 0.000361285 0.000338234 0.999997 0.00211312 -0.000362715 -0.00211288 0.999997 -0.0624156 0.0476962 0.251257
FixedParameters: 0 0 0

#Transform 11
Transform: AffineTransform_float_3_3
Parameters: 1 -0.000338255 0.000158457 0.000337746 0.999998 0.00160605 -0.000158543 -0.00160595 0.999998 -0.071067 0.172563 0.238306
FixedParameters: 0 0 0

#Transform 12
Transform: AffineTransform_float_3_3
Parameters: 1 -0.000337873 -7.85494e-05 0.000338126 0.999998 0.00162597 7.74503e-05 -0.00162603 0.999998 -0.050411 0.183554 0.272955
FixedParameters: 0 0 0

#Transform 13
Transform: AffineTransform_float_3_3
Parameters: 1 -0.000338708 0.000524544 0.000338293 0.999999 0.00134818 -0.000524457 -0.00134882 0.999999 -0.089735 0.286962 0.337634
FixedParameters: 0 0 0

#Transform 14
Transform: AffineTransform_float_3_3
Parameters: 1 -0.000338438 0.000325545 0.000337562 0.999999 0.00134411 -0.000326454 -0.00134389 0.999999 -0.0696069 0.287074 0.33596
FixedParameters: 0 0 0

#Transform 15
Transform: AffineTransform_float_3_3
Parameters: 0.999999 -5.05503e-05 0.000711961 5.04496e-05 0.999999 0.000773036 -0.000712039 -0.000772964 1 -0.0713804 0.232854 0.212404
FixedParameters: 0 0 0

#Transform 16
Transform: AffineTransform_float_3_3
Parameters: 1 -0.000338109 0.000140739 0.000337891 0.999999 0.000773047 -0.000141261 -0.000772952 0.999999 -0.0208306 0.160837 0.0699103
FixedParameters: 0 0 0

#Transform 17
Transform: AffineTransform_float_3_3
Parameters: 0.999999 4.6756e-05 0.000924012 -4.62439e-05 1 0.000263957 -0.000923987 -0.000264043 0.999999 -0.0472182 0.0729009 0.0833371
FixedParameters: 0 0 0

#Transform 18
Transform: AffineTransform_float_3_3
Parameters: 1 -3.88417e-05 0.000430014 3.91582e-05 1 -0.000367983 -0.000429986 0.000368017 1 -0.0315579 0.0549824 -6.76594e-05
FixedParameters: 0 0 0

#Transform 19
Transform: AffineTransform_float_3_3
Parameters: 1 -3.90205e-05 0.000284997 3.89795e-05 1 7.20111e-05 -0.000285003 -7.19889e-05 1 -0.0271034 -0.0475134 -0.0307647
FixedParameters: 0 0 0

#Transform 20
Transform: AffineTransform_float_3_3
Parameters: 1 -3.89872e-05 -0.000203002 3.90128e-05 1 6.29921e-05 0.000202998 -6.30079e-05 1 0.0265505 0.000890634 -0.0318617
FixedParameters: 0 0 0

#Transform 21
Transform: AffineTransform_float_3_3
Parameters: 1 -3.88254e-05 -0.000195035 3.91745e-05 0.999999 0.000894992 0.000194965 -0.000895007 0.999999 0.0209092 -0.0589868 0.00180259
FixedParameters: 0 0 0

#Transform 22
Transform: AffineTransform_float_3_3
Parameters: 1 -0.00035146 -0.00102953 0.00035254 0.999999 0.00149564 0.00102947 -0.00149636 0.999999 0.0442487 -0.0490478 0.0653777
FixedParameters: 0 0 0

#Transform 23
Transform: AffineTransform_float_3_3
Parameters: 0.999999 -3.75511e-05 -0.00102905 3.94488e-05 0.999999 0.00140796 0.00102895 -0.00140804 0.999999 0.0326583 0.0330168 0.083008
FixedParameters: 0 0 0

#Transform 24
Transform: AffineTransform_float_3_3
Parameters: 1 -0.000534696 -0.000954172 0.000535305 1 0.00031949 0.00095383 -0.00031951 1 0.0290051 0.165928 0.0964727
FixedParameters: 0 0 0

#Transform 25
Transform: AffineTransform_float_3_3
Parameters: 0.999999 -0.00061568 -0.000669294 0.00061632 0.999999 0.000478587 0.000668705 -0.000478412 0.999999 0.00536484 0.229598 0.103259
FixedParameters: 0 0 0

#Transform 26
Transform: AffineTransform_float_3_3
Parameters: 1 -0.000615964 -0.000234094 0.000616035 1 0.000151856 0.000233906 -0.000152144 1 -0.0161661 0.283274 0.154035
FixedParameters: 0 0 0

#Transform 27
Transform: AffineTransform_float_3_3
Parameters: 1 -0.000266722 -0.000507146 0.000267278 1 0.000547864 0.000506853 -0.000548135 0.999999 -0.0185278 0.247258 0.182119
FixedParameters: 0 0 0

#Transform 28
Transform: AffineTransform_float_3_3
Parameters: 0.999999 -0.000615412 -0.000716506 0.000616589 1 0.000821559 0.000716494 -0.000821442 1 -0.00983729 0.220342 0.252395
FixedParameters: 0 0 0

#Transform 29
Transform: AffineTransform_float_3_3
Parameters: 0.999994 -0.00108003 -0.00327599 0.00110097 0.999979 0.00640643 0.00326901 -0.00641057 0.999974 0.0329589 0.0264934 0.734605
FixedParameters: 0 0 0

#Transform 30
Transform: AffineTransform_float_3_3
Parameters: 0.999996 -0.000597405 -0.00283099 0.000616596 0.999978 0.00657229 0.00282701 -0.00657372 0.999975 0.0162414 0.135856 0.716401
FixedParameters: 0 0 0

#Transform 31
Transform: AffineTransform_float_3_3
Parameters: 0.999996 -0.000598229 -0.00275292 0.000616772 0.999979 0.00645933 0.00274907 -0.00646067 0.999976 0.0139736 0.0400576 0.718108
FixedParameters: 0 0 0

#Transform 32
Transform: AffineTransform_float_3_3
Parameters: 0.999999 0.000110646 -0.00152053 -0.000104354 0.999991 0.00436917 0.00152147 -0.00436984 0.99999 -0.0625481 0.17665 0.654804
FixedParameters: 0 0 0

#Transform 33
Transform: AffineTransform_float_3_3
Parameters: 1 0.000202219 -0.00046347 -0.000200779 0.999996 0.00263009 0.00046453 -0.00262991 0.999997 -0.0975543 0.15951 0.505925
FixedParameters: 0 0 0

#Transform 34
Transform: AffineTransform_float_3_3
Parameters: 1 -0.000330158 0.000509897 0.000329842 1 0.000310168 -0.000510102 -0.000309832 1 -0.119572 0.189125 0.35936
FixedParameters: 0 0 0

#Transform 35
Transform: AffineTransform_float_3_3
Parameters: 0.999998 0.000549061 0.00158329 -0.000546938 0.999999 -0.00130187 -0.00158471 0.00130113 0.999998 -0.107947 0.194206 0.154983
FixedParameters: 0 0 0

#Transform 36
Transform: AffineTransform_float_3_3
Parameters: 0.999997 0.000573728 0.00238311 -0.00056927 0.999998 -0.00156536 -0.00238389 0.00156364 0.999996 -0.106516 0.182645 -0.0173623
FixedParameters: 0 0 0

#Transform 37
Transform: AffineTransform_float_3_3
Parameters: 0.999998 0.000570906 0.00202174 -0.000570095 0.999999 -0.000448153 -0.00202126 0.000447847 0.999998 -0.0731859 0.107709 -0.114839
FixedParameters: 0 0 0

#Transform 38
Transform: AffineTransform_float_3_3
Parameters: 0.999997 0.000571068 0.00210871 -0.000569931 0.999999 -0.000507203 -0.00210929 0.000505796 0.999997 -0.0706649 0.0465612 -0.183309
FixedParameters: 0 0 0

#Transform 39
Transform: AffineTransform_float_3_3
Parameters: 0.999997 0.000571755 0.00207752 -0.000569246 1 -0.000845185 -0.00207748 0.000843815 0.999998 -0.0534015 -0.0887262 -0.235966
FixedParameters: 0 0 0

#Transform 40
Transform: AffineTransform_float_3_3
Parameters: 0.999998 0.000571388 0.00203761 -0.000569611 0.999999 -0.000682162 -0.00203739 0.000680837 0.999997 -0.0481246 -0.115382 -0.286644
FixedParameters: 0 0 0

#Transform 41
Transform: AffineTransform_float_3_3
Parameters: 0.999998 0.000571347 0.00197661 -0.000569652 0.999999 -0.000682127 -0.00197739 0.000680871 0.999998 -0.0365324 -0.0872416 -0.303762
FixedParameters: 0 0 0

#Transform 42
Transform: AffineTransform_float_3_3
Parameters: 0.999998 0.000700793 0.00149863 -0.000700206 0.999999 -0.00053005 -0.00149837 0.00052895 0.999998 -0.0365034 -0.159596 -0.235801
FixedParameters: 0 0 0

#Transform 43
Transform: AffineTransform_float_3_3
Parameters: 0.999998 0.000570112 0.00197997 -0.000569888 1 -5.71285e-05 -0.00198003 5.58713e-05 0.999998 -0.0503359 -0.133878 -0.169953
FixedParameters: 0 0 0

#Transform 44
Transform: AffineTransform_float_3_3
Parameters: 0.999998 0.000568063 0.00162968 -0.000569936 0.999999 0.00118807 -0.00162832 -0.00118893 0.999998 -0.039439 -0.134248 -0.117539
FixedParameters: 0 0 0

#Transform 45
Transform: AffineTransform_float_3_3
Parameters: 0.999998 0.000568183 0.00190954 -0.000569817 1 0.000950914 -0.00190946 -0.000952087 0.999997 -0.0669556 0.062967 -0.0809751
FixedParameters: 0 0 0

#Transform 46
Transform: AffineTransform_float_3_3
Parameters: 0.999999 0.000569151 0.00136535 -0.000569848 0.999999 0.000621222 -0.00136465 -0.000621777 0.999999 -0.0555369 0.133485 -0.0668885
FixedParameters: 0 0 0

#Transform 47
Transform: AffineTransform_float_3_3
Parameters: 0.999998 0.000570109 0.00148696 -0.000569891 1 -7.38475e-05 -0.00148704 7.31523e-05 0.999999 -0.0629518 0.196705 -0.0412214
FixedParameters: 0 0 0

#Transform 48
Transform: AffineTransform_float_3_3
Parameters: 0.999999 0.000499389 0.00175518 -0.000499612 1 0.000348124 -0.00175483 -0.000348877 0.999999 -0.0691755 0.123969 -0.026336
FixedParameters: 0 0 0

#Transform 49
Transform: AffineTransform_float_3_3
Parameters: 0.999998 0.000569923 0.00161003 -0.000570076 1 4.70822e-05 -0.00160997 -4.79176e-05 0.999998 -0.076777 0.133333 -0.0183155
FixedParameters: 0 0 0

#Transform 50
Transform: AffineTransform_float_3_3
Parameters: 0.999998 0.000569766 0.00186407 -0.000570234 1 0.000124937 -0.00186393 -0.000126062 0.999999 -0.0818994 0.0671106 -0.018506
FixedParameters: 0 0 0

#Transform 51
Transform: AffineTransform_float_3_3
Parameters: 0.999998 0.000819793 0.0016871 -0.000820206 0.999999 0.000121616 -0.0016869 -0.000123383 0.999999 -0.0781494 -0.00814729 -0.0122691
FixedParameters: 0 0 0

#Transform 52
Transform: AffineTransform_float_3_3
Parameters: 0.999999 0.000567712 0.00143691 -0.000569286 0.999998 0.00159218 -0.00143509 -0.00159282 0.999997 -0.0688043 -0.053409 0.0613234
FixedParameters: 0 0 0

#Transform 53
Transform: AffineTransform_float_3_3
Parameters: 0.999998 0.000648172 0.00153077 -0.000649827 0.999999 0.00119401 -0.00152922 -0.00119499 0.999998 -0.0721523 -0.0413136 0.0347326
FixedParameters: 0 0 0

#Transform 54
Transform: AffineTransform_float_3_3
Parameters: 0.999998 0.000632806 0.00179007 -0.000633194 1 0.000107867 -0.00178993 -0.000109133 0.999999 -0.0750176 0.0405706 0.0584787
FixedParameters: 0 0 0

#Transform 55
Transform: AffineTransform_float_3_3
Parameters: 0.999999 0.0006842 0.0016215 -0.000682802 1 -0.000740109 -0.00162151 0.000738892 0.999999 -0.0584826 0.086415 -0.0447032
FixedParameters: 0 0 0

#Transform 56
Transform: AffineTransform_float_3_3
Parameters: 0.999998 0.000920188 0.00210505 -0.000917813 0.999999 -0.00103994 -0.00210596 0.00103807 0.999997 -0.0701127 0.0731973 -0.174826
FixedParameters: 0 0 0

#Transform 57
Transform: AffineTransform_float_3_3
Parameters: 0.999998 0.000572299 0.00193532 -0.000569701 0.999999 -0.00118811 -0.00193668 0.00118689 0.999998 -0.0680095 0.0357784 -0.265317
FixedParameters: 0 0 0

#Transform 58
Transform: AffineTransform_float_3_3
Parameters: 0.999998 0.000572917 0.00189812 -0.000570083 0.999998 -0.00153708 -0.00189888 0.00153591 0.999997 -0.0523215 0.0246463 -0.299301
FixedParameters: 0 0 0

#Transform 59
Transform: AffineTransform_float_3_3
Parameters: 0.999998 0.000572007 0.00152525 -0.000569992 0.999999 -0.00131587 -0.00152675 0.00131513 0.999998 -0.0340122 -0.0124973 -0.333855
FixedParameters: 0 0 0

#Transform 60
Transform: AffineTransform_float_3_3
Parameters: 0.999998 0.000571851 0.00152531 -0.000570148 0.999999 -0.00121387 -0.00152669 0.00121313 0.999998 -0.025703 -0.10238 -0.334249
FixedParameters: 0 0 0

#Transform 61
Transform: AffineTransform_float_3_3
Parameters: 0.999998 0.000565916 0.00193744 -0.000564085 1 -0.000989095 -0.00193756 0.000987906 0.999997 -0.046836 -0.125749 -0.28346
FixedParameters: 0 0 0

#Transform 62
Transform: AffineTransform_float_3_3
Parameters: 0.999998 0.000703874 0.0015256 -0.000702124 0.999999 -0.000574072 -0.0015264 0.000572926 0.999998 -0.0430853 -0.172082 -0.220249
FixedParameters: 0 0 0

#Transform 63
Transform: AffineTransform_float_3_3
Parameters: 0.999999 0.000788319 0.00165685 -0.000788683 0.999999 -0.000192307 -0.00165615 0.000191695 0.999998 -0.0676881 -0.0685927 -0.186999
FixedParameters: 0 0 0

#Transform 64
Transform: AffineTransform_float_3_3
Parameters: 0.999999 0.000704398 0.00101603 -0.000702602 0.999999 -0.00137571 -0.00101697 0.00137528 0.999998 -0.0390495 0.0695935 -0.153636
FixedParameters: 0 0 0

#Transform 65
Transform: AffineTransform_float_3_3
Parameters: 0.999999 0.000320783 0.00122527 -0.000318217 0.999998 -0.00227139 -0.00122573 0.00227061 0.999996 -0.0680214 0.217756 -0.117702
FixedParameters: 0 0 0

#Transform 66
Transform: AffineTransform_float_3_3
Parameters: 0.999999 0.000182375 0.000836485 -0.000179624 0.999996 -0.00283815 -0.000837513 0.00283785 0.999995 -0.059234 0.283958 -0.0318091
FixedParameters: 0 0 0

#Transform 67
Transform: AffineTransform_float_3_3
Parameters: 0.999998 0.000186093 0.00170234 -0.000179903 0.999993 -0.00357931 -0.00170365 0.00357869 0.999992 -0.10105 0.352435 0.0138211
FixedParameters: 0 0 0

#Transform 68
Transform: AffineTransform_float_3_3
Parameters: 0.999999 0.000290742 0.00138701 -0.000286259 0.999994 -0.0034174 -0.00138799 0.0034176 0.999993 -0.0919074 0.277059 -0.00932978
FixedParameters: 0 0 0

#Transform 69
Transform: AffineTransform_float_3_3
Parameters: 0.999999 0.000184855 0.00143939 -0.000179143 0.999995 -0.00337226 -0.00144061 0.00337174 0.999994 -0.0929592 0.200526 -0.00769627
FixedParameters: 0 0 0

#Transform 70
Transform: AffineTransform_float_3_3
Parameters: 0.999998 0.000185282 0.00223157 -0.000179716 0.999997 -0.00236741 -0.00223243 0.00236659 0.999994 -0.117163 0.0651624 -0.0188548
FixedParameters: 0 0 0

#Transform 71
Transform: AffineTransform_float_3_3
Parameters: 0.999997 0.000375559 0.00210119 -0.000371439 0.999997 -0.00216978 -0.00210281 0.00216921 0.999995 -0.114457 0.133348 0.0321294
FixedParameters: 0 0 0

#Transform 72
Transform: AffineTransform_float_3_3
Parameters: 0.999999 0.000502552 0.0017437 -0.000498447 0.999996 -0.00260987 -0.00174531 0.00260913 0.999995 -0.104256 0.122532 0.0305266
FixedParameters: 0 0 0

#Transform 73
Transform: AffineTransform_float_3_3
Parameters: 0.999998 0.000907096 0.00184902 -0.000900903 0.999994 -0.00329567 -0.00185198 0.00329333 0.999993 -0.110098 0.171056 0.0614107
FixedParameters: 0 0 0

#Transform 74
Transform: AffineTransform_float_3_3
Parameters: 0.999999 0.000547521 0.001775 -0.00054048 0.999993 -0.00367196 -0.001777 0.00367103 0.999991 -0.10548 0.206541 0.0448825
FixedParameters: 0 0 0

#Transform 75
Transform: AffineTransform_float_3_3
Parameters: 0.999997 0.000866244 0.00198028 -0.000859753 0.999994 -0.00315171 -0.00198372 0.00315029 0.999993 -0.113898 0.217486 0.0326534
FixedParameters: 0 0 0

#Transform 76
Transform: AffineTransform_float_3_3
Parameters: 0.999997 0.00078322 0.00204062 -0.000776781 0.999995 -0.00304759 -0.00204238 0.00304541 0.999994 -0.100006 0.202082 -0.119621
FixedParameters: 0 0 0

#Transform 77
Transform: AffineTransform_float_3_3
Parameters: 0.999997 0.000783243 0.00230088 -0.000776757 0.999996 -0.00271279 -0.00230311 0.0027112 0.999993 -0.0828167 0.108314 -0.215673
FixedParameters: 0 0 0

#Transform 78
Transform: AffineTransform_float_3_3
Parameters: 0.999996 0.00089078 0.00250595 -0.00088522 0.999997 -0.00230623 -0.00250805 0.00230477 0.999994 -0.0815272 0.0402052 -0.299881
FixedParameters: 0 0 0

#Transform 79
Transform: AffineTransform_float_3_3
Parameters: 0.999997 0.000782253 0.0024133 -0.000776748 0.999998 -0.00217688 -0.00241469 0.00217512 0.999994 -0.0669982 0.00142168 -0.339974
FixedParameters: 0 0 0

#Transform 80
Transform: AffineTransform_float_3_3
Parameters: 0.999996 0.000783091 0.00247908 -0.000776909 0.999996 -0.00245693 -0.00248091 0.00245506 0.999994 -0.0691839 -0.0703491 -0.361005
FixedParameters: 0 0 0

#Transform 81
Transform: AffineTransform_float_3_3
Parameters: 0.999997 0.000784624 0.00231443 -0.000777378 0.999995 -0.00329281 -0.00231657 0.00329119 0.999992 -0.0641124 -0.0821626 -0.366739
FixedParameters: 0 0 0

#Transform 82
Transform: AffineTransform_float_3_3
Parameters: 0.999998 0.000534252 0.00200387 -0.000529747 0.999997 -0.00212206 -0.00200513 0.00212093 0.999995 -0.0530639 -0.158033 -0.318322
FixedParameters: 0 0 0

#Transform 83
Transform: AffineTransform_float_3_3
Parameters: 0.999997 0.000780687 0.00233877 -0.000777313 0.999999 -0.00157782 -0.00233923 0.00157518 0.999996 -0.0646127 -0.0833364 -0.26142
FixedParameters: 0 0 0

#Transform 84
Transform: AffineTransform_float_3_3
Parameters: 0.999998 0.000834497 0.00183387 -0.000832501 0.999998 -0.00136253 -0.00183514 0.00136047 0.999998 -0.060975 -0.0223985 -0.21053
FixedParameters: 0 0 0

#Transform 85
Transform: AffineTransform_float_3_3
Parameters: 0.999998 0.000780271 0.00183361 -0.000776728 0.999998 -0.00178443 -0.00183539 0.00178257 0.999996 -0.0764597 0.1539 -0.179942
FixedParameters: 0 0 0

#Transform 86
Transform: AffineTransform_float_3_3
Parameters: 0.999999 0.000279313 0.00180149 -0.000275687 0.999999 -0.0018385 -0.00180251 0.0018385 0.999996 -0.0896347 0.204736 -0.139479
FixedParameters: 0 0 0

#Transform 87
Transform: AffineTransform_float_3_3
Parameters: 0.999998 0.000349586 0.00161023 -0.000346413 0.999998 -0.00222756 -0.00161078 0.00222644 0.999996 -0.0836143 0.237978 -0.126235
FixedParameters: 0 0 0

#Transform 88
Transform: AffineTransform_float_3_3
Parameters: 0.999998 0.000363713 0.00197932 -0.000359288 0.999998 -0.00187572 -0.00197968 0.00187528 0.999997 -0.090955 0.1783 -0.0999397
FixedParameters: 0 0 0

#Transform 89
Transform: AffineTransform_float_3_3
Parameters: 0.999999 0.000476445 0.00174479 -0.000471555 0.999996 -0.00254683 -0.00174621 0.00254617 0.999995 -0.105219 0.17248 -0.0840967
FixedParameters: 0 0 0

#Transform 90
Transform: AffineTransform_float_3_3
Parameters: 0.999998 0.000363042 0.00188323 -0.000358957 0.999997 -0.00214568 -0.00188477 0.00214532 0.999996 -0.0898424 0.0744215 -0.0815563
FixedParameters: 0 0 0

#Transform 91
Transform: AffineTransform_float_3_3
Parameters: 0.999999 0.000371615 0.00168099 -0.000367384 0.999996 -0.00274562 -0.00168202 0.00274438 0.999995 -0.100503 0.0952593 -0.0559031
FixedParameters: 0 0 0

#Transform 92
Transform: AffineTransform_float_3_3
Parameters: 0.999998 0.000436616 0.00204581 -0.000430381 0.999996 -0.00274589 -0.00204719 0.00274411 0.999994 -0.115702 0.0596732 -0.039507
FixedParameters: 0 0 0

#Transform 93
Transform: AffineTransform_float_3_3
Parameters: 0.999998 0.00043341 0.00202885 -0.000427593 0.999997 -0.00266588 -0.00202915 0.00266513 0.999995 -0.0951131 0.102855 -0.0635488
FixedParameters: 0 0 0

#Transform 94
Transform: AffineTransform_float_3_3
Parameters: 0.999997 0.000773853 0.00224399 -0.000768148 0.999997 -0.00260773 -0.00224601 0.00260627 0.999994 -0.0816319 0.0783003 -0.193482
FixedParameters: 0 0 0

#Transform 95
Transform: AffineTransform_float_3_3
Parameters: 0.999999 0.000772299 0.00156589 -0.000768701 0.999996 -0.00274421 -0.00156812 0.00274279 0.999995 -0.0609405 0.0652802 -0.252533
FixedParameters: 0 0 0

#Transform 96
Transform: AffineTransform_float_3_3
Parameters: 0.999998 0.000774012 0.00214284 -0.000767986 0.999996 -0.00280565 -0.00214516 0.00280335 0.999994 -0.0668373 0.0434553 -0.303804
FixedParameters: 0 0 0

#Transform 97
Transform: AffineTransform_float_3_3
Parameters: 0.999998 0.000491608 0.00202265 -0.000485391 0.999996 -0.00277199 -0.00202435 0.00277101 0.999994 -0.0282605 0.0298962 -0.304859
FixedParameters: 0 0 0

#Transform 98
Transform: AffineTransform_float_3_3
Parameters: 0.999998 0.000618508 0.00148496 -0.000616492 0.999999 -0.00168892 -0.00148604 0.00168808 0.999998 -0.0160084 -0.0524693 -0.256761
FixedParameters: 0 0 0

#Transform 99
Transform: AffineTransform_float_3_3
Parameters: 0.999998 0.000986815 0.00173383 -0.000983187 0.999997 -0.00219971 -0.00173517 0.00219829 0.999996 -0.0417963 0.0037938 -0.215781
FixedParameters: 0 0 0

#Transform 100
Transform: AffineTransform_float_3_3
Parameters: 0.999999 0.000862394 0.00148461 -0.000860608 0.999999 -0.00161228 -0.00148539 0.00161072 0.999997 -0.0431385 -0.0348382 -0.162152
FixedParameters: 0 0 0

#Transform 101
Transform: AffineTransform_float_3_3
Parameters: 0.999999 0.000563635 0.00165611 -0.000561365 0.999998 -0.00159093 -0.0016569 0.00159007 0.999998 -0.0629901 0.109249 -0.142525
FixedParameters: 0 0 0

#Transform 102
Transform: AffineTransform_float_3_3
Parameters: 0.999999 0.000451488 0.00142622 -0.000449513 0.999999 -0.00174364 -0.00142679 0.00174336 0.999998 -0.055224 0.165348 -0.0980256
FixedParameters: 0 0 0

#Transform 103
Transform: AffineTransform_float_3_3
Parameters: 0.999999 0.000590533 0.00122678 -0.000587467 0.999997 -0.00206372 -0.00122822 0.00206328 0.999997 -0.074871 0.198071 -0.078117
FixedParameters: 0 0 0

#Transform 104
Transform: AffineTransform_float_3_3
Parameters: 0.999999 0.000548882 0.00145391 -0.000546116 0.999998 -0.0019828 -0.00145508 0.0019812 0.999997 -0.074141 0.18047 -0.0562357
FixedParameters: 0 0 0

#Transform 105
Transform: AffineTransform_float_3_3
Parameters: 0.999999 0.000452497 0.00130579 -0.000449506 0.999997 -0.00267659 -0.00130621 0.00267641 0.999995 -0.081417 0.198791 -0.0817301
FixedParameters: 0 0 0

#Transform 106
Transform: AffineTransform_float_3_3
Parameters: 0.999999 0.000307596 0.00142523 -0.000304405 0.999997 -0.00252244 -0.00142577 0.00252256 0.999996 -0.0842279 0.0998385 -0.0647349
FixedParameters: 0 0 0

#Transform 107
Transform: AffineTransform_float_3_3
Parameters: 0.999999 7.85794e-06 0.00143898 -4.142e-06 0.999997 -0.00268101 -0.00143902 0.00268099 0.999996 -0.102751 0.129631 -0.059165
FixedParameters: 0 0 0

#Transform 108
Transform: AffineTransform_float_3_3
Parameters: 0.999998 0.00033967 0.00202606 -0.000333329 0.999996 -0.00279868 -0.00202694 0.00279732 0.999994 -0.122922 0.0894071 -0.058742
FixedParameters: 0 0 0

#Transform 109
Transform: AffineTransform_float_3_3
Parameters: 0.999999 0.000139618 0.00138854 -0.000134381 0.999995 -0.00332519 -0.00138945 0.00332481 0.999993 -0.102152 0.1243 -0.0413852
FixedParameters: 0 0 0

#Transform 110
Transform: AffineTransform_float_3_3
Parameters: 0.999998 0.00017572 0.00187938 -0.000168281 0.999993 -0.00357532 -0.00187961 0.00357467 0.999992 -0.117404 0.147214 -0.0958733
FixedParameters: 0 0 0

#Transform 111
Transform: AffineTransform_float_3_3
Parameters: 0.999999 0.000260873 0.00170296 -0.000254126 0.999992 -0.00403544 -0.00170404 0.00403456 0.999991 -0.0905057 0.127608 -0.217709
FixedParameters: 0 0 0

#Transform 112
Transform: AffineTransform_float_3_3
Parameters: 0.999998 0.0005598 0.0018817 -0.000552199 0.999992 -0.00414305 -0.0018843 0.00414195 0.999989 -0.0816697 0.140696 -0.28082
FixedParameters: 0 0 0

#Transform 113
Transform: AffineTransform_float_3_3
Parameters: 0.999998 0.000651796 0.00176951 -0.000645203 0.999993 -0.00383815 -0.00177249 0.00383685 0.999991 -0.078804 0.0867386 -0.27971
FixedParameters: 0 0 0

#Transform 114
Transform: AffineTransform_float_3_3
Parameters: 0.999997 0.000701502 0.00230143 -0.000693497 0.999993 -0.00369261 -0.00230458 0.0036914 0.999991 -0.095465 -0.0184806 -0.31897
FixedParameters: 0 0 0

#Transform 115
Transform: AffineTransform_float_3_3
Parameters: 0.99999 0.00203573 0.00415281 -0.00202128 0.999991 -0.00354743 -0.00415919 0.00353857 0.999985 -0.120074 -0.100581 -0.445746
FixedParameters: 0 0 0

#Transform 116
Transform: AffineTransform_float_3_3
Parameters: 0.999995 0.00149123 0.0027722 -0.00148677 0.999997 -0.00188613 -0.00277481 0.00188187 0.999995 -0.102594 -0.0735733 -0.208022
FixedParameters: 0 0 0

#Transform 117
Transform: AffineTransform_float_3_3
Parameters: 0.999995 0.00149106 0.00255706 -0.00148594 0.999997 -0.00197781 -0.00255994 0.00197419 0.999995 -0.121805 0.0629621 -0.152132
FixedParameters: 0 0 0

#Transform 118
Transform: AffineTransform_float_3_3
Parameters: 0.999997 0.00103378 0.00211167 -0.00102922 0.999997 -0.00226218 -0.00211333 0.00225982 0.999995 -0.105201 0.0966004 -0.154734
FixedParameters: 0 0 0

#Transform 119
Transform: AffineTransform_float_3_3
Parameters: 0.999997 0.0011178 0.00249697 -0.0011112 0.999995 -0.00272478 -0.00250004 0.00272222 0.999993 -0.127604 0.182388 -0.21427
FixedParameters: 0 0 0

#Transform 120
Transform: AffineTransform_float_3_3
Parameters: 0.999994 0.00188654 0.00308254 -0.00187146 0.999985 -0.0050378 -0.00309146 0.0050322 0.999982 -0.148591 0.0471215 -0.558631
FixedParameters: 0 0 0

#Transform 121
Transform: AffineTransform_float_3_3
Parameters: 0.999996 0.00138606 0.00272192 -0.00137994 0.999996 -0.00222677 -0.00272508 0.00222323 0.999994 -0.145293 -0.0131517 -0.0599933
FixedParameters: 0 0 0

#Transform 122
Transform: AffineTransform_float_3_3
Parameters: 0.999995 0.00137919 0.00276442 -0.00137181 0.999995 -0.0026018 -0.00276758 0.00259819 0.999993 -0.125673 0.0858192 -0.0941962
FixedParameters: 0 0 0

#Transform 123
Transform: AffineTransform_float_3_3
Parameters: 0.999995 0.00165285 0.00276272 -0.00164415 0.999994 -0.00320356 -0.00276728 0.00319844 0.999991 -0.119911 0.155996 -0.194826
FixedParameters: 0 0 0

#Transform 124
Transform: AffineTransform_float_3_3
Parameters: 0.999996 0.00119338 0.0027644 -0.00118463 0.999994 -0.00302929 -0.0027676 0.00302671 0.999991 -0.103003 0.105217 -0.265267
FixedParameters: 0 0 0

#Transform 125
Transform: AffineTransform_float_3_3
Parameters: 0.999996 0.00111132 0.00251422 -0.00110468 0.999996 -0.00251279 -0.00251778 0.00251021 0.999993 -0.0974477 -0.0596637 -0.239145
FixedParameters: 0 0 0

#Transform 126
Transform: AffineTransform_float_3_3
Parameters: 0.999996 0.00111137 0.00259928 -0.00110463 0.999997 -0.00245188 -0.00260171 0.00244912 0.999993 -0.103821 -0.0492189 -0.212866
FixedParameters: 0 0 0

#Transform 127
Transform: AffineTransform_float_3_3
Parameters: 0.999996 0.00111051 0.0023494 -0.00110449 0.999996 -0.0023456 -0.00235159 0.00234239 0.999994 -0.0999919 -0.00589375 -0.191517
FixedParameters: 0 0 0

#Transform 128
Transform: AffineTransform_float_3_3
Parameters: 0.999997 0.00110963 0.00193836 -0.00110437 0.999996 -0.00238815 -0.00194164 0.00238685 0.999996 -0.0923672 0.0650795 -0.19256
FixedParameters: 0 0 0

#Transform 129
Transform: AffineTransform_float_3_3
Parameters: 0.999998 0.000758337 0.00193892 -0.000752661 0.999996 -0.00275247 -0.00194108 0.00275053 0.999995 -0.103316 0.128035 -0.164175
FixedParameters: 0 0 0

#Transform 130
Transform: AffineTransform_float_3_3
Parameters: 0.999998 0.000661555 0.00193911 -0.000655442 0.999995 -0.00286428 -0.00194188 0.00286272 0.999994 -0.110878 0.206531 -0.147836
FixedParameters: 0 0 0

#Transform 131
Transform: AffineTransform_float_3_3
Parameters: 0.999997 0.000872555 0.00193851 -0.000867443 0.999995 -0.00286469 -0.00194149 0.00286331 0.999994 -0.100678 0.206931 -0.147884
FixedParameters: 0 0 0

#Transform 132
Transform: AffineTransform_float_3_3
Parameters: 0.999997 0.000909533 0.00251994 -0.000901467 0.999994 -0.00338528 -0.00252307 0.00338272 0.999991 -0.0998151 0.236043 -0.222159
FixedParameters: 0 0 0

#Transform 133
Transform: AffineTransform_float_3_3
Parameters: 0.999997 0.000799006 0.00251416 -0.000789995 0.999994 -0.003581 -0.00251684 0.003579 0.99999 -0.0899438 0.128458 -0.303257
FixedParameters: 0 0 0

#Transform 134
Transform: AffineTransform_float_3_3
Parameters: 0.999996 0.000665844 0.00268758 -0.000656153 0.999993 -0.00366278 -0.00269042 0.00366022 0.999989 -0.0825957 0.0155051 -0.372557
FixedParameters: 0 0 0

#Transform 135
Transform: AffineTransform_float_3_3
Parameters: 0.999996 0.00066578 0.0026876 -0.000655217 0.999993 -0.00363877 -0.0026904 0.00363622 0.99999 -0.0737333 -0.0492644 -0.386376
FixedParameters: 0 0 0

#Transform 136
Transform: AffineTransform_float_3_3
Parameters: 0.999998 0.000663108 0.0022269 -0.000655891 0.999994 -0.00319147 -0.00222911 0.00318953 0.999993 -0.0685779 -0.162139 -0.374702
FixedParameters: 0 0 0

#Transform 137
Transform: AffineTransform_float_3_3
Parameters: 0.999997 0.000685756 0.00233102 -0.000679244 0.999995 -0.00289759 -0.00233298 0.00289641 0.999993 -0.0645879 -0.145538 -0.321489
FixedParameters: 0 0 0

#Transform 138
Transform: AffineTransform_float_3_3
Parameters: 0.999998 0.000590246 0.00222762 -0.000584752 0.999997 -0.00235531 -0.00222938 0.00235369 0.999994 -0.0679225 -0.123572 -0.278044
FixedParameters: 0 0 0

#Transform 139
Transform: AffineTransform_float_3_3
Parameters: 0.999997 0.00059056 0.00214147 -0.00058444 0.999997 -0.00259526 -0.00214352 0.00259474 0.999995 -0.0794787 0.0551256 -0.261983
FixedParameters: 0 0 0

#Transform 140
Transform: AffineTransform_float_3_3
Parameters: 0.999998 0.000265253 0.00170234 -0.000260745 0.999997 -0.00249845 -0.00170366 0.00249755 0.999996 -0.0769071 0.142715 -0.229965
FixedParameters: 0 0 0

#Transform 141
Transform: AffineTransform_float_3_3
Parameters: 0.999999 0.000283145 0.00170215 -0.000277855 0.999996 -0.00302248 -0.00170285 0.00302152 0.999994 -0.0835517 0.268921 -0.215278
FixedParameters: 0 0 0

#Transform 142
Transform: AffineTransform_float_3_3
Parameters: 0.999999 0.000258525 0.00180522 -0.000252477 0.999996 -0.00305946 -0.00180578 0.00305954 0.999993 -0.0865567 0.254497 -0.192015
FixedParameters: 0 0 0

#Transform 143
Transform: AffineTransform_float_3_3
Parameters: 0.999998 0.00038172 0.00199172 -0.00037528 0.999994 -0.00337276 -0.00199328 0.00337225 0.999993 -0.0959832 0.247234 -0.187369
FixedParameters: 0 0 0

#Transform 144
Transform: AffineTransform_float_3_3
Parameters: 0.999998 0.000485085 0.00189445 -0.000478917 0.999994 -0.00321091 -0.00189555 0.00321009 0.999993 -0.0906912 0.156578 -0.167483
FixedParameters: 0 0 0

#Transform 145
Transform: AffineTransform_float_3_3
Parameters: 0.999998 0.000148195 0.00168755 -0.000143803 0.999996 -0.00307825 -0.00168845 0.00307775 0.999994 -0.102202 0.0598297 -0.18674
FixedParameters: 0 0 0

#Transform 146
Transform: AffineTransform_float_3_3
Parameters: 0.999998 0.00053617 0.00193585 -0.000531831 0.999997 -0.00215403 -0.00193615 0.00215296 0.999996 -0.126352 -0.0710656 -0.146414
FixedParameters: 0 0 0

#Transform 147
Transform: AffineTransform_float_3_3
Parameters: 0.999998 0.000367552 0.00198898 -0.000361447 0.999996 -0.00279173 -0.00199002 0.00279027 0.999994 -0.134498 -0.0258306 -0.162753
FixedParameters: 0 0 0

#Transform 148
Transform: AffineTransform_float_3_3
Parameters: 0.999997 0.00032801 0.00213624 -0.000322992 0.999997 -0.0023447 -0.00213676 0.0023443 0.999995 -0.122724 -0.0847369 -0.151694
FixedParameters: 0 0 0

#Transform 149
Transform: AffineTransform_float_3_3
Parameters: 0.999998 0.000630456 0.00213511 -0.000624544 0.999995 -0.00302334 -0.0021369 0.00302166 0.999993 -0.131007 0.141948 -0.110855
FixedParameters: 0 0 0

#Transform 150
Transform: AffineTransform_float_3_3
Parameters: 0.999997 0.000631571 0.00213448 -0.000623431 0.999992 -0.00401334 -0.00213652 0.00401266 0.999989 -0.119635 0.199414 -0.098948
FixedParameters: 0 0 0

#Transform 151
Transform: AffineTransform_float_3_3
Parameters: 0.999996 0.000870948 0.00272252 -0.000860052 0.999991 -0.00402036 -0.00272548 0.00401764 0.999988 -0.121579 0.202202 -0.192515
FixedParameters: 0 0 0

#Transform 152
Transform: AffineTransform_float_3_3
Parameters: 0.999998 0.000869469 0.00213316 -0.00086053 0.99999 -0.00443685 -0.00213684 0.00443415 0.999988 -0.0905287 0.154356 -0.305212
FixedParameters: 0 0 0

#Transform 153
Transform: AffineTransform_float_3_3
Parameters: 0.999997 0.000870113 0.00238233 -0.000859887 0.99999 -0.00424306 -0.00238567 0.00424094 0.999988 -0.0984544 0.0910395 -0.37546
FixedParameters: 0 0 0

#Transform 154
Transform: AffineTransform_float_3_3
Parameters: 0.999998 0.00086948 0.00213316 -0.000860521 0.99999 -0.00444085 -0.00213684 0.00443915 0.999988 -0.0972719 0.0522584 -0.397112
FixedParameters: 0 0 0

#Transform 155
Transform: AffineTransform_float_3_3
Parameters: 0.999998 0.000867948 0.00213378 -0.000860055 0.999992 -0.00372284 -0.00213622 0.00372115 0.999991 -0.0907317 -0.0375312 -0.364651
FixedParameters: 0 0 0

#Transform 156
Transform: AffineTransform_float_3_3
Parameters: 0.999997 0.000867761 0.00227706 -0.000860239 0.999994 -0.00340697 -0.00227994 0.00340503 0.999991 -0.105686 -0.00620377 -0.324746
FixedParameters: 0 0 0

#Transform 157
Transform: AffineTransform_float_3_3
Parameters: 0.999997 0.000867422 0.00225916 -0.000860579 0.999994 -0.00328395 -0.00226184 0.00328205 0.999992 -0.104733 -0.00168557 -0.297876
FixedParameters: 0 0 0

#Transform 158
Transform: AffineTransform_float_3_3
Parameters: 0.999997 0.000354434 0.00218096 -0.000348566 0.999995 -0.00294977 -0.00218204 0.00294923 0.999994 -0.107934 0.101386 -0.24533
FixedParameters: 0 0 0

#Transform 159
Transform: AffineTransform_float_3_3
Parameters: 0.999997 0.00035544 0.00210075 -0.000348559 0.999993 -0.00354074 -0.00210225 0.00354026 0.999991 -0.105459 0.142624 -0.232872
FixedParameters: 0 0 0

#Transform 160
Transform: AffineTransform_float_3_3
Parameters: 0.999998 0.000234596 0.00191721 -0.000228406 0.999994 -0.00343945 -0.0019178 0.00343956 0.999992 -0.110094 0.220433 -0.181093
FixedParameters: 0 0 0

#Transform 161
Transform: AffineTransform_float_3_3
Parameters: 0.999998 0.000444415 0.00226637 -0.000435583 0.999993 -0.003712 -0.00226863 0.003711 0.99999 -0.133174 0.229251 -0.182053
FixedParameters: 0 0 0

#Transform 162
Transform: AffineTransform_float_3_3
Parameters: 0.999999 0.00052609 0.00171684 -0.000518911 0.999992 -0.0041269 -0.00171916 0.0041261 0.99999 -0.116775 0.221362 -0.155634
FixedParameters: 0 0 0

#Transform 163
Transform: AffineTransform_float_3_3
Parameters: 0.999997 0.000203114 0.00218417 -0.000193888 0.999992 -0.00417143 -0.00218483 0.00417157 0.999989 -0.129298 0.216389 -0.154986
FixedParameters: 0 0 0

#Transform 164
Transform: AffineTransform_float_3_3
Parameters: 0.999998 0.000506451 0.00201539 -0.00049955 0.999995 -0.00320001 -0.00201661 0.00319898 0.999993 -0.144592 0.15441 -0.118522
FixedParameters: 0 0 0

#Transform 165
Transform: AffineTransform_float_3_3
Parameters: 0.999997 0.000494126 0.0024282 -0.000499875 0.999997 0.00241879 -0.0024278 -0.00242021 0.999994 -0.156921 -0.012583 0.0403139
FixedParameters: 0 0 0

#Transform 166
Transform: AffineTransform_float_3_3
Parameters: 0.999998 0.000554493 0.00202341 -0.000556505 0.999999 0.000743875 -0.00202259 -0.000745123 0.999997 -0.149004 -0.0315469 -0.00611823
FixedParameters: 0 0 0

#Transform 167
Transform: AffineTransform_float_3_3
Parameters: 0.999996 0.00101591 0.00257546 -0.00101209 0.999999 -0.00151961 -0.00257654 0.00151739 0.999995 -0.15058 0.0617784 -0.138027
FixedParameters: 0 0 0

#Transform 168
Transform: AffineTransform_float_3_3
Parameters: 0.999997 0.000632603 0.00266044 -0.000625397 0.999996 -0.00248167 -0.00266256 0.00248033 0.999994 -0.115607 0.013998 -0.30114
FixedParameters: 0 0 0

#Transform 169
Transform: AffineTransform_float_3_3
Parameters: 0.999996 0.000933959 0.00272162 -0.000927042 0.999997 -0.00255653 -0.00272438 0.00255447 0.999993 -0.107925 -0.0118746 -0.380869
FixedParameters: 0 0 0

#Transform 170
Transform: AffineTransform_float_3_3
Parameters: 0.999995 0.000935043 0.00284737 -0.000926957 0.999995 -0.00282465 -0.00284963 0.00282235 0.999992 -0.115982 -0.00418037 -0.427744
FixedParameters: 0 0 0

#Transform 171
Transform: AffineTransform_float_3_3
Parameters: 0.999965 0.000534211 0.00827538 -0.000492789 0.999987 -0.00510225 -0.00827762 0.00509775 0.999952 -0.373384 0.133886 -0.884992
FixedParameters: 0 0 0

#Transform 172
Transform: AffineTransform_float_3_3
Parameters: 0.999988 0.00118038 0.00472353 -0.00121462 0.999974 0.00712034 -0.00471547 -0.00712565 0.999963 -0.329149 -0.268466 0.440587
FixedParameters: 0 0 0

#Transform 173
Transform: AffineTransform_float_3_3
Parameters: 0.999997 0.000841243 0.00226178 -0.00085375 0.999983 0.00564408 -0.00225621 -0.00564691 0.999981 -0.189182 -0.00221549 0.386522
FixedParameters: 0 0 0

#Transform 174
Transform: AffineTransform_float_3_3
Parameters: 0.999997 0.000700862 0.00264244 -0.000710137 0.999994 0.00345913 -0.00263956 -0.00346086 0.99999 -0.19977 0.238407 0.354673
FixedParameters: 0 0 0

#Transform 175
Transform: AffineTransform_float_3_3
Parameters: 0.999996 0.000701932 0.00274807 -0.000710068 0.999996 0.00293606 -0.00274593 -0.00293794 0.999992 -0.193298 0.292357 0.324278
FixedParameters: 0 0 0

#Transform 176
Transform: AffineTransform_float_3_3
Parameters: 0.999995 0.000703977 0.00305639 -0.000710024 0.999998 0.00196984 -0.00305561 -0.00197216 0.999994 -0.203257 0.369375 0.328824
FixedParameters: 0 0 0

#Transform 177
Transform: AffineTransform_float_3_3
Parameters: 0.999995 0.00115337 0.0029486 -0.00115963 0.999997 0.00224859 -0.0029464 -0.00225141 0.999993 -0.189286 0.390032 0.305648
FixedParameters: 0 0 0

#Transform 178
Transform: AffineTransform_float_3_3
Parameters: 0.999995 0.000873583 0.00321175 -0.000879418 0.999997 0.00199719 -0.00321025 -0.00199981 0.999993 -0.123362 0.373355 0.231297
FixedParameters: 0 0 0

#Transform 179
Transform: AffineTransform_float_3_3
Parameters: 0.999997 0.000703588 0.00259175 -0.000710411 0.999996 0.00247417 -0.00258925 -0.00247583 0.999993 -0.0840529 0.222931 0.155946
FixedParameters: 0 0 0

#Transform 180
Transform: AffineTransform_float_3_3
Parameters: 0.999998 0.000645504 0.00219274 -0.000648498 0.999999 0.00113858 -0.00219226 -0.00113942 0.999997 -0.047199 0.117269 -0.0130844
FixedParameters: 0 0 0

#Transform 181
Transform: AffineTransform_float_3_3
Parameters: 0.999998 0.000707781 0.00153003 -0.000710218 0.999998 0.00144991 -0.00152897 -0.00145108 0.999998 -0.0277636 -0.0778489 -0.0670301
FixedParameters: 0 0 0

#Transform 182
Transform: AffineTransform_float_3_3
Parameters: 0.999998 0.000613329 0.00152967 -0.00061567 0.999999 0.00109206 -0.00152833 -0.00109294 0.999998 -0.0342212 -0.0812252 -0.0464425
FixedParameters: 0 0 0

#Transform 183
Transform: AffineTransform_float_3_3
Parameters: 0.999999 0.000883646 0.00153094 -0.000886353 0.999997 0.00219165 -0.00152806 -0.00219336 0.999997 -0.0479947 -0.12287 0.0105799
FixedParameters: 0 0 0

#Transform 184
Transform: AffineTransform_float_3_3
Parameters: 0.999999 0.00068408 0.00172716 -0.000687924 0.999999 0.00169182 -0.00172684 -0.00169218 0.999997 -0.0666035 0.0557829 0.0345288
FixedParameters: 0 0 0

#Transform 185
Transform: AffineTransform_float_3_3
Parameters: 0.999999 0.000276098 0.00132761 -0.000279901 0.999997 0.00218663 -0.00132639 -0.00218637 0.999996 -0.0633518 0.133052 0.0268289
FixedParameters: 0 0 0

#Transform 186
Transform: AffineTransform_float_3_3
Parameters: 1 0.000276444 0.00104968 -0.000279558 0.999997 0.00243671 -0.00104932 -0.00243629 0.999997 -0.0602343 0.277487 0.102833
FixedParameters: 0 0 0

#Transform 187
Transform: AffineTransform_float_3_3
