#Insight Transform File V1.0
#Transform 0
Transform: AffineTransform_float_3_3
Parameters: 1 -0.000196 -3.77496e-07 0.000196 0.999998 0.001926 -3.77496e-07 -0.001926 0.999998 -0.0389422 0.116315 0.341547
FixedParameters: 0 0 0

#Transform 1
Transform: AffineTransform_float_3_3
Parameters: 1 -0.000467355 -0.000371813 0.000468646 0.999999 0.00173783 0.000371186 -0.00173818 0.999999 -0.0313667 0.137216 0.334965
FixedParameters: 0 0 0

#Transform 2
Transform: AffineTransform_float_3_3
Parameters: 1 -0.000467949 -3.96121e-05 0.000468051 0.999999 0.00130798 3.83878e-05 -0.00130802 0.999999 -0.0482026 0.195984 0.337534
FixedParameters: 0 0 0

#Transform 3
Transform: AffineTransform_float_3_3
Parameters: 1 -0.000409937 -4.95219e-05 0.000410062 0.999999 0.00127298 4.8478e-05 -0.00127302 0.999999 -0.0539441 0.202807 0.349149
FixedParameters: 0 0 0

#Transform 4
Transform: AffineTransform_float_3_3
Parameters: 1 -0.000393864 -0.000165324 0.000394135 0.999999 0.000822934 0.000164676 -0.000823064 0.999999 -0.0489983 0.245126 0.340256
FixedParameters: 0 0 0

#Transform 5
Transform: AffineTransform_float_3_3
Parameters: 1 -0.000273116 0.000111716 0.000272884 1 0.00103903 -0.000112284 -0.00103897 1 -0.0370986 0.223543 0.264943
FixedParameters: 0 0 0

#Transform 6
Transform: AffineTransform_float_3_3
Parameters: 0.999999 -0.00046835 0.000554704 0.000468649 0.999999 0.00063126 -0.000555295 -0.00063074 0.999999 -0.0291234 0.185665 0.191191
FixedParameters: 0 0 0

#Transform 7
Transform: AffineTransform_float_3_3
Parameters: 1 0.00019293 8.8154e-05 -0.00019307 0.999999 0.000797982 -8.78459e-05 -0.000798016 0.999999 -0.0245133 0.131283 0.182128
FixedParameters: 0 0 0

#Transform 8
Transform: AffineTransform_float_3_3
Parameters: 1 -0.000104006 4.86937e-06 0.000103994 0.999999 0.001256 -5.13062e-06 -0.001256 0.999999 -0.0272003 0.0229536 0.241724
FixedParameters: 0 0 0

#Transform 9
Transform: AffineTransform_float_3_3
Parameters: 1 -0.000468007 4.33356e-06 0.000467992 0.999999 0.001424 -5.66643e-06 -0.001424 0.999999 -0.0321718 0.0649645 0.258752
FixedParameters: 0 0 0

#Transform 10
Transform: AffineTransform_float_3_3
Parameters: 1 -0.000318006 4.60917e-06 0.000317994 0.999999 0.001229 -5.39082e-06 -0.001229 0.999999 -0.0410848 0.119326 0.284011
FixedParameters: 0 0 0

#Transform 11
Transform: AffineTransform_float_3_3
Parameters: 1 -0.000381003 4.74473e-06 0.000380996 0.999999 0.000670002 -5.25527e-06 -0.000669998 1 -0.0462578 0.235958 0.275268
FixedParameters: 0 0 0

#Transform 12
Transform: AffineTransform_float_3_3
Parameters: 1 -0.000166969 -4.81082e-05 0.000167031 1 0.000647992 4.78918e-05 -0.000648008 1 -0.0499418 0.256911 0.320145
FixedParameters: 0 0 0

#Transform 13
Transform: AffineTransform_float_3_3
Parameters: 1 -6.70022e-05 4.97072e-06 6.69978e-05 1 0.000437 -5.02928e-06 -0.000437 1 -0.0566926 0.35074 0.367882
FixedParameters: 0 0 0

#Transform 14
Transform: AffineTransform_float_3_3
Parameters: 1 9.29072e-05 0.000222039 -9.30928e-05 1 0.000417979 -0.000221961 -0.000418021 1 -0.0569539 0.358793 0.388196
FixedParameters: 0 0 0

#Transform 15
Transform: AffineTransform_float_3_3
Parameters: 1 8.10146e-05 0.000153992 -8.09854e-05 1 -9.50125e-05 -0.000154008 9.49875e-05 1 -0.0407384 0.291632 0.242032
FixedParameters: 0 0 0

#Transform 16
Transform: AffineTransform_float_3_3
Parameters: 1 -0.000523805 -0.000331308 0.000524195 0.999999 0.000588826 0.000330691 -0.000589173 1 0.00444541 0.166105 0.140936
FixedParameters: 0 0 0

#Transform 17
Transform: AffineTransform_float_3_3
Parameters: 1 -0.000148998 0.000307001 0.000149002 1 -6.95426e-06 -0.000306999 7.04574e-06 1 -0.0201298 0.0905541 0.108884
FixedParameters: 0 0 0

#Transform 18
Transform: AffineTransform_float_3_3
Parameters: 1 0.00027002 -0.000163967 -0.00026998 1 0.000124044 0.000164033 -0.000123956 1 -0.00415886 0.0376806 0.0590081
FixedParameters: 0 0 0

#Transform 19
Transform: AffineTransform_float_3_3
Parameters: 1 -0.000282061 -7.37653e-05 0.000281938 0.999999 -0.00083202 7.42346e-05 0.000831978 0.999999 0.0130338 -0.0146091 0.00674107
FixedParameters: 0 0 0

#Transform 20
Transform: AffineTransform_float_3_3
Parameters: 1 -0.0002821 -0.000144805 0.000281899 0.999999 -0.00069204 0.000145195 0.000691959 1 0.0156465 0.00313306 -0.000412031
FixedParameters: 0 0 0

#Transform 21
Transform: AffineTransform_float_3_3
Parameters: 1 0.000235018 -0.000142971 -0.000234982 1 0.000124034 0.000143029 -0.000123966 1 0.0137621 -0.0517207 0.0434309
FixedParameters: 0 0 0

#Transform 22
Transform: AffineTransform_float_3_3
Parameters: 0.999999 -0.000564934 -0.000652923 0.000566065 0.999998 0.00163263 0.000652076 -0.00163337 0.999999 0.0351523 -0.0636126 0.0944532
FixedParameters: 0 0 0

#Transform 23
Transform: AffineTransform_float_3_3
Parameters: 1 -0.000281806 -0.000332164 0.000281193 1 0.000582906 0.000331836 -0.000583093 1 0.0164784 0.0611284 0.147396
FixedParameters: 0 0 0

#Transform 24
Transform: AffineTransform_float_3_3
Parameters: 1 -0.000435083 -0.000433917 0.000435917 1 -0.000191189 0.000434083 0.000190811 1 0.0127528 0.211202 0.125965
FixedParameters: 0 0 0

#Transform 25
Transform: AffineTransform_float_3_3
Parameters: 1 -0.000392118 -0.000342865 0.000391882 1 -0.000344134 0.000342135 0.000343866 1 -0.0069146 0.297502 0.152787
FixedParameters: 0 0 0

#Transform 26
Transform: AffineTransform_float_3_3
Parameters: 0.999999 -0.000679045 -0.000502938 0.000678954 1 -9.13415e-05 0.000503061 9.06584e-05 1 -0.00310699 0.332052 0.200948
FixedParameters: 0 0 0

#Transform 27
Transform: AffineTransform_float_3_3
Parameters: 1 1.68061e-05 -0.000644005 -1.71938e-05 1 -0.000300989 0.000643995 0.000301011 0.999999 -0.00861996 0.316749 0.229641
FixedParameters: 0 0 0

#Transform 28
Transform: AffineTransform_float_3_3
Parameters: 1 -0.000171907 -0.000644024 0.000172093 1 0.000143889 0.000643975 -0.000144111 1 -0.0118789 0.28678 0.293456
FixedParameters: 0 0 0

#Transform 29
Transform: AffineTransform_float_3_3
Parameters: 0.999995 -0.000905134 -0.00300014 0.000921862 0.999984 0.00562426 0.00299486 -0.00562774 0.999979 0.0307518 0.0688739 0.834605
FixedParameters: 0 0 0

#Transform 30
Transform: AffineTransform_float_3_3
Parameters: 0.999996 -0.000624397 -0.00254063 0.000639603 0.999984 0.0057504 0.00253736 -0.00575261 0.99998 0.0116032 0.163767 0.81527
FixedParameters: 0 0 0

#Transform 31
Transform: AffineTransform_float_3_3
Parameters: 0.999997 -0.000945564 -0.00232152 0.000958431 0.999983 0.00579279 0.00231548 -0.0057952 0.99998 0.00169223 0.0441907 0.798913
FixedParameters: 0 0 0

#Transform 32
Transform: AffineTransform_float_3_3
Parameters: 0.999998 -0.000254955 -0.00207426 0.000265043 0.999988 0.00484346 0.00207274 -0.00484454 0.999986 -0.0244482 0.139311 0.748354
FixedParameters: 0 0 0

#Transform 33
Transform: AffineTransform_float_3_3
Parameters: 1 2.50666e-05 -0.000664961 -2.39349e-05 0.999998 0.00160402 0.000664039 -0.00160398 0.999999 -0.084387 0.180225 0.546904
FixedParameters: 0 0 0

#Transform 34
Transform: AffineTransform_float_3_3
Parameters: 1 -0.000103978 0.000139017 0.000104022 1 -0.000158986 -0.000138983 0.000159014 1 -0.101143 0.22838 0.395098
FixedParameters: 0 0 0

#Transform 35
Transform: AffineTransform_float_3_3
Parameters: 0.999999 0.000712483 0.00119111 -0.000711516 0.999999 -0.00124585 -0.00119189 0.00124415 0.999998 -0.0886686 0.246149 0.182934
FixedParameters: 0 0 0

#Transform 36
Transform: AffineTransform_float_3_3
Parameters: 0.999999 0.000762969 0.00168266 -0.000760031 0.999998 -0.00176428 -0.00168434 0.00176272 0.999997 -0.0811093 0.212001 -0.00862972
FixedParameters: 0 0 0

#Transform 37
Transform: AffineTransform_float_3_3
Parameters: 0.999998 0.000831756 0.00173264 -0.000831245 0.999999 -0.000436441 -0.00173336 0.000435559 0.999999 -0.061001 0.106041 -0.100215
FixedParameters: 0 0 0

#Transform 38
Transform: AffineTransform_float_3_3
Parameters: 0.999999 0.000979053 0.00154433 -0.000977949 1 -0.000681511 -0.00154467 0.000680489 0.999998 -0.0493211 0.0130167 -0.17198
FixedParameters: 0 0 0

#Transform 39
Transform: AffineTransform_float_3_3
Parameters: 0.999999 0.00071084 0.00127353 -0.00071016 0.999999 -0.000659905 -0.00127347 0.000659095 0.999999 -0.0266538 -0.102362 -0.229096
FixedParameters: 0 0 0

#Transform 40
Transform: AffineTransform_float_3_3
Parameters: 0.999999 0.000564322 0.00174057 -0.000562678 0.999999 -0.00075998 -0.00174043 0.000759019 0.999998 -0.0350569 -0.105857 -0.276166
FixedParameters: 0 0 0

#Transform 41
Transform: AffineTransform_float_3_3
Parameters: 0.999998 0.00059499 0.00150161 -0.000594009 0.999999 -0.000659892 -0.00150239 0.000659106 0.999998 -0.00963411 -0.119716 -0.290346
FixedParameters: 0 0 0

#Transform 42
Transform: AffineTransform_float_3_3
Parameters: 0.999999 0.000775505 0.00156675 -0.000774495 0.999999 -0.000323214 -0.00156725 0.000321785 0.999998 -0.0277338 -0.169905 -0.226412
FixedParameters: 0 0 0

#Transform 43
Transform: AffineTransform_float_3_3
Parameters: 0.999998 0.000811454 0.00146975 -0.000810544 0.999999 -0.000310192 -0.00147025 0.000308807 0.999999 -0.0314557 -0.111825 -0.152833
FixedParameters: 0 0 0

#Transform 44
Transform: AffineTransform_float_3_3
Parameters: 0.999999 0.000609407 0.0011923 -0.000610593 0.999999 0.000497272 -0.0011917 -0.000497727 0.999999 -0.0173713 -0.095735 -0.100957
FixedParameters: 0 0 0

#Transform 45
Transform: AffineTransform_float_3_3
Parameters: 0.999999 0.000606394 0.00171922 -0.000606606 1 0.000351958 -0.00171879 -0.000353043 0.999999 -0.0501425 0.101514 -0.0579209
FixedParameters: 0 0 0

#Transform 46
Transform: AffineTransform_float_3_3
Parameters: 0.999998 0.000641435 0.00155082 -0.000641565 1 -0.000280995 -0.00155118 0.000280005 0.999999 -0.0589826 0.198699 -0.0496845
FixedParameters: 0 0 0

#Transform 47
Transform: AffineTransform_float_3_3
Parameters: 0.999999 0.000587028 0.00119149 -0.000585973 1 -0.000862699 -0.00119151 0.000862302 0.999999 -0.0529586 0.263706 -0.0211475
FixedParameters: 0 0 0

#Transform 48
Transform: AffineTransform_float_3_3
Parameters: 0.999999 0.000732661 0.00119159 -0.000731339 0.999999 -0.000554872 -0.00119141 0.000554127 0.999999 -0.050265 0.200284 -0.0201259
FixedParameters: 0 0 0

#Transform 49
Transform: AffineTransform_float_3_3
Parameters: 0.999999 0.000755909 0.00128246 -0.000755091 1 -0.000708969 -0.00128354 0.000708031 0.999999 -0.0611139 0.183978 0.00541737
FixedParameters: 0 0 0

#Transform 50
Transform: AffineTransform_float_3_3
Parameters: 0.999998 0.000743414 0.00182183 -0.000742585 0.999999 -0.000228353 -0.00182217 0.000226646 0.999999 -0.078557 0.117484 0.0109858
FixedParameters: 0 0 0

#Transform 51
Transform: AffineTransform_float_3_3
Parameters: 0.999998 0.000955354 0.00144176 -0.000954646 1 -0.000246377 -0.00144223 0.000244623 0.999999 -0.0646242 0.0666095 0.0197172
FixedParameters: 0 0 0

#Transform 52
Transform: AffineTransform_float_3_3
Parameters: 0.999999 0.00107045 0.000906827 -0.00107155 0.999998 0.00170503 -0.000905174 -0.00170597 0.999998 -0.0453682 -0.0401447 0.0901681
FixedParameters: 0 0 0

#Transform 53
Transform: AffineTransform_float_3_3
Parameters: 0.999998 0.00107668 0.00119229 -0.00107733 1 0.000272716 -0.00119171 -0.000273284 1 -0.0586584 0.0267368 0.0943434
FixedParameters: 0 0 0

#Transform 54
Transform: AffineTransform_float_3_3
Parameters: 1 0.000640235 0.000972845 -0.000640764 1 -0.000242623 -0.000973155 0.000241377 0.999999 -0.0458082 0.0897671 0.0829718
FixedParameters: 0 0 0

#Transform 55
Transform: AffineTransform_float_3_3
Parameters: 0.999999 0.000861553 0.00149711 -0.000859448 0.999999 -0.00103729 -0.00149789 0.00103571 0.999999 -0.054648 0.124623 -0.0232924
FixedParameters: 0 0 0

#Transform 56
Transform: AffineTransform_float_3_3
Parameters: 0.999998 0.000810882 0.00136388 -0.000809117 0.999998 -0.00138011 -0.00136512 0.00137889 0.999998 -0.0426219 0.117131 -0.156145
FixedParameters: 0 0 0

#Transform 57
Transform: AffineTransform_float_3_3
Parameters: 0.999999 0.000945914 0.00124655 -0.000944087 0.999999 -0.00153518 -0.00124745 0.00153382 0.999998 -0.0349201 0.0338384 -0.249566
FixedParameters: 0 0 0

#Transform 58
Transform: AffineTransform_float_3_3
Parameters: 0.999999 0.000695895 0.00124694 -0.000694104 0.999998 -0.00151987 -0.00124806 0.00151913 0.999998 -0.0155101 0.0160203 -0.289303
FixedParameters: 0 0 0

#Transform 59
Transform: AffineTransform_float_3_3
Parameters: 0.999999 0.000708803 0.00124698 -0.000706197 0.999998 -0.00144588 -0.00124802 0.00144512 0.999998 -0.00610965 -0.006349 -0.318863
FixedParameters: 0 0 0

#Transform 60
Transform: AffineTransform_float_3_3
Parameters: 0.999999 0.000247583 0.00124769 -0.000246417 0.999999 -0.00126931 -0.00124731 0.00126869 0.999999 -0.00453942 -0.105759 -0.321916
FixedParameters: 0 0 0

#Transform 61
Transform: AffineTransform_float_3_3
Parameters: 0.999999 0.000398234 0.00124761 -0.000396766 1 -0.000989496 -0.00124739 0.000988504 0.999998 -0.0170927 -0.12862 -0.271718
FixedParameters: 0 0 0

#Transform 62
Transform: AffineTransform_float_3_3
Parameters: 0.999999 0.000644958 0.00117047 -0.000644043 1 -0.000817755 -0.00117153 0.000817246 0.999999 -0.026822 -0.150186 -0.198991
FixedParameters: 0 0 0

#Transform 63
Transform: AffineTransform_float_3_3
Parameters: 0.999999 0.000889992 0.00113222 -0.000889009 0.999999 -0.000876008 -0.00113278 0.000874993 0.999999 -0.0328603 -0.0347643 -0.170332
FixedParameters: 0 0 0

#Transform 64
Transform: AffineTransform_float_3_3
Parameters: 0.999999 0.000949301 0.00082651 -0.000947701 0.999999 -0.00157179 -0.000827491 0.00157122 0.999999 -0.0292938 0.128325 -0.137889
FixedParameters: 0 0 0

#Transform 65
Transform: AffineTransform_float_3_3
Parameters: 1 0.000248904 0.00111636 -0.000246095 0.999996 -0.00260028 -0.00111764 0.00260072 0.999996 -0.0488554 0.284409 -0.106808
FixedParameters: 0 0 0

#Transform 66
Transform: AffineTransform_float_3_3
Parameters: 1 0.000674255 0.000743964 -0.000671747 0.999995 -0.0030255 -0.000746036 0.0030255 0.999995 -0.0474988 0.35364 -0.00633464
FixedParameters: 0 0 0

#Transform 67
Transform: AffineTransform_float_3_3
Parameters: 1 0.00057233 0.00106068 -0.000567668 0.999991 -0.0040786 -0.00106332 0.00407739 0.999991 -0.0641481 0.438411 0.0214621
FixedParameters: 0 0 0

#Transform 68
Transform: AffineTransform_float_3_3
Parameters: 1 0.000568976 0.000959655 -0.000565028 0.999992 -0.00413755 -0.000961347 0.00413746 0.999991 -0.056145 0.364566 0.0206624
FixedParameters: 0 0 0

#Transform 69
Transform: AffineTransform_float_3_3
Parameters: 1 0.000636269 0.00101033 -0.000631733 0.999991 -0.00421964 -0.00101268 0.00421936 0.999991 -0.0760217 0.322505 0.0117952
FixedParameters: 0 0 0

#Transform 70
Transform: AffineTransform_float_3_3
Parameters: 0.999999 0.000943514 0.00109799 -0.000940487 0.999995 -0.00319604 -0.00110101 0.00319497 0.999995 -0.0699757 0.184047 0.0315068
FixedParameters: 0 0 0

#Transform 71
Transform: AffineTransform_float_3_3
Parameters: 0.999998 0.000739269 0.00179325 -0.000734731 0.999997 -0.00238032 -0.00179475 0.00237868 0.999995 -0.0940661 0.190706 0.0545322
FixedParameters: 0 0 0

#Transform 72
Transform: AffineTransform_float_3_3
Parameters: 0.999999 0.00085059 0.00152245 -0.000846408 0.999995 -0.00301329 -0.00152556 0.00301171 0.999995 -0.0880804 0.180889 0.0700996
FixedParameters: 0 0 0

#Transform 73
Transform: AffineTransform_float_3_3
Parameters: 0.999998 0.00115074 0.00152067 -0.00114426 0.999992 -0.00376975 -0.00152532 0.00376825 0.999991 -0.0880978 0.240503 0.0769045
FixedParameters: 0 0 0

#Transform 74
Transform: AffineTransform_float_3_3
Parameters: 0.999998 0.000747969 0.00183277 -0.000740034 0.999991 -0.00434537 -0.00183523 0.00434364 0.999989 -0.0977748 0.267734 0.0552086
FixedParameters: 0 0 0

#Transform 75
Transform: AffineTransform_float_3_3
Parameters: 0.999999 0.00093093 0.001522 -0.000926071 0.999995 -0.00323641 -0.001525 0.00323459 0.999993 -0.0983408 0.272508 0.0434228
FixedParameters: 0 0 0

#Transform 76
Transform: AffineTransform_float_3_3
Parameters: 0.999997 0.000940802 0.00190715 -0.000935198 0.999995 -0.00304079 -0.00190985 0.00303921 0.999993 -0.0918473 0.236484 -0.106137
FixedParameters: 0 0 0

#Transform 77
Transform: AffineTransform_float_3_3
Parameters: 0.999998 0.0010669 0.00177907 -0.0010621 0.999995 -0.00275489 -0.00178193 0.0027531 0.999994 -0.0637755 0.131681 -0.199367
FixedParameters: 0 0 0

#Transform 78
Transform: AffineTransform_float_3_3
Parameters: 0.999998 0.000947878 0.00177994 -0.000943121 0.999997 -0.00217868 -0.00178206 0.00217632 0.999996 -0.0425349 0.0381037 -0.28274
FixedParameters: 0 0 0

#Transform 79
Transform: AffineTransform_float_3_3
Parameters: 0.999999 0.000704292 0.00172066 -0.000701707 0.999998 -0.00191321 -0.00172235 0.00191179 0.999996 -0.0347528 -0.0161677 -0.333709
FixedParameters: 0 0 0

#Transform 80
Transform: AffineTransform_float_3_3
Parameters: 0.999999 0.000691647 0.00166649 -0.000688354 0.999998 -0.00218715 -0.00166851 0.00218685 0.999996 -0.0276252 -0.0844531 -0.356119
FixedParameters: 0 0 0

#Transform 81
Transform: AffineTransform_float_3_3
Parameters: 0.999997 0.000699984 0.00203695 -0.000694017 0.999996 -0.00293642 -0.00203905 0.00293558 0.999993 -0.0428293 -0.0930018 -0.371632
FixedParameters: 0 0 0

#Transform 82
Transform: AffineTransform_float_3_3
Parameters: 0.999998 0.000642849 0.00181965 -0.00063915 0.999997 -0.00211517 -0.00182136 0.00211383 0.999996 -0.0335994 -0.147443 -0.304593
FixedParameters: 0 0 0

#Transform 83
Transform: AffineTransform_float_3_3
Parameters: 0.999999 0.000648151 0.00172082 -0.000644849 0.999998 -0.00183111 -0.00172218 0.00182989 0.999997 -0.036077 -0.0684404 -0.251088
FixedParameters: 0 0 0

#Transform 84
Transform: AffineTransform_float_3_3
Parameters: 0.999998 0.000916915 0.00172045 -0.000914086 0.999998 -0.00169358 -0.00172255 0.00169242 0.999997 -0.0542859 0.0407068 -0.205382
FixedParameters: 0 0 0

#Transform 85
Transform: AffineTransform_float_3_3
Parameters: 0.999998 0.000542463 0.00152177 -0.000538537 0.999998 -0.00227482 -0.00152323 0.00227418 0.999997 -0.0623512 0.232592 -0.170177
FixedParameters: 0 0 0

#Transform 86
Transform: AffineTransform_float_3_3
Parameters: 1 0.000370387 0.00113623 -0.000367612 0.999997 -0.00209942 -0.00113777 0.00209958 0.999997 -0.0559452 0.282136 -0.1324
FixedParameters: 0 0 0

#Transform 87
Transform: AffineTransform_float_3_3
Parameters: 0.999999 0.000379194 0.00119799 -0.000375807 0.999997 -0.00266445 -0.00119901 0.00266455 0.999995 -0.062634 0.319982 -0.0996299
FixedParameters: 0 0 0

#Transform 88
Transform: AffineTransform_float_3_3
Parameters: 0.999998 0.000579535 0.00147562 -0.000576464 0.999997 -0.00239485 -0.00147738 0.00239415 0.999996 -0.0737407 0.257078 -0.0903519
FixedParameters: 0 0 0

#Transform 89
Transform: AffineTransform_float_3_3
Parameters: 0.999998 0.000646708 0.00178795 -0.000641294 0.999994 -0.00319015 -0.00179006 0.00318985 0.999994 -0.085344 0.226097 -0.0687426
FixedParameters: 0 0 0

#Transform 90
Transform: AffineTransform_float_3_3
Parameters: 0.999999 0.000901895 0.00146261 -0.000898106 0.999996 -0.00266032 -0.0014654 0.00265968 0.999996 -0.0784158 0.149305 -0.0680046
FixedParameters: 0 0 0

#Transform 91
Transform: AffineTransform_float_3_3
Parameters: 0.999999 0.000817761 0.00125155 -0.000814237 0.999995 -0.00300302 -0.00125445 0.00300198 0.999994 -0.0790708 0.162772 -0.041211
FixedParameters: 0 0 0

#Transform 92
Transform: AffineTransform_float_3_3
Parameters: 0.999999 0.000897857 0.00157725 -0.000893146 0.999995 -0.00307641 -0.00157976 0.00307559 0.999994 -0.0823393 0.134601 -0.0337653
FixedParameters: 0 0 0

#Transform 93
Transform: AffineTransform_float_3_3
Parameters: 0.999998 0.000772862 0.00145996 -0.000769138 0.999996 -0.00264413 -0.00146204 0.00264288 0.999996 -0.067146 0.137096 -0.048445
FixedParameters: 0 0 0

#Transform 94
Transform: AffineTransform_float_3_3
Parameters: 0.999998 0.000677948 0.00181716 -0.000673052 0.999996 -0.00272223 -0.00181884 0.00272077 0.999994 -0.0675304 0.116295 -0.192948
FixedParameters: 0 0 0

#Transform 95
Transform: AffineTransform_float_3_3
Parameters: 0.999999 0.000845556 0.00146495 -0.000842446 0.999996 -0.00242524 -0.00146705 0.00242476 0.999996 -0.041613 0.0518095 -0.241183
FixedParameters: 0 0 0

#Transform 96
Transform: AffineTransform_float_3_3
Parameters: 0.999998 0.000946499 0.00134855 -0.000943502 0.999996 -0.00259328 -0.00135045 0.00259173 0.999995 -0.0287792 0.0426686 -0.303301
FixedParameters: 0 0 0

#Transform 97
Transform: AffineTransform_float_3_3
Parameters: 0.999999 0.000365878 0.00152107 -0.000361123 0.999996 -0.00254855 -0.00152192 0.00254844 0.999995 0.000317635 0.0229629 -0.311066
FixedParameters: 0 0 0

#Transform 98
Transform: AffineTransform_float_3_3
Parameters: 0.999999 0.000686117 0.00137494 -0.000683882 0.999998 -0.00153994 -0.00137605 0.00153906 0.999998 -0.00689871 -0.0462852 -0.257669
FixedParameters: 0 0 0

#Transform 99
Transform: AffineTransform_float_3_3
Parameters: 0.999998 0.000993327 0.00139163 -0.00099067 0.999996 -0.00239038 -0.00139437 0.00238862 0.999996 -0.0242639 0.0179829 -0.206527
FixedParameters: 0 0 0

#Transform 100
Transform: AffineTransform_float_3_3
Parameters: 0.999999 0.000892211 0.00113527 -0.000889787 0.999997 -0.00194701 -0.00113773 0.00194599 0.999998 -0.0248955 0.0173272 -0.151631
FixedParameters: 0 0 0

#Transform 101
Transform: AffineTransform_float_3_3
Parameters: 0.999999 0.000473684 0.00130203 -0.000471316 0.999998 -0.00206062 -0.00130297 0.00206038 0.999997 -0.0486523 0.169979 -0.139393
FixedParameters: 0 0 0

#Transform 102
Transform: AffineTransform_float_3_3
Parameters: 0.999999 0.000651171 0.00107969 -0.000648829 0.999998 -0.0020097 -0.00108131 0.0020093 0.999998 -0.0519851 0.223774 -0.081
FixedParameters: 0 0 0

#Transform 103
Transform: AffineTransform_float_3_3
Parameters: 1 0.000565518 0.000973542 -0.000562481 0.999996 -0.00258455 -0.000975458 0.00258445 0.999996 -0.0526215 0.271136 -0.0616504
FixedParameters: 0 0 0

#Transform 104
Transform: AffineTransform_float_3_3
Parameters: 0.999999 0.000795676 0.000999877 -0.000793324 0.999996 -0.0026738 -0.00100212 0.0026732 0.999996 -0.061235 0.27497 -0.0569532
FixedParameters: 0 0 0

#Transform 105
Transform: AffineTransform_float_3_3
Parameters: 1 0.000499708 0.000939566 -0.000496292 0.999995 -0.00287947 -0.000941434 0.00287953 0.999996 -0.0630531 0.273979 -0.0669834
FixedParameters: 0 0 0

#Transform 106
Transform: AffineTransform_float_3_3
Parameters: 0.999999 0.000511735 0.000925492 -0.000509265 0.999995 -0.00295447 -0.000926508 0.00295353 0.999995 -0.0656062 0.18102 -0.0582878
FixedParameters: 0 0 0

#Transform 107
Transform: AffineTransform_float_3_3
Parameters: 1 0.000472979 0.00112275 -0.000470023 0.999997 -0.00265253 -0.00112325 0.00265147 0.999996 -0.0843723 0.19597 -0.034904
FixedParameters: 0 0 0

#Transform 108
Transform: AffineTransform_float_3_3
Parameters: 0.999999 0.000455975 0.00126758 -0.000452027 0.999995 -0.00313458 -0.00126842 0.00313343 0.999995 -0.0885162 0.140615 -0.0358961
FixedParameters: 0 0 0

#Transform 109
Transform: AffineTransform_float_3_3
Parameters: 0.999999 0.000591898 0.00113498 -0.000588102 0.999994 -0.00343167 -0.00113703 0.00343133 0.999994 -0.088585 0.173497 -0.0229957
FixedParameters: 0 0 0

#Transform 110
Transform: AffineTransform_float_3_3
Parameters: 0.999999 0.000629057 0.00138572 -0.000623946 0.999993 -0.00364687 -0.00138728 0.00364613 0.999993 -0.0829071 0.195168 -0.0870827
FixedParameters: 0 0 0

#Transform 111
Transform: AffineTransform_float_3_3
Parameters: 0.999999 0.000650446 0.00139648 -0.000645552 0.999992 -0.00389691 -0.00139953 0.0038961 0.999992 -0.0759431 0.163039 -0.211995
FixedParameters: 0 0 0

#Transform 112
Transform: AffineTransform_float_3_3
Parameters: 0.999999 0.000385136 0.00151746 -0.000378866 0.999992 -0.00404158 -0.00151854 0.00404142 0.99999 -0.0635581 0.155077 -0.283374
FixedParameters: 0 0 0

#Transform 113
Transform: AffineTransform_float_3_3
Parameters: 0.999999 0.000471781 0.00136035 -0.000467217 0.999993 -0.00351264 -0.00136265 0.00351236 0.999993 -0.0537739 0.0774806 -0.27954
FixedParameters: 0 0 0

#Transform 114
Transform: AffineTransform_float_3_3
Parameters: 0.999998 0.0010711 0.00206633 -0.0010639 0.999993 -0.00343521 -0.00206967 0.00343379 0.999992 -0.0674571 -0.0117471 -0.316546
FixedParameters: 0 0 0

#Transform 115
Transform: AffineTransform_float_3_3
Parameters: 0.999991 0.00174181 0.00369145 -0.00173019 0.999994 -0.00319942 -0.00369755 0.00319359 0.999988 -0.106952 -0.0772531 -0.448869
FixedParameters: 0 0 0

#Transform 116
Transform: AffineTransform_float_3_3
Parameters: 0.999996 0.00165058 0.00255741 -0.00164543 0.999997 -0.00218122 -0.00256059 0.00217778 0.999995 -0.0890652 -0.014518 -0.197261
FixedParameters: 0 0 0

#Transform 117
Transform: AffineTransform_float_3_3
Parameters: 0.999996 0.00142748 0.00215438 -0.00142152 0.999996 -0.00254207 -0.00215862 0.00253893 0.999995 -0.103884 0.134393 -0.141905
FixedParameters: 0 0 0

#Transform 118
Transform: AffineTransform_float_3_3
Parameters: 0.999996 0.00117776 0.00228004 -0.00117225 0.999996 -0.00252368 -0.00228296 0.00252132 0.999994 -0.104881 0.176855 -0.141384
FixedParameters: 0 0 0

#Transform 119
Transform: AffineTransform_float_3_3
Parameters: 0.999997 0.00108937 0.00225846 -0.00108163 0.999994 -0.00326045 -0.00226254 0.00325755 0.999992 -0.124901 0.246969 -0.209323
FixedParameters: 0 0 0

#Transform 120
Transform: AffineTransform_float_3_3
Parameters: 0.999994 0.00195823 0.00268668 -0.00194377 0.999984 -0.00529025 -0.00269631 0.00528475 0.999983 -0.130187 0.118702 -0.587617
FixedParameters: 0 0 0

#Transform 121
Transform: AffineTransform_float_3_3
Parameters: 0.999996 0.00177037 0.0022578 -0.00176463 0.999995 -0.00237799 -0.0022622 0.002374 0.999994 -0.129144 0.0327706 -0.0435407
FixedParameters: 0 0 0

#Transform 122
Transform: AffineTransform_float_3_3
Parameters: 0.999997 0.0014113 0.00222902 -0.0014047 0.999995 -0.00282614 -0.00223298 0.00282286 0.999993 -0.107432 0.141791 -0.0802078
FixedParameters: 0 0 0

#Transform 123
Transform: AffineTransform_float_3_3
Parameters: 0.999996 0.00172706 0.0021752 -0.00172194 0.999994 -0.00278575 -0.0021808 0.00278124 0.999994 -0.100199 0.214467 -0.196876
FixedParameters: 0 0 0

#Transform 124
Transform: AffineTransform_float_3_3
Parameters: 0.999997 0.00122613 0.00222709 -0.00121987 0.999994 -0.00319973 -0.00223091 0.00319728 0.999993 -0.0819123 0.157687 -0.269585
FixedParameters: 0 0 0

#Transform 125
Transform: AffineTransform_float_3_3
Parameters: 0.999996 0.0015149 0.00208272 -0.0015091 0.999995 -0.00283115 -0.00208728 0.00282885 0.999994 -0.0777968 0.00762206 -0.241317
FixedParameters: 0 0 0

#Transform 126
Transform: AffineTransform_float_3_3
Parameters: 0.999998 0.00108778 0.00196982 -0.00108222 0.999995 -0.00293214 -0.00197318 0.00292986 0.999994 -0.0817968 0.0287261 -0.217343
FixedParameters: 0 0 0

#Transform 127
Transform: AffineTransform_float_3_3
Parameters: 0.999997 0.00108773 0.0021441 -0.00108227 0.999996 -0.00267133 -0.0021469 0.00266967 0.999994 -0.0921011 0.081894 -0.190521
FixedParameters: 0 0 0

#Transform 128
Transform: AffineTransform_float_3_3
Parameters: 0.999998 0.0010867 0.00173506 -0.00108229 0.999995 -0.00271088 -0.00173794 0.00270812 0.999995 -0.082907 0.142491 -0.179591
FixedParameters: 0 0 0

#Transform 129
Transform: AffineTransform_float_3_3
Parameters: 0.999998 0.00108705 0.00178193 -0.00108195 0.999996 -0.00282994 -0.00178507 0.00282807 0.999995 -0.0810686 0.197637 -0.160004
FixedParameters: 0 0 0

#Transform 130
Transform: AffineTransform_float_3_3
Parameters: 0.999998 0.000755282 0.00178077 -0.000750717 0.999996 -0.00296534 -0.00178323 0.00296366 0.999994 -0.0911111 0.274648 -0.143631
FixedParameters: 0 0 0

#Transform 131
Transform: AffineTransform_float_3_3
Parameters: 0.999998 0.0011778 0.00155338 -0.00117221 0.999995 -0.00308483 -0.00155662 0.00308317 0.999994 -0.0891247 0.286107 -0.147746
FixedParameters: 0 0 0

#Transform 132
Transform: AffineTransform_float_3_3
Parameters: 0.999998 0.00109076 0.00194122 -0.00108324 0.999994 -0.00347911 -0.00194478 0.00347689 0.999992 -0.0760418 0.286773 -0.225916
FixedParameters: 0 0 0

#Transform 133
Transform: AffineTransform_float_3_3
Parameters: 0.999997 0.00109946 0.00188826 -0.00109254 0.999993 -0.00341707 -0.00189174 0.00341493 0.999993 -0.0582862 0.118338 -0.297511
FixedParameters: 0 0 0

#Transform 134
Transform: AffineTransform_float_3_3
Parameters: 0.999998 0.000675521 0.00220471 -0.000668478 0.999994 -0.00341048 -0.00220729 0.00340852 0.999992 -0.0456579 0.0121754 -0.368087
FixedParameters: 0 0 0

#Transform 135
Transform: AffineTransform_float_3_3
Parameters: 0.999998 0.000608757 0.00189316 -0.000603243 0.999995 -0.00304015 -0.00189484 0.00303885 0.999993 -0.0340535 -0.0759996 -0.390831
FixedParameters: 0 0 0

#Transform 136
Transform: AffineTransform_float_3_3
Parameters: 0.999998 0.000572181 0.00197122 -0.000565816 0.999995 -0.00313512 -0.00197378 0.00313388 0.999993 -0.043205 -0.151096 -0.378211
FixedParameters: 0 0 0

#Transform 137
Transform: AffineTransform_float_3_3
Parameters: 0.999997 0.000751662 0.00229415 -0.000746336 0.999996 -0.00246872 -0.00229585 0.00246628 0.999995 -0.0544093 -0.175243 -0.315614
FixedParameters: 0 0 0

#Transform 138
Transform: AffineTransform_float_3_3
Parameters: 0.999997 0.000659963 0.00213647 -0.000655039 0.999997 -0.00232241 -0.00213753 0.0023216 0.999995 -0.065261 -0.125773 -0.274709
FixedParameters: 0 0 0

#Transform 139
Transform: AffineTransform_float_3_3
Parameters: 0.999998 0.000637254 0.00191026 -0.000631746 0.999996 -0.00275021 -0.00191174 0.00274879 0.999995 -0.0670767 0.0997101 -0.254261
FixedParameters: 0 0 0

#Transform 140
Transform: AffineTransform_float_3_3
Parameters: 0.999999 0.000344101 0.00144503 -0.0003399 0.999996 -0.00283649 -0.00144597 0.00283651 0.999995 -0.0568287 0.21346 -0.229069
FixedParameters: 0 0 0

#Transform 141
Transform: AffineTransform_float_3_3
Parameters: 0.999999 0.00033661 0.0013969 -0.000331394 0.999994 -0.00329846 -0.0013971 0.00329853 0.999993 -0.0632965 0.337609 -0.213352
FixedParameters: 0 0 0

#Transform 142
Transform: AffineTransform_float_3_3
Parameters: 0.999999 0.000340112 0.00124588 -0.000335888 0.999994 -0.00329842 -0.00124711 0.00329858 0.999994 -0.0606227 0.31789 -0.19118
FixedParameters: 0 0 0

#Transform 143
Transform: AffineTransform_float_3_3
Parameters: 0.999999 0.000574196 0.00138886 -0.000568803 0.999993 -0.00373879 -0.00139114 0.00373821 0.999992 -0.0754465 0.324982 -0.189508
FixedParameters: 0 0 0

#Transform 144
Transform: AffineTransform_float_3_3
Parameters: 0.999999 0.00057353 0.00125494 -0.000568471 0.999994 -0.00360672 -0.00125706 0.00360628 0.999992 -0.0731815 0.229549 -0.166156
FixedParameters: 0 0 0

#Transform 145
Transform: AffineTransform_float_3_3
Parameters: 0.999999 0.00055836 0.00138585 -0.00055364 0.999993 -0.00386477 -0.00138815 0.00386423 0.999991 -0.081974 0.159175 -0.169937
FixedParameters: 0 0 0

#Transform 146
Transform: AffineTransform_float_3_3
Parameters: 0.999998 0.00118444 0.00167687 -0.00117955 0.999996 -0.00264898 -0.00168013 0.00264702 0.999995 -0.109439 0.0266403 -0.139789
FixedParameters: 0 0 0

#Transform 147
Transform: AffineTransform_float_3_3
Parameters: 0.999999 0.000735031 0.0015772 -0.00072897 0.999992 -0.00382116 -0.0015798 0.00381984 0.999992 -0.105485 0.104705 -0.150217
FixedParameters: 0 0 0

#Transform 148
Transform: AffineTransform_float_3_3
Parameters: 0.999999 0.000678685 0.0017374 -0.000672317 0.999993 -0.00384518 -0.0017396 0.00384383 0.999991 -0.100599 0.120816 -0.141966
FixedParameters: 0 0 0

#Transform 149
Transform: AffineTransform_float_3_3
Parameters: 0.999998 0.000549419 0.00186812 -0.000542581 0.999994 -0.00343502 -0.00186988 0.00343398 0.999993 -0.113245 0.22507 -0.108633
FixedParameters: 0 0 0

#Transform 150
Transform: AffineTransform_float_3_3
Parameters: 0.999997 0.000550942 0.00210494 -0.000543057 0.999992 -0.00377215 -0.00210706 0.00377085 0.99999 -0.119967 0.223618 -0.0981651
FixedParameters: 0 0 0

#Transform 151
Transform: AffineTransform_float_3_3
Parameters: 0.999997 0.00114232 0.0024627 -0.00113368 0.999992 -0.00378081 -0.0024673 0.0037782 0.99999 -0.10669 0.234582 -0.200754
FixedParameters: 0 0 0

#Transform 152
Transform: AffineTransform_float_3_3
Parameters: 0.999998 0.000964749 0.00202433 -0.000957254 0.999992 -0.00382495 -0.00202768 0.00382305 0.99999 -0.0783826 0.164855 -0.31477
FixedParameters: 0 0 0

#Transform 153
Transform: AffineTransform_float_3_3
Parameters: 0.999997 0.000552562 0.00231674 -0.000542436 0.999992 -0.00412627 -0.00231926 0.00412473 0.999989 -0.0781627 0.113374 -0.375629
FixedParameters: 0 0 0

#Transform 154
Transform: AffineTransform_float_3_3
Parameters: 0.999997 0.00092154 0.00220145 -0.000912462 0.999992 -0.00387702 -0.00220455 0.00387498 0.99999 -0.0888858 0.0272775 -0.394871
FixedParameters: 0 0 0

#Transform 155
Transform: AffineTransform_float_3_3
Parameters: 0.999998 0.000944026 0.00176078 -0.000937974 0.999993 -0.00341966 -0.00176422 0.00341834 0.999992 -0.0771915 -0.0302838 -0.37246
FixedParameters: 0 0 0

#Transform 156
Transform: AffineTransform_float_3_3
Parameters: 0.999998 0.000850328 0.00186413 -0.000843671 0.999994 -0.00339358 -0.00186687 0.00339142 0.999993 -0.0791267 0.0330117 -0.329628
FixedParameters: 0 0 0

#Transform 157
Transform: AffineTransform_float_3_3
Parameters: 0.999998 0.000955208 0.00180773 -0.000948789 0.999993 -0.00343272 -0.00181127 0.00343028 0.999993 -0.0781186 0.0640076 -0.304714
FixedParameters: 0 0 0

#Transform 158
Transform: AffineTransform_float_3_3
Parameters: 0.999998 0.000727539 0.00177734 -0.000721462 0.999993 -0.00367729 -0.00177966 0.00367571 0.999991 -0.0799395 0.182146 -0.240813
FixedParameters: 0 0 0

#Transform 159
Transform: AffineTransform_float_3_3
Parameters: 0.999997 0.000740718 0.00203921 -0.000733281 0.999992 -0.0037835 -0.00204179 0.00378149 0.999991 -0.0897052 0.221616 -0.225416
FixedParameters: 0 0 0

#Transform 160
Transform: AffineTransform_float_3_3
Parameters: 0.999998 0.000548835 0.00158599 -0.000543165 0.999993 -0.00367687 -0.00158801 0.00367613 0.999992 -0.0902335 0.286472 -0.180365
FixedParameters: 0 0 0

#Transform 161
Transform: AffineTransform_float_3_3
Parameters: 0.999998 0.000518096 0.001822 -0.000510904 0.999993 -0.00389294 -0.001824 0.00389206 0.999991 -0.102183 0.311371 -0.180374
FixedParameters: 0 0 0

#Transform 162
Transform: AffineTransform_float_3_3
Parameters: 0.999999 0.000717752 0.00137902 -0.000711248 0.999991 -0.00416699 -0.00138198 0.00416601 0.999991 -0.107674 0.294233 -0.155008
FixedParameters: 0 0 0

#Transform 163
Transform: AffineTransform_float_3_3
Parameters: 0.999998 0.000643965 0.00158318 -0.000637035 0.99999 -0.00439602 -0.00158581 0.00439499 0.999989 -0.114886 0.312087 -0.166458
FixedParameters: 0 0 0

#Transform 164
Transform: AffineTransform_float_3_3
Parameters: 0.999999 0.000629884 0.00173888 -0.000624116 0.999994 -0.00338209 -0.00174112 0.00338091 0.999993 -0.120528 0.21733 -0.10541
FixedParameters: 0 0 0

#Transform 165
Transform: AffineTransform_float_3_3
Parameters: 0.999998 0.000966808 0.00169682 -0.000970189 0.999998 0.00188036 -0.00169418 -0.00188264 0.999997 -0.134367 0.0296975 0.0717484
FixedParameters: 0 0 0

#Transform 166
Transform: AffineTransform_float_3_3
Parameters: 0.999998 0.0010194 0.0020413 -0.0010196 1 0.00029492 -0.0020407 -0.000297081 0.999998 -0.146655 0.0364229 0.0272468
FixedParameters: 0 0 0

#Transform 167
Transform: AffineTransform_float_3_3
Parameters: 0.999997 0.00109444 0.00223432 -0.00109056 0.999998 -0.00154144 -0.00223668 0.00153956 0.999997 -0.125869 0.110448 -0.11641
FixedParameters: 0 0 0

#Transform 168
Transform: AffineTransform_float_3_3
Parameters: 0.999997 0.000969311 0.00255061 -0.000963689 0.999997 -0.00247447 -0.00255339 0.00247153 0.999993 -0.10521 0.0200172 -0.294531
FixedParameters: 0 0 0

#Transform 169
Transform: AffineTransform_float_3_3
Parameters: 0.999997 0.000867374 0.00227896 -0.000861626 0.999997 -0.00235797 -0.00228104 0.00235603 0.999994 -0.0819379 0.00291602 -0.376803
FixedParameters: 0 0 0

#Transform 170
Transform: AffineTransform_float_3_3
Parameters: 0.999997 0.00114918 0.00225637 -0.00114382 0.999996 -0.00229459 -0.00225963 0.00229141 0.999995 -0.0821843 -0.0239033 -0.426039
FixedParameters: 0 0 0

#Transform 171
Transform: AffineTransform_float_3_3
Parameters: 0.999964 0.000609471 0.00839063 -0.000575527 0.999992 -0.00399097 -0.00839336 0.00398602 0.999957 -0.396689 0.0715818 -0.89542
FixedParameters: 0 0 0

#Transform 172
Transform: AffineTransform_float_3_3
Parameters: 0.999985 0.00137505 0.00532867 -0.00141195 0.999975 0.00693658 -0.00531933 -0.00694342 0.999961 -0.353012 -0.28626 0.532303
FixedParameters: 0 0 0

#Transform 173
Transform: AffineTransform_float_3_3
Parameters: 0.999998 0.00101959 0.00207565 -0.00102841 0.999989 0.00453588 -0.00207136 -0.00453812 0.999987 -0.176488 0.0345154 0.44207
FixedParameters: 0 0 0

#Transform 174
Transform: AffineTransform_float_3_3
Parameters: 0.999997 0.000914185 0.00235466 -0.000920816 0.999996 0.00289484 -0.00235234 -0.00289716 0.999993 -0.175855 0.270416 0.409601
FixedParameters: 0 0 0

#Transform 175
Transform: AffineTransform_float_3_3
Parameters: 0.999996 0.00101841 0.00242735 -0.00102358 0.999997 0.00230052 -0.00242465 -0.00230348 0.999995 -0.175919 0.338521 0.378148
FixedParameters: 0 0 0

#Transform 176
Transform: AffineTransform_float_3_3
Parameters: 0.999997 0.000948465 0.0025457 -0.000953538 0.999998 0.00178158 -0.00254431 -0.00178342 0.999995 -0.174108 0.382369 0.370123
FixedParameters: 0 0 0

#Transform 177
Transform: AffineTransform_float_3_3
Parameters: 0.999996 0.00113768 0.00259845 -0.00114132 0.999999 0.00127604 -0.00259754 -0.00127896 0.999996 -0.174014 0.435527 0.358204
FixedParameters: 0 0 0

#Transform 178
Transform: AffineTransform_float_3_3
Parameters: 0.999996 0.00102274 0.00282491 -0.00102826 0.999997 0.0018611 -0.00282309 -0.0018639 0.999995 -0.104773 0.399908 0.274073
FixedParameters: 0 0 0

#Transform 179
Transform: AffineTransform_float_3_3
Parameters: 0.999997 0.000375814 0.00212774 -0.000380184 0.999998 0.0019672 -0.00212626 -0.0019678 0.999996 -0.0602732 0.223889 0.211991
FixedParameters: 0 0 0

#Transform 180
Transform: AffineTransform_float_3_3
Parameters: 0.999999 0.000378053 0.0014635 -0.000380946 0.999999 0.00133044 -0.00146249 -0.00133055 0.999998 -0.0207422 0.0961686 0.0254886
FixedParameters: 0 0 0

#Transform 181
Transform: AffineTransform_float_3_3
Parameters: 0.999999 0.000623213 0.00171402 -0.000625787 0.999999 0.00162593 -0.00171299 -0.00162707 0.999997 -0.0183595 -0.0830439 -0.0259101
FixedParameters: 0 0 0

#Transform 182
Transform: AffineTransform_float_3_3
Parameters: 0.999998 0.000778967 0.00146408 -0.000781031 0.999998 0.00138786 -0.00146292 -0.00138914 0.999998 -0.0250374 -0.0965671 -0.0120274
FixedParameters: 0 0 0

#Transform 183
Transform: AffineTransform_float_3_3
Parameters: 0.999999 0.000965281 0.000959732 -0.000967719 0.999998 0.00179207 -0.000958267 -0.00179293 0.999998 -0.0262408 -0.110029 0.0490764
FixedParameters: 0 0 0

#Transform 184
Transform: AffineTransform_float_3_3
Parameters: 1 0.000412399 0.00114758 -0.000413602 0.999999 0.00139553 -0.00114742 -0.00139547 0.999999 -0.0448767 0.0920704 0.0648388
FixedParameters: 0 0 0

#Transform 185
Transform: AffineTransform_float_3_3
Parameters: 0.999999 0.000355496 0.000914586 -0.000356504 0.999998 0.00164467 -0.000914414 -0.00164533 0.999998 -0.0474408 0.180873 0.0832981
FixedParameters: 0 0 0

#Transform 186
Transform: AffineTransform_float_3_3
Parameters: 0.999999 0.000195808 0.000812288 -0.000197192 0.999999 0.00146884 -0.000811711 -0.00146816 0.999998 -0.0373381 0.372439 0.128933
FixedParameters: 0 0 0

#Transform 187
Transform: AffineTransform_float_3_3
Parameters: 1 0.000197877 0.000537415 -0.000199122 0.999998 0.00209089 -0.000536585 -0.00209111 0.999997 -0.0434831 0.334381 0.150753
FixedParameters: 0 0 0

#Transform 188
Transform: AffineTransform_float_3_3
