# transform file /out/sourcedata/freesurfer/sub-v2s11x28690_ses-1/mri/transforms/cc_up.lta
# created by oesteban on Tue Mar 10 17:12:46 2026

type      = 0 # LINEAR_VOX_TO_VOX
nxforms   = 1
mean      = 158.0000 160.0000 159.0000
sigma     = 10000.0000
1 4 4
9.996195435523987e-01 -6.312645506113768e-03 -2.685065381228924e-02 -2.491009902954102e+01 
6.310369353741407e-03 9.999800920486450e-01 -1.695020328043029e-04 -1.896819686889648e+01 
2.685118839144707e-02 0.000000000000000e+00 9.996394515037537e-01 -2.918732070922852e+01 
0.000000000000000e+00 0.000000000000000e+00 0.000000000000000e+00 1.000000000000000e+00 
src volume info
valid = 1  # volume info valid
filename = /out/sourcedata/freesurfer/sub-v2s11x28690_ses-1/mri/norm.mgz
volume = 320 320 320
voxelsize = 7.999998927116394e-01 7.999998927116394e-01 7.999998927116394e-01
xras   = -9.999999403953552e-01 0.000000000000000e+00 0.000000000000000e+00
yras   = 0.000000000000000e+00 0.000000000000000e+00 -9.999999403953552e-01
zras   = 0.000000000000000e+00 9.999999403953552e-01 0.000000000000000e+00
cras   = 2.106201171875000e+00 6.697998046875000e+00 -2.238235473632812e-01
dst volume info
valid = 1  # volume info valid
filename = /out/sourcedata/freesurfer/sub-v2s11x28690_ses-1/mri/norm.mgz
volume = 320 320 320
voxelsize = 7.999998927116394e-01 7.999998927116394e-01 7.999998927116394e-01
xras   = -9.999999403953552e-01 0.000000000000000e+00 0.000000000000000e+00
yras   = 0.000000000000000e+00 0.000000000000000e+00 -9.999999403953552e-01
zras   = 0.000000000000000e+00 9.999999403953552e-01 0.000000000000000e+00
cras   = 2.106201171875000e+00 6.697998046875000e+00 -2.238235473632812e-01
