# transform file transforms/talairach.lta
# created by oesteban on Tue Mar 10 15:08:11 2026

type      = 0 # LINEAR_VOX_TO_VOX
nxforms   = 1
mean      = 159.0000 161.0000 159.0000
sigma     = 10000.0000
1 4 4
8.145634531974792e-01 -3.065769374370575e-02 2.879502018913627e-03 -2.015787363052368e-01 
2.614101395010948e-02 9.167237877845764e-01 -9.917020052671432e-02 -2.393509292602539e+01 
4.247699980624020e-04 9.581101685762405e-02 7.839616537094116e-01 -3.177433776855469e+01 
0.000000000000000e+00 0.000000000000000e+00 0.000000000000000e+00 1.000000000000000e+00 
src volume info
valid = 1  # volume info valid
filename = nu.mgz
volume = 320 320 320
voxelsize = 7.999998927116394e-01 7.999998927116394e-01 7.999998927116394e-01
xras   = -9.999999403953552e-01 0.000000000000000e+00 0.000000000000000e+00
yras   = 0.000000000000000e+00 0.000000000000000e+00 -9.999999403953552e-01
zras   = 0.000000000000000e+00 9.999999403953552e-01 0.000000000000000e+00
cras   = 2.106201171875000e+00 6.697998046875000e+00 -2.238235473632812e-01
dst volume info
valid = 1  # volume info valid
filename = /opt/freesurfer/average/RB_all_2020-01-02.gca
volume = 256 256 256
voxelsize = 1.000000000000000e+00 1.000000000000000e+00 1.000000000000000e+00
xras   = -1.000000000000000e+00 0.000000000000000e+00 0.000000000000000e+00
yras   = 0.000000000000000e+00 0.000000000000000e+00 -1.000000000000000e+00
zras   = 0.000000000000000e+00 1.000000000000000e+00 0.000000000000000e+00
cras   = 0.000000000000000e+00 0.000000000000000e+00 0.000000000000000e+00
