#Insight Transform File V1.0
#Transform 0
Transform: AffineTransform_float_3_3
Parameters: 0.999998 -0.001995 0.000228988 0.001995 0.999998 6.45684e-06 -0.000229013 -6.54313e-06 1 -0.0332568 0.236646 0.28993
FixedParameters: 0 0 0

#Transform 1
Transform: AffineTransform_float_3_3
Parameters: 0.999998 -0.00209622 0.000261274 0.00209578 0.999998 0.00082355 -0.000263727 -0.00082345 1 -0.02449 0.281939 0.298243
FixedParameters: 0 0 0

#Transform 2
Transform: AffineTransform_float_3_3
Parameters: 0.999998 -0.00198514 0.000257928 0.00198486 0.999998 0.000540513 -0.000258071 -0.000539489 1 -0.0300968 0.272759 0.305074
FixedParameters: 0 0 0

#Transform 3
Transform: AffineTransform_float_3_3
Parameters: 0.999999 -0.00186108 0.000180186 0.00186092 0.999998 0.000437336 -0.000181815 -0.000437662 1 -0.0251951 0.279226 0.268339
FixedParameters: 0 0 0

#Transform 4
Transform: AffineTransform_float_3_3
Parameters: 0.999998 -0.0019549 0.000139439 0.0019551 0.999998 -0.000735728 -0.000137561 0.00073627 0.999999 -0.015895 0.259534 0.199417
FixedParameters: 0 0 0

#Transform 5
Transform: AffineTransform_float_3_3
Parameters: 0.999998 -0.00191587 0.000139812 0.00191613 0.999997 -0.000945733 -0.000137187 0.000946264 0.999999 -0.0163429 0.243542 0.174392
FixedParameters: 0 0 0

#Transform 6
Transform: AffineTransform_float_3_3
Parameters: 0.999998 -0.0019729 0.000195986 0.0019731 0.999998 -0.000499614 -0.000195013 0.000500386 1 -0.0233464 0.216609 0.202352
FixedParameters: 0 0 0

#Transform 7
Transform: AffineTransform_float_3_3
Parameters: 0.999999 -0.00180382 0.000263228 0.00180318 0.999998 -0.000680526 -0.000261772 0.000681473 0.999999 -0.0266838 0.190478 0.217093
FixedParameters: 0 0 0

#Transform 8
Transform: AffineTransform_float_3_3
Parameters: 0.999998 -0.00186991 0.000139273 0.00186909 0.999998 -0.000680741 -0.000137727 0.000681259 1 -0.0333854 0.195615 0.225088
FixedParameters: 0 0 0

#Transform 9
Transform: AffineTransform_float_3_3
Parameters: 0.999999 -0.000915225 -0.000346405 0.000914774 1 -0.000650317 0.000347594 0.000649682 0.999999 -0.0812456 0.227889 0.238837
FixedParameters: 0 0 0

#Transform 10
Transform: AffineTransform_float_3_3
Parameters: 0.999999 -0.000805893 0.000138624 0.000806107 1 -0.000774889 -0.000137375 0.000775111 0.999999 -0.0744146 0.225569 0.234317
FixedParameters: 0 0 0

#Transform 11
Transform: AffineTransform_float_3_3
Parameters: 0.999998 -0.00164304 -0.000250725 0.00164296 0.999998 -0.000167412 0.000251274 0.000166587 1 -0.0527662 0.289917 0.228365
FixedParameters: 0 0 0

#Transform 12
Transform: AffineTransform_float_3_3
Parameters: 0.999998 -0.00164289 -0.000216813 0.00164311 0.999998 0.000494644 0.000216186 -0.000495356 1 -0.0521446 0.270465 0.243583
FixedParameters: 0 0 0

#Transform 13
Transform: AffineTransform_float_3_3
Parameters: 0.999999 -0.00150974 -0.000416952 0.00151026 0.999998 0.000630371 0.000416046 -0.000631629 0.999999 -0.0641312 0.329371 0.256135
FixedParameters: 0 0 0

#Transform 14
Transform: AffineTransform_float_3_3
Parameters: 0.999999 -0.00182436 0.000211957 0.00182464 0.999997 0.00166839 -0.000215045 -0.00166861 0.999998 0.099097 0.323283 0.245235
FixedParameters: 0 0 0

#Transform 15
Transform: AffineTransform_float_3_3
Parameters: 0.999999 -0.000618977 0.000710417 0.000616021 0.999991 0.00418244 -0.000713583 -0.00418256 0.999991 0.458874 0.147041 0.230255
FixedParameters: 0 0 0

#Transform 16
Transform: AffineTransform_float_3_3
Parameters: 0.999999 0.00114699 -0.00101049 -0.00114301 0.999991 0.00394016 0.00101551 -0.00393884 0.999991 0.281285 0.151801 0.141018
FixedParameters: 0 0 0

#Transform 17
Transform: AffineTransform_float_3_3
Parameters: 0.999993 0.00213235 -0.00325921 -0.00212466 0.999995 0.00225594 0.0032638 -0.00224906 0.999992 -0.0614721 0.15763 -0.0119622
FixedParameters: 0 0 0

#Transform 18
Transform: AffineTransform_float_3_3
Parameters: 0.999994 0.00194961 -0.00288354 -0.00194239 0.999996 0.00229362 0.00288846 -0.00228838 0.999993 -0.109886 0.176265 -0.0117784
FixedParameters: 0 0 0

#Transform 19
Transform: AffineTransform_float_3_3
Parameters: 0.999997 0.00163654 -0.00210047 -0.00163146 0.999997 0.00216244 0.00210453 -0.00215857 0.999996 -0.0872764 0.138122 0.0259208
FixedParameters: 0 0 0

#Transform 20
Transform: AffineTransform_float_3_3
Parameters: 0.999999 -0.000223522 0.000713149 0.000224477 1 -0.00066984 -0.000712849 0.000670159 0.999999 0.0272325 -0.0710553 -0.0209036
FixedParameters: 0 0 0

#Transform 21
Transform: AffineTransform_float_3_3
Parameters: 0.999996 -0.00248553 0.000706648 0.00248447 0.999994 0.00215476 -0.000711351 -0.00215224 0.999998 0.0534095 0.0246098 0.310035
FixedParameters: 0 0 0

#Transform 22
Transform: AffineTransform_float_3_3
Parameters: 0.999998 -0.00166138 0.000237372 0.00166162 0.999998 0.0015824 -0.000239628 -0.0015816 0.999998 0.0177548 0.195388 0.294015
FixedParameters: 0 0 0

#Transform 23
Transform: AffineTransform_float_3_3
Parameters: 0.999999 -0.00130713 0.000109472 0.00130787 0.999998 0.00116914 -0.000111529 -0.00116885 1 0.00131296 0.394646 0.192023
FixedParameters: 0 0 0

#Transform 24
Transform: AffineTransform_float_3_3
Parameters: 0.999999 -0.00127336 -0.000308671 0.00127465 0.999997 0.00209661 0.000306329 -0.00209639 0.999998 -0.0287896 0.36695 0.31662
FixedParameters: 0 0 0

#Transform 25
Transform: AffineTransform_float_3_3
Parameters: 1 -0.000886716 -0.000752517 0.000887284 0.999998 0.00170833 0.000750486 -0.00170867 0.999999 -0.0674294 0.233485 0.296471
FixedParameters: 0 0 0

#Transform 26
Transform: AffineTransform_float_3_3
Parameters: 0.999999 -0.000381115 -0.000750941 0.000380885 1 -0.000153286 0.000751058 0.000153714 0.999999 -0.0784698 0.228874 0.209796
FixedParameters: 0 0 0

#Transform 27
Transform: AffineTransform_float_3_3
Parameters: 0.999993 0.00140456 -0.00341283 -0.00140844 0.999998 -0.0012992 0.00341017 0.0013038 0.999994 -0.304872 0.176839 0.102804
FixedParameters: 0 0 0

#Transform 28
Transform: AffineTransform_float_3_3
Parameters: 0.999991 0.00219654 -0.00347872 -0.00220346 0.999996 -0.00214135 0.00347428 0.00214965 0.999991 -0.330957 0.107286 0.078482
FixedParameters: 0 0 0

#Transform 29
Transform: AffineTransform_float_3_3
Parameters: 0.999993 0.00159882 -0.0031971 -0.00160718 0.999996 -0.00255888 0.00319289 0.00256412 0.999991 -0.296088 0.131854 0.0338704
FixedParameters: 0 0 0

#Transform 30
Transform: AffineTransform_float_3_3
Parameters: 0.999992 0.0017501 -0.00358534 -0.0017609 0.999994 -0.00303971 0.00358066 0.00304529 0.999989 -0.332699 0.0602146 -0.00308876
FixedParameters: 0 0 0

#Transform 31
Transform: AffineTransform_float_3_3
Parameters: 0.999994 0.000684257 -0.00333877 -0.000688745 0.999999 -0.00112071 0.00333723 0.00112229 0.999994 -0.267206 0.0387846 0.026935
FixedParameters: 0 0 0

#Transform 32
Transform: AffineTransform_float_3_3
Parameters: 0.999996 0.00145798 -0.00218568 -0.00145902 0.999999 -0.000464813 0.00218532 0.000468188 0.999998 -0.180962 0.141985 0.0128163
FixedParameters: 0 0 0

#Transform 33
Transform: AffineTransform_float_3_3
Parameters: 0.999998 0.00130633 -0.00157139 -0.00130766 0.999998 -0.00105895 0.00157061 0.00106105 0.999998 -0.151752 0.133243 -0.00486961
FixedParameters: 0 0 0

#Transform 34
Transform: AffineTransform_float_3_3
Parameters: 0.999997 0.00161028 -0.00193043 -0.00161172 0.999999 -0.000888892 0.00192956 0.00089211 0.999997 -0.237832 0.110517 0.089505
FixedParameters: 0 0 0

#Transform 35
Transform: AffineTransform_float_3_3
Parameters: 0.999998 0.0013496 -0.0018283 -0.0013494 0.999999 -0.000219534 0.0018287 0.000222469 0.999999 -0.287483 0.0465816 0.208328
FixedParameters: 0 0 0

#Transform 36
Transform: AffineTransform_float_3_3
Parameters: 0.999998 0.000938193 -0.00183541 -0.000938806 1 -0.000438278 0.00183459 0.000440722 0.999998 -0.287311 0.0877169 0.197807
FixedParameters: 0 0 0

#Transform 37
Transform: AffineTransform_float_3_3
Parameters: 0.999997 0.000837829 -0.00200549 -0.00083917 1 -0.000582319 0.00200551 0.000584682 0.999998 -0.28368 0.174381 0.175277
FixedParameters: 0 0 0

#Transform 38
Transform: AffineTransform_float_3_3
Parameters: 0.999998 0.000838726 -0.00174513 -0.000839274 0.999999 -0.000156536 0.00174487 0.000157464 0.999999 -0.207064 0.309935 0.0987002
FixedParameters: 0 0 0

#Transform 39
Transform: AffineTransform_float_3_3
Parameters: 0.999998 0.000729279 -0.00145436 -0.00073072 0.999999 -0.000494938 0.00145464 0.000496061 0.999999 -0.187793 0.28414 0.0733039
FixedParameters: 0 0 0

#Transform 40
Transform: AffineTransform_float_3_3
Parameters: 0.999998 0.000837285 -0.001436 -0.000838714 0.999999 -0.0011938 0.001435 0.0011952 0.999999 -0.207254 0.224874 0.0333162
FixedParameters: 0 0 0

#Transform 41
Transform: AffineTransform_float_3_3
Parameters: 0.999998 0.000837751 -0.00146371 -0.000839249 1 -0.000852773 0.00146328 0.000854227 0.999998 -0.239699 0.151519 0.0641648
FixedParameters: 0 0 0

#Transform 42
Transform: AffineTransform_float_3_3
Parameters: 0.999999 0.000904157 -0.00121763 -0.000904843 1 -0.000691899 0.00121637 0.000693101 0.999999 -0.23646 0.116724 0.09364
FixedParameters: 0 0 0

#Transform 43
Transform: AffineTransform_float_3_3
Parameters: 0.999998 0.000838608 -0.00143623 -0.00083939 0.999999 -0.000271795 0.00143577 0.000273204 0.999999 -0.242502 0.137097 0.111719
FixedParameters: 0 0 0

#Transform 44
Transform: AffineTransform_float_3_3
Parameters: 0.999998 0.000932841 -0.0014191 -0.000932157 0.999999 -0.000110677 0.0014189 0.000112324 0.999999 -0.243476 0.139397 0.131152
FixedParameters: 0 0 0

#Transform 45
Transform: AffineTransform_float_3_3
Parameters: 0.999999 -0.000639747 0.000502785 0.000638252 0.999994 0.00346732 -0.000505216 -0.00346668 0.999994 -0.0927481 0.226429 0.184492
FixedParameters: 0 0 0

#Transform 46
Transform: AffineTransform_float_3_3
Parameters: 0.999996 -0.00288091 0.000396858 0.00287609 0.999925 0.0118612 -0.000431145 -0.0118608 0.999929 -0.0119627 0.39922 0.670631
FixedParameters: 0 0 0

#Transform 47
Transform: AffineTransform_float_3_3
Parameters: 1 -0.000140729 0.000468188 0.000137272 0.999983 0.00582306 -0.000468807 -0.00582293 0.999983 -0.205376 0.459375 0.561448
FixedParameters: 0 0 0

#Transform 48
Transform: AffineTransform_float_3_3
Parameters: 1 0.000338917 2.4188e-05 -0.000339082 0.999994 0.00350499 -2.28117e-05 -0.00350501 0.999994 -0.216348 0.53626 0.368853
FixedParameters: 0 0 0

#Transform 49
Transform: AffineTransform_float_3_3
Parameters: 1 0.000308651 -0.000227118 -0.000308349 0.999996 0.00286207 0.000227883 -0.00286193 0.999996 -0.232259 0.517118 0.329165
FixedParameters: 0 0 0

#Transform 50
Transform: AffineTransform_float_3_3
Parameters: 1 0.000360673 -0.000250032 -0.000360327 0.999997 0.00268609 0.000250969 -0.00268591 0.999997 -0.250503 0.545154 0.319138
FixedParameters: 0 0 0

#Transform 51
Transform: AffineTransform_float_3_3
Parameters: 0.999999 0.00119172 0.000833265 -0.00119428 0.999995 0.00273701 -0.000829734 -0.00273799 0.999996 -0.212986 0.482346 0.325813
FixedParameters: 0 0 0

#Transform 52
Transform: AffineTransform_float_3_3
Parameters: 0.999993 0.00152719 0.0036057 -0.0015168 0.999995 -0.00282849 -0.0036103 0.00282251 0.999989 -0.0571516 0.271616 0.0891207
FixedParameters: 0 0 0

#Transform 53
Transform: AffineTransform_float_3_3
Parameters: 0.999996 0.00136387 0.00223743 -0.00135713 0.999995 -0.00262304 -0.00224057 0.00262095 0.999994 -0.107984 0.302446 0.105155
FixedParameters: 0 0 0

#Transform 54
Transform: AffineTransform_float_3_3
Parameters: 0.999999 0.000797921 0.00114375 -0.000799078 0.999999 0.000942087 -0.00114325 -0.000943913 0.999999 -0.0985118 0.226569 0.165988
FixedParameters: 0 0 0

#Transform 55
Transform: AffineTransform_float_3_3
Parameters: 0.999999 0.000790497 0.000446671 -0.000791501 0.999994 0.00337565 -0.000443331 -0.00337535 0.999994 -0.125731 0.186487 0.310298
FixedParameters: 0 0 0

#Transform 56
Transform: AffineTransform_float_3_3
Parameters: 1 0.000807116 0.000563707 -0.000808882 0.999994 0.00334955 -0.000560294 -0.00335045 0.999994 -0.129033 0.224706 0.327375
FixedParameters: 0 0 0

#Transform 57
Transform: AffineTransform_float_3_3
Parameters: 0.999999 0.000764489 0.000166363 -0.000765512 0.999995 0.00308987 -0.000164635 -0.00309013 0.999995 -0.156395 0.308479 0.333177
FixedParameters: 0 0 0

#Transform 58
Transform: AffineTransform_float_3_3
Parameters: 1 0.000954386 -0.000160728 -0.000954614 0.999996 0.00238115 0.000163273 -0.00238084 0.999997 -0.195943 0.393703 0.305054
FixedParameters: 0 0 0

#Transform 59
Transform: AffineTransform_float_3_3
Parameters: 0.999999 0.000910999 1.09047e-06 -0.000911 0.999999 0.001197 9.0468e-08 -0.001197 1 -0.185314 0.409138 0.260845
FixedParameters: 0 0 0

#Transform 60
Transform: AffineTransform_float_3_3
Parameters: 0.999998 0.00166324 0.000153397 -0.00166276 0.999998 -0.00156526 -0.000155604 0.00156574 0.999999 -0.242224 0.362529 0.167472
FixedParameters: 0 0 0

#Transform 61
Transform: AffineTransform_float_3_3
Parameters: 0.999998 0.00194646 -0.000331202 -0.00194754 0.999997 -0.00164436 0.000327798 0.00164464 0.999998 -0.28543 0.375313 0.167629
FixedParameters: 0 0 0

#Transform 62
Transform: AffineTransform_float_3_3
Parameters: 0.999998 0.00186129 -0.000241512 -0.00186171 0.999994 -0.00296055 0.00023549 0.00296044 0.999995 -0.298604 0.300913 0.113899
FixedParameters: 0 0 0

#Transform 63
Transform: AffineTransform_float_3_3
Parameters: 0.999999 0.00177541 -0.000177028 -0.00177559 0.999992 -0.00339469 0.000170973 0.00339531 0.999994 -0.282433 0.177082 0.0944226
FixedParameters: 0 0 0

#Transform 64
Transform: AffineTransform_float_3_3
Parameters: 0.999999 0.0017876 -0.000338099 -0.0017884 0.999997 -0.0011734 0.000335902 0.0011736 1 -0.307273 0.238764 0.185612
FixedParameters: 0 0 0

#Transform 65
Transform: AffineTransform_float_3_3
Parameters: 0.999999 0.00155079 -0.000185774 -0.00155121 0.999998 -0.00114371 0.000184225 0.00114429 1 -0.307552 0.165336 0.173832
FixedParameters: 0 0 0

#Transform 66
Transform: AffineTransform_float_3_3
Parameters: 0.999999 0.00177937 -0.000510201 -0.00178063 0.999997 -0.00123609 0.000507799 0.00123691 0.999999 -0.322878 0.18475 0.148873
FixedParameters: 0 0 0

#Transform 67
Transform: AffineTransform_float_3_3
Parameters: 0.999998 0.00195707 -0.000418384 -0.00195793 0.999995 -0.00223919 0.000413617 0.00223981 0.999998 -0.303908 0.159945 0.0709211
FixedParameters: 0 0 0

#Transform 68
Transform: AffineTransform_float_3_3
Parameters: 0.999998 0.00188828 -0.000266152 -0.00188872 0.999994 -0.0027275 0.000260848 0.0027285 0.999996 -0.320239 0.153302 0.0457637
FixedParameters: 0 0 0

#Transform 69
Transform: AffineTransform_float_3_3
Parameters: 0.999999 0.00175146 -0.000239985 -0.00175254 0.999996 -0.00227458 0.000236013 0.00227542 0.999998 -0.305281 0.11046 0.078555
FixedParameters: 0 0 0

#Transform 70
Transform: AffineTransform_float_3_3
Parameters: 0.999998 0.00107651 0.00154687 -0.0010725 0.999995 -0.00290966 -0.00155013 0.00290834 0.999994 -0.166821 0.122552 0.0256551
FixedParameters: 0 0 0

#Transform 71
Transform: AffineTransform_float_3_3
Parameters: 0.999999 0.00142505 0.000949946 -0.00142095 0.99999 -0.00425536 -0.000956055 0.00425365 0.999991 -0.248328 0.211157 0.00966993
FixedParameters: 0 0 0

#Transform 72
Transform: AffineTransform_float_3_3
Parameters: 0.999998 0.00183072 -0.000501678 -0.00183228 0.999995 -0.00255408 0.000497319 0.00255591 0.999996 -0.342038 0.130077 0.102948
FixedParameters: 0 0 0

#Transform 73
Transform: AffineTransform_float_3_3
Parameters: 0.999997 0.0023888 -0.000694681 -0.0023892 0.999997 -0.000284341 0.000694319 0.000285659 0.999999 -0.376023 0.209664 0.126077
FixedParameters: 0 0 0

#Transform 74
Transform: AffineTransform_float_3_3
Parameters: 0.999998 0.00190981 -0.000482752 -0.00190919 0.999998 -0.000393079 0.000482249 0.000393922 1 -0.321474 0.257718 0.134331
FixedParameters: 0 0 0

#Transform 75
Transform: AffineTransform_float_3_3
Parameters: 0.999998 0.00165084 0.000240087 -0.00165116 0.999999 0.000658605 -0.000238913 -0.000658395 1 -0.208487 0.33366 0.148872
FixedParameters: 0 0 0

#Transform 76
Transform: AffineTransform_float_3_3
Parameters: 0.999992 0.00152613 0.00364446 -0.00153187 0.999997 0.00160843 -0.00364154 -0.00161357 0.999992 -0.0175619 0.408942 -0.0632039
FixedParameters: 0 0 0

#Transform 77
Transform: AffineTransform_float_3_3
Parameters: 0.999998 0.000558417 0.00193217 -0.000558583 1 0.000300921 -0.00193283 -0.00030208 0.999998 -0.042047 0.327524 0.0528973
FixedParameters: 0 0 0

#Transform 78
Transform: AffineTransform_float_3_3
Parameters: 1 2.48864e-05 0.000528053 -2.61156e-05 0.999998 0.00210899 -0.000528946 -0.00210901 0.999997 -0.108025 0.127692 0.160325
FixedParameters: 0 0 0

#Transform 79
Transform: AffineTransform_float_3_3
Parameters: 1 0.000201444 0.000170659 -0.000202557 0.999994 0.00326496 -0.000170339 -0.00326503 0.999994 -0.152966 0.128047 0.249368
FixedParameters: 0 0 0

#Transform 80
Transform: AffineTransform_float_3_3
Parameters: 1 -0.000223785 -4.80138e-05 0.000224215 0.999989 0.00452799 4.69852e-05 -0.00452801 0.999989 -0.260799 0.0804637 0.536727
FixedParameters: 0 0 0

#Transform 81
Transform: AffineTransform_float_3_3
Parameters: 1 0.000462446 -0.000246304 -0.00046155 0.999983 0.00583811 0.000249699 -0.00583788 0.999983 -0.187233 0.205103 0.561056
FixedParameters: 0 0 0

#Transform 82
Transform: AffineTransform_float_3_3
Parameters: 0.999999 0.0001421 -0.00100776 -0.000132908 0.99996 0.00902314 0.00100824 -0.00902386 0.999959 -0.240517 0.376527 0.729953
FixedParameters: 0 0 0

#Transform 83
Transform: AffineTransform_float_3_3
Parameters: 1 -5.24085e-05 -0.00024934 5.45956e-05 0.999979 0.00638698 0.000249656 -0.00638701 0.999979 -0.205897 0.517483 0.522881
FixedParameters: 0 0 0

#Transform 84
Transform: AffineTransform_float_3_3
Parameters: 0.999996 -0.00176765 0.00184575 0.00175934 0.999987 0.00467926 -0.00185425 -0.00467574 0.999988 -0.0118967 0.451537 0.494204
FixedParameters: 0 0 0

#Transform 85
Transform: AffineTransform_float_3_3
Parameters: 0.999998 -0.0013929 0.00184882 0.0013851 0.999992 0.00372957 -0.00185418 -0.00372643 0.999992 7.00254e-05 0.525761 0.440759
FixedParameters: 0 0 0

#Transform 86
Transform: AffineTransform_float_3_3
Parameters: 0.999997 -0.00156812 0.00215985 0.00156088 0.999994 0.00329538 -0.00216516 -0.00329262 0.999992 0.0520695 0.447656 0.436179
FixedParameters: 0 0 0

#Transform 87
Transform: AffineTransform_float_3_3
Parameters: 0.999997 -0.00134775 0.00202252 0.00134124 0.999993 0.00333672 -0.00202748 -0.00333328 0.999993 0.0136018 0.259592 0.44354
FixedParameters: 0 0 0

#Transform 88
Transform: AffineTransform_float_3_3
Parameters: 0.999996 -0.00122371 0.00229891 0.00121529 0.999993 0.0033508 -0.00230308 -0.00334819 0.999991 -0.00617831 0.260373 0.47208
FixedParameters: 0 0 0

#Transform 89
Transform: AffineTransform_float_3_3
Parameters: 0.999998 -0.00114613 0.00198447 0.00113987 0.999994 0.00308727 -0.00198753 -0.00308473 0.999994 -0.034679 0.27974 0.466863
FixedParameters: 0 0 0

#Transform 90
Transform: AffineTransform_float_3_3
Parameters: 0.999997 -0.00111376 0.00214001 0.00110823 0.999996 0.00269338 -0.00214299 -0.00269062 0.999994 -0.0412991 0.314798 0.453792
FixedParameters: 0 0 0

#Transform 91
Transform: AffineTransform_float_3_3
Parameters: 0.999999 -0.000613677 0.00162324 0.000609321 0.999995 0.00287999 -0.00162576 -0.002879 0.999994 -0.0756834 0.353633 0.450791
FixedParameters: 0 0 0

#Transform 92
Transform: AffineTransform_float_3_3
Parameters: 0.999999 -0.000244816 0.0013283 0.000241186 0.999996 0.00287132 -0.0013287 -0.00287168 0.999995 -0.111741 0.402612 0.451361
FixedParameters: 0 0 0

#Transform 93
Transform: AffineTransform_float_3_3
Parameters: 0.999999 -9.04413e-05 0.000841741 8.85577e-05 0.999996 0.00290008 -0.00084226 -0.00289993 0.999996 -0.160688 0.423604 0.442813
FixedParameters: 0 0 0

#Transform 94
Transform: AffineTransform_float_3_3
Parameters: 1 -7.83958e-06 0.000995983 5.16037e-06 0.999996 0.00285101 -0.00099602 -0.00285099 0.999996 -0.172557 0.434324 0.440254
FixedParameters: 0 0 0

#Transform 95
Transform: AffineTransform_float_3_3
Parameters: 0.999999 8.45883e-05 0.000816253 -8.74108e-05 0.999995 0.00295493 -0.000815745 -0.00295507 0.999996 -0.181523 0.424653 0.435182
FixedParameters: 0 0 0

#Transform 96
Transform: AffineTransform_float_3_3
Parameters: 0.999999 3.81591e-05 0.000880128 -4.08404e-05 0.999995 0.00322797 -0.000879873 -0.00322804 0.999995 -0.175207 0.415921 0.44234
FixedParameters: 0 0 0

#Transform 97
Transform: AffineTransform_float_3_3
Parameters: 0.999995 -0.00219417 0.00231116 0.00218883 0.999994 0.00266807 -0.00231684 -0.00266293 0.999994 0.0712004 0.353057 0.236871
FixedParameters: 0 0 0

#Transform 98
Transform: AffineTransform_float_3_3
Parameters: 0.99999 -0.00234135 0.00393278 0.00234566 0.999997 -0.00117979 -0.00393022 0.00118921 0.999991 0.101005 0.242534 -0.226917
FixedParameters: 0 0 0

#Transform 99
Transform: AffineTransform_float_3_3
Parameters: 0.999999 -8.681e-05 0.000785021 8.71899e-05 1 -0.000241932 -0.000784978 0.000242068 0.999999 -0.138282 0.304505 -0.0598038
FixedParameters: 0 0 0

#Transform 100
Transform: AffineTransform_float_3_3
Parameters: 1 -0.000870341 0.000769238 0.000866662 0.99999 0.00433167 -0.000772762 -0.00433133 0.999991 -0.128036 0.457433 0.0589946
FixedParameters: 0 0 0

#Transform 101
Transform: AffineTransform_float_3_3
Parameters: 0.999995 -0.00234926 0.00207444 0.00233874 0.999985 0.00493387 -0.00208556 -0.00492912 0.999985 -0.00322167 0.19329 0.216379
FixedParameters: 0 0 0

#Transform 102
Transform: AffineTransform_float_3_3
Parameters: 0.999996 -0.00196758 0.00166659 0.00195642 0.999978 0.00632728 -0.00167941 -0.00632371 0.999978 -0.0352815 0.144159 0.414954
FixedParameters: 0 0 0

#Transform 103
Transform: AffineTransform_float_3_3
Parameters: 0.999999 -0.000689896 0.00114902 0.000673104 0.999892 0.0146408 -0.00115898 -0.0146402 0.999892 -0.17363 0.445305 0.714422
FixedParameters: 0 0 0

#Transform 104
Transform: AffineTransform_float_3_3
Parameters: 0.999999 -0.000632097 0.00167008 0.000607904 0.999897 0.01439 -0.00167892 -0.014389 0.999895 -0.239906 0.63105 0.899075
FixedParameters: 0 0 0

#Transform 105
Transform: AffineTransform_float_3_3
Parameters: 0.999999 0.00017753 0.00122887 -0.000190461 0.999949 0.0101548 -0.00122613 -0.0101552 0.999947 -0.212953 0.72391 0.558158
FixedParameters: 0 0 0

#Transform 106
Transform: AffineTransform_float_3_3
Parameters: 1 8.34616e-05 0.0010936 -9.15353e-05 0.999976 0.0068959 -0.00109239 -0.00689509 0.999975 -0.160521 0.51467 0.411443
FixedParameters: 0 0 0

#Transform 107
Transform: AffineTransform_float_3_3
Parameters: 1 0.000479962 0.00089418 -0.000484037 0.999989 0.00452057 -0.000891821 -0.00452143 0.99999 -0.169181 0.487499 0.380648
FixedParameters: 0 0 0

#Transform 108
Transform: AffineTransform_float_3_3
Parameters: 1 0.000478961 0.00103787 -0.00048304 0.999993 0.0038955 -0.00103613 -0.0038955 0.999992 -0.166782 0.537818 0.37175
FixedParameters: 0 0 0

#Transform 109
Transform: AffineTransform_float_3_3
Parameters: 1 0.000585601 0.000894236 -0.000589398 0.999992 0.00380547 -0.000891764 -0.00380652 0.999993 -0.191947 0.492797 0.384328
FixedParameters: 0 0 0

#Transform 110
Transform: AffineTransform_float_3_3
Parameters: 0.999999 -0.000638314 0.00122728 0.000634686 0.999996 0.00269978 -0.00122872 -0.00269822 0.999995 -0.102079 0.416235 0.229874
FixedParameters: 0 0 0

#Transform 111
Transform: AffineTransform_float_3_3
Parameters: 0.999999 -0.00183689 -7.2849e-05 0.00183711 0.999997 0.00155087 7.01524e-05 -0.00155013 0.999999 -0.163022 0.385785 0.0163096
FixedParameters: 0 0 0

#Transform 112
Transform: AffineTransform_float_3_3
Parameters: 0.999998 -0.00226292 0.000181857 0.00226208 0.999986 0.00492542 -0.000193143 -0.00492458 0.999988 -0.0417848 0.359174 0.274625
FixedParameters: 0 0 0

#Transform 113
Transform: AffineTransform_float_3_3
Parameters: 0.999999 -0.00179403 0.000467536 0.00179097 0.999978 0.00639585 -0.000479464 -0.00639515 0.99998 -0.0100169 0.0255251 0.288185
FixedParameters: 0 0 0

#Transform 114
Transform: AffineTransform_float_3_3
Parameters: 1 -0.000270506 -0.000103303 0.000271492 0.999989 0.00481097 0.000101695 -0.00481103 0.999988 -0.0737344 0.0256869 0.332258
FixedParameters: 0 0 0

#Transform 115
Transform: AffineTransform_float_3_3
Parameters: 0.999999 -0.000831631 -0.000336403 0.000833367 0.999992 0.00408872 0.000332595 -0.00408928 0.999991 -0.0387726 0.181645 0.295578
FixedParameters: 0 0 0

#Transform 116
Transform: AffineTransform_float_3_3
Parameters: 1 0.000621616 -0.000184942 -0.000621384 0.999995 0.00331212 0.000187059 -0.00331188 0.999994 -0.0656273 0.363904 0.202269
FixedParameters: 0 0 0

#Transform 117
Transform: AffineTransform_float_3_3
Parameters: 0.999999 0.000871142 -7.74146e-05 -0.000870856 0.999998 0.00182007 7.95851e-05 -0.00181993 0.999999 -0.0742721 0.415874 0.112719
FixedParameters: 0 0 0

#Transform 118
Transform: AffineTransform_float_3_3
Parameters: 0.999999 0.000737997 2.36235e-06 -0.000738004 0.999998 0.001846 -1.63765e-06 -0.001846 0.999999 -0.115252 0.476398 0.155291
FixedParameters: 0 0 0

#Transform 119
Transform: AffineTransform_float_3_3
Parameters: 0.999999 0.000848922 4.45086e-05 -0.000848077 0.999998 0.00177696 -4.24939e-05 -0.00177604 0.999999 -0.115951 0.389192 0.237066
FixedParameters: 0 0 0

#Transform 120
Transform: AffineTransform_float_3_3
Parameters: 1 0.000574124 -6.49127e-05 -0.000573876 0.999998 0.00189404 6.6087e-05 -0.00189396 0.999998 -0.0975979 0.372192 0.259666
FixedParameters: 0 0 0

#Transform 121
Transform: AffineTransform_float_3_3
Parameters: 0.999999 0.000734045 -3.09401e-05 -0.000733954 0.999998 0.00144402 3.20598e-05 -0.00144398 0.999999 -0.0968675 0.335563 0.256348
FixedParameters: 0 0 0

#Transform 122
Transform: AffineTransform_float_3_3
Parameters: 0.999999 0.000830938 0.000113454 -0.000831062 1 0.000546906 -0.000112545 -0.000547094 1 -0.0978735 0.256875 0.231714
FixedParameters: 0 0 0

#Transform 123
Transform: AffineTransform_float_3_3
Parameters: 1 0.00105984 0.000114533 -0.00106016 0.999999 0.00144588 -0.000112467 -0.00144612 0.999999 -0.149471 0.283662 0.24358
FixedParameters: 0 0 0

#Transform 124
Transform: AffineTransform_float_3_3
Parameters: 1 0.00110001 7.48669e-05 -0.00109999 1 -0.000121082 -7.51331e-05 0.000120917 1 -0.140481 0.161578 0.202171
FixedParameters: 0 0 0

#Transform 125
Transform: AffineTransform_float_3_3
Parameters: 1 0.00111599 4.5308e-05 -0.00111601 1 0.00027595 -4.4692e-05 -0.00027605 1 -0.141584 0.145858 0.228468
FixedParameters: 0 0 0

#Transform 126
Transform: AffineTransform_float_3_3
Parameters: 0.999999 0.000760997 5.60411e-05 -0.000761003 0.999999 5.39574e-05 -5.59596e-05 -5.30426e-05 1 -0.129728 0.181918 0.216116
FixedParameters: 0 0 0

#Transform 127
Transform: AffineTransform_float_3_3
Parameters: 0.999999 0.000760958 6.64718e-05 -0.000761041 0.999999 0.000619949 -6.65281e-05 -0.00062005 1 -0.134402 0.237541 0.258282
FixedParameters: 0 0 0

#Transform 128
Transform: AffineTransform_float_3_3
Parameters: 0.999999 0.00064177 0.000338436 -0.00064123 0.999999 0.000679783 -0.000338564 -0.000680217 0.999999 -0.120781 0.210954 0.288468
FixedParameters: 0 0 0

#Transform 129
Transform: AffineTransform_float_3_3
Parameters: 0.999997 -0.000305568 0.00270115 0.000324431 0.999976 -0.00682615 -0.00269885 0.00682685 0.999973 -0.0262451 -0.0304503 0.0351016
FixedParameters: 0 0 0

#Transform 130
Transform: AffineTransform_float_3_3
Parameters: 0.999995 -0.00044396 0.00295303 0.000470041 0.999961 -0.00882365 -0.00294897 0.00882435 0.999956 0.0243115 -0.0265901 -0.0649235
FixedParameters: 0 0 0

#Transform 131
Transform: AffineTransform_float_3_3
Parameters: 0.999997 -0.000275657 0.00270083 0.000293342 0.99998 -0.00642223 -0.00269917 0.00642377 0.999975 0.0254594 0.087194 0.0188497
FixedParameters: 0 0 0

#Transform 132
Transform: AffineTransform_float_3_3
Parameters: 0.999997 0.000763432 0.00202525 -0.00074756 0.999971 -0.00761053 -0.00203175 0.00760846 0.999969 -0.0593541 -0.0333265 0.000744868
FixedParameters: 0 0 0

#Transform 133
Transform: AffineTransform_float_3_3
Parameters: 0.999996 -0.00072336 0.00296066 0.000754633 0.999946 -0.0103608 -0.00295234 0.0103632 0.999942 0.0194311 -0.115089 -0.073879
FixedParameters: 0 0 0

#Transform 134
Transform: AffineTransform_float_3_3
Parameters: 0.999996 -0.000344785 0.00256637 0.000369212 0.999956 -0.00944109 -0.00256263 0.00944192 0.999952 -0.0123599 -0.0890668 -0.0497669
FixedParameters: 0 0 0

#Transform 135
Transform: AffineTransform_float_3_3
Parameters: 1 0.000811236 0.000783596 -0.000805762 0.999969 -0.00792564 -0.000790411 0.00792437 0.999969 -0.128708 -0.0543305 0.0100054
FixedParameters: 0 0 0

#Transform 136
Transform: AffineTransform_float_3_3
Parameters: 0.999999 0.000812528 0.0010291 -0.000805474 0.999973 -0.00729383 -0.0010349 0.00729316 0.999973 -0.118353 -0.0112823 0.0288124
FixedParameters: 0 0 0

#Transform 137
Transform: AffineTransform_float_3_3
Parameters: 0.999999 0.00112789 0.000917805 -0.00112111 0.999979 -0.00639604 -0.000925189 0.00639496 0.999979 -0.145528 0.0256505 0.0641633
FixedParameters: 0 0 0

#Transform 138
Transform: AffineTransform_float_3_3
Parameters: 0.999999 0.00118808 0.000895995 -0.00118192 0.999977 -0.00675507 -0.000904004 0.00675394 0.999977 -0.160017 0.0336353 0.0488701
FixedParameters: 0 0 0

#Transform 139
Transform: AffineTransform_float_3_3
Parameters: 0.999999 0.000937845 0.000881823 -0.000932159 0.999977 -0.00660682 -0.000887177 0.00660517 0.999978 -0.163623 0.0447461 0.0538937
FixedParameters: 0 0 0

#Transform 140
Transform: AffineTransform_float_3_3
Parameters: 0.999999 0.00121112 0.000887707 -0.00120488 0.999975 -0.00686508 -0.000896292 0.00686392 0.999976 -0.193312 0.034658 0.0601173
FixedParameters: 0 0 0

#Transform 141
Transform: AffineTransform_float_3_3
Parameters: 0.999999 0.00117446 0.000907701 -0.00116854 0.999974 -0.00708607 -0.000915303 0.00708494 0.999975 -0.205075 0.0326706 0.050041
FixedParameters: 0 0 0

#Transform 142
Transform: AffineTransform_float_3_3
Parameters: 0.999998 0.00132832 0.000883569 -0.00132168 0.999974 -0.00711718 -0.000892428 0.00711582 0.999975 -0.213236 0.0229266 0.0615819
FixedParameters: 0 0 0

#Transform 143
Transform: AffineTransform_float_3_3
Parameters: 0.999999 0.00110724 0.00100911 -0.00109976 0.999974 -0.00714512 -0.00101788 0.00714388 0.999974 -0.198947 0.00496656 0.0635106
FixedParameters: 0 0 0

#Transform 144
Transform: AffineTransform_float_3_3
Parameters: 0.999999 0.00109105 0.000744098 -0.00108795 0.999984 -0.00541981 -0.000749906 0.00541819 0.999985 -0.177583 0.101918 0.123122
FixedParameters: 0 0 0

#Transform 145
Transform: AffineTransform_float_3_3
Parameters: 1 0.000437741 -0.000355319 -0.000437259 0.999999 -0.000728844 0.000355681 0.000729155 0.999999 -0.112517 0.265989 0.232858
FixedParameters: 0 0 0

#Transform 146
Transform: AffineTransform_float_3_3
Parameters: 1 0.000407053 4.85555e-05 -0.000406947 1 -0.00109202 -4.84444e-05 0.00109198 1 -0.120043 0.210644 0.0508694
FixedParameters: 0 0 0

#Transform 147
Transform: AffineTransform_float_3_3
Parameters: 0.999999 0.000741004 0.000509542 -0.000739994 0.999998 -0.00196838 -0.000511458 0.00196862 0.999998 -0.126167 0.0622896 0.12557
FixedParameters: 0 0 0

#Transform 148
Transform: AffineTransform_float_3_3
Parameters: 0.999999 0.000692605 0.000691399 -0.000690392 0.999992 -0.00376148 -0.000694601 0.00376152 0.999992 -0.145043 -0.0442523 0.101334
FixedParameters: 0 0 0

#Transform 149
Transform: AffineTransform_float_3_3
Parameters: 0.999999 0.000601314 0.000818575 -0.000597687 0.999991 -0.00404349 -0.000820423 0.00404251 0.999992 -0.125088 -0.0135837 0.107749
FixedParameters: 0 0 0

#Transform 150
Transform: AffineTransform_float_3_3
Parameters: 1 0.000507895 0.000980538 -0.000507106 1 -0.000911498 -0.000981463 0.000911503 0.999999 -0.0849852 0.202983 0.201521
FixedParameters: 0 0 0

#Transform 151
Transform: AffineTransform_float_3_3
Parameters: 0.999998 -0.000571067 0.00189138 0.000568933 0.999999 0.00109308 -0.00189262 -0.00109192 0.999997 0.0428504 0.314771 0.284201
FixedParameters: 0 0 0

#Transform 152
Transform: AffineTransform_float_3_3
Parameters: 0.999999 -7.97877e-05 0.00186697 7.9212e-05 1 0.000422149 -0.00186703 -0.000421852 0.999998 0.0228806 0.361133 0.248349
FixedParameters: 0 0 0

#Transform 153
Transform: AffineTransform_float_3_3
Parameters: 0.999999 2.23966e-05 0.001755 -2.26033e-05 1 -0.00022604 -0.00175501 0.000225961 0.999999 0.0221813 0.382244 0.238195
FixedParameters: 0 0 0

#Transform 154
Transform: AffineTransform_float_3_3
Parameters: 0.999998 -0.000150972 0.001882 0.000151028 1 -1.47158e-05 -0.001882 1.52842e-05 0.999998 0.0178519 0.390731 0.237197
FixedParameters: 0 0 0

#Transform 155
Transform: AffineTransform_float_3_3
Parameters: 0.999999 -0.000305267 0.00139951 0.000302733 0.999998 0.00162042 -0.00139949 -0.00161957 0.999997 0.0247621 0.393004 0.309541
FixedParameters: 0 0 0

#Transform 156
Transform: AffineTransform_float_3_3
Parameters: 0.999971 -0.00726588 0.00257664 0.00724213 0.999932 0.00915793 -0.00264237 -0.00913907 0.999954 0.284251 0.559169 0.289165
FixedParameters: 0 0 0

#Transform 157
Transform: AffineTransform_float_3_3
Parameters: 0.999987 -0.00280149 0.00413502 0.0028025 0.999996 -0.000358416 -0.00413398 0.000369586 0.999992 0.233423 0.346183 0.0808341
FixedParameters: 0 0 0

#Transform 158
Transform: AffineTransform_float_3_3
Parameters: 0.999984 -0.00285172 0.00503014 0.00285928 0.999995 -0.00144064 -0.00502587 0.00145536 0.999987 0.3135 0.0779551 -0.133832
FixedParameters: 0 0 0

#Transform 159
Transform: AffineTransform_float_3_3
Parameters: 0.999994 -0.00104307 0.00352187 0.00104593 0.999999 -0.000830322 -0.00352113 0.000833679 0.999994 0.19218 -0.0295358 0.0982218
FixedParameters: 0 0 0

#Transform 160
Transform: AffineTransform_float_3_3
Parameters: 0.999993 -0.00167122 0.00352709 0.00168379 0.999992 -0.00362509 -0.00352092 0.00363091 0.999987 0.279125 0.0159138 0.0207448
FixedParameters: 0 0 0

#Transform 161
Transform: AffineTransform_float_3_3
Parameters: 0.999971 -0.00180096 0.00730553 0.00179503 0.999998 0.000823137 -0.00730647 -0.000809864 0.999973 0.514242 0.296192 0.114384
FixedParameters: 0 0 0

#Transform 162
Transform: AffineTransform_float_3_3
Parameters: 0.999941 -0.00219286 0.0106282 0.00218414 0.999998 0.000845264 -0.0106298 -0.000821739 0.999943 0.674539 0.288927 -0.0594067
FixedParameters: 0 0 0

#Transform 163
Transform: AffineTransform_float_3_3
Parameters: 0.999966 -0.00252997 0.00785304 0.00252603 0.999996 0.00038785 -0.00785396 -0.000368142 0.999969 0.507156 0.371487 -0.0288078
FixedParameters: 0 0 0

#Transform 164
Transform: AffineTransform_float_3_3
Parameters: 0.999973 -0.00245857 0.00693038 0.00245443 0.999997 0.000668028 -0.00693262 -0.000650973 0.999976 0.478447 0.28521 0.00382114
FixedParameters: 0 0 0

#Transform 165
Transform: AffineTransform_float_3_3
Parameters: 0.999974 -0.00393156 0.00601166 0.00390743 0.999984 0.00392659 -0.00602734 -0.0039024 0.999974 0.488912 0.299687 0.112858
FixedParameters: 0 0 0

#Transform 166
Transform: AffineTransform_float_3_3
Parameters: 0.999978 -0.00309271 0.00584128 0.00305929 0.999978 0.005772 -0.00585873 -0.00575401 0.999967 0.441774 0.273377 0.171872
FixedParameters: 0 0 0

#Transform 167
Transform: AffineTransform_float_3_3
Parameters: 0.999975 -0.00303767 0.0063733 0.00301333 0.999988 0.0038773 -0.0063847 -0.0038577 0.999972 0.468532 0.193679 0.157918
FixedParameters: 0 0 0

#Transform 168
Transform: AffineTransform_float_3_3
Parameters: 0.999975 -0.00341697 0.00619086 0.00340403 0.999992 0.00210413 -0.00619814 -0.00208387 0.999978 0.448643 0.127556 0.170428
FixedParameters: 0 0 0

#Transform 169
Transform: AffineTransform_float_3_3
Parameters: 0.999979 -0.00412393 0.00500428 0.00410607 0.999985 0.00358662 -0.00501972 -0.00356637 0.999981 0.431275 0.156076 0.17862
FixedParameters: 0 0 0

#Transform 170
Transform: AffineTransform_float_3_3
Parameters: 0.999985 -0.00397194 0.00362614 0.00396206 0.999989 0.00274341 -0.00363685 -0.00272959 0.999989 0.299195 0.179504 0.118472
FixedParameters: 0 0 0

#Transform 171
Transform: AffineTransform_float_3_3
Parameters: 0.999993 -0.00279073 0.00258274 0.00278426 0.999992 0.00260721 -0.00259026 -0.00259979 0.999994 0.140202 0.227512 0.0175972
FixedParameters: 0 0 0

#Transform 172
Transform: AffineTransform_float_3_3
Parameters: 0.999996 -0.00119426 0.00284121 0.00118974 0.999998 0.00150139 -0.00284279 -0.00149761 0.999995 0.0763885 0.2285 -0.216656
FixedParameters: 0 0 0

#Transform 173
Transform: AffineTransform_float_3_3
Parameters: 0.999991 -0.00243853 0.00340762 0.00243047 0.999994 0.0022123 -0.00341237 -0.0022037 0.999991 0.134799 0.0914227 -0.243229
FixedParameters: 0 0 0

#Transform 174
Transform: AffineTransform_float_3_3
Parameters: 0.999982 -0.00344746 0.00488973 0.00343054 0.999987 0.00357484 -0.00490227 -0.00355816 0.999981 0.265089 -0.0369511 -0.092081
FixedParameters: 0 0 0

#Transform 175
Transform: AffineTransform_float_3_3
Parameters: 0.999972 -0.00474066 0.00568414 0.00472434 0.999984 0.00294093 -0.00569785 -0.00291407 0.999979 0.366384 -0.0987721 0.0571802
FixedParameters: 0 0 0

#Transform 176
Transform: AffineTransform_float_3_3
Parameters: 0.999976 -0.00509521 0.00481365 0.00507379 0.999978 0.00440853 -0.00483635 -0.00438347 0.999978 0.343731 0.115581 0.192891
FixedParameters: 0 0 0

#Transform 177
Transform: AffineTransform_float_3_3
Parameters: 0.999978 -0.00467734 0.00457125 0.00465566 0.999977 0.00488539 -0.00459375 -0.00486462 0.999977 0.320297 0.271747 0.354936
FixedParameters: 0 0 0

#Transform 178
Transform: AffineTransform_float_3_3
Parameters: 0.999973 -0.00447388 0.00582373 0.00445012 0.999981 0.00410702 -0.00584227 -0.00408097 0.999974 0.366586 0.490202 0.219827
FixedParameters: 0 0 0

#Transform 179
Transform: AffineTransform_float_3_3
Parameters: 0.999965 -0.00448654 0.00709293 0.00446846 0.999987 0.00248678 -0.00710406 -0.00245521 0.999972 0.426275 0.374251 0.170602
FixedParameters: 0 0 0

#Transform 180
Transform: AffineTransform_float_3_3
Parameters: 0.999961 -0.00486731 0.0072868 0.00484568 0.999984 0.00294042 -0.00730119 -0.00290457 0.999969 0.509258 0.450786 0.0931114
FixedParameters: 0 0 0

#Transform 181
Transform: AffineTransform_float_3_3
Parameters: 0.999949 -0.00674872 0.00750862 0.00671729 0.999969 0.00424065 -0.00753738 -0.00419035 0.999963 0.677704 0.171597 0.20814
FixedParameters: 0 0 0

#Transform 182
Transform: AffineTransform_float_3_3
Parameters: 0.999952 -0.00681795 0.00700982 0.00679305 0.99997 0.00357679 -0.00703318 -0.00352922 0.999969 0.699465 0.0476823 0.0889461
FixedParameters: 0 0 0

#Transform 183
Transform: AffineTransform_float_3_3
Parameters: 0.999946 -0.0072729 0.00745404 0.0072391 0.999964 0.0044312 -0.00748596 -0.00437679 0.999963 0.765923 0.0958715 0.0985027
FixedParameters: 0 0 0

#Transform 184
Transform: AffineTransform_float_3_3
Parameters: 0.999925 -0.00712338 0.0099854 0.00709261 0.99997 0.00307506 -0.0100076 -0.00300394 0.999946 0.855745 0.0612142 0.0117279
FixedParameters: 0 0 0

#Transform 185
Transform: AffineTransform_float_3_3
Parameters: 0.99992 -0.00774995 0.00992567 0.00772903 0.999968 0.00214889 -0.00994233 -0.00207111 0.999949 0.840626 0.0413208 0.0443938
FixedParameters: 0 0 0

#Transform 186
Transform: AffineTransform_float_3_3
Parameters: 0.999932 -0.0079037 0.00850113 0.00789229 0.999968 0.00140919 -0.00851186 -0.00134181 0.999963 0.818702 0.0434738 0.0767516
FixedParameters: 0 0 0

#Transform 187
Transform: AffineTransform_float_3_3
Parameters: 0.999953 -0.00687274 0.00690135 0.00685827 0.999975 0.00201243 -0.00691466 -0.00196457 0.999974 0.697637 0.0955725 0.0872612
FixedParameters: 0 0 0

#Transform 188
Transform: AffineTransform_float_3_3
Parameters: 0.999957 -0.00655225 0.00659294 0.00653175 0.999974 0.0030882 -0.00661307 -0.0030458 0.999974 0.663051 0.18839 0.138743
FixedParameters: 0 0 0

#Transform 189
Transform: AffineTransform_float_3_3
