#Insight Transform File V1.0
#Transform 0
Transform: AffineTransform_float_3_3
Parameters: 0.999998 -0.00186636 0.000387282 0.00186564 0.999998 0.000920724 -0.000388716 -0.000919276 0.999999 -0.0274747 0.27485 0.259421
FixedParameters: 0 0 0

#Transform 1
Transform: AffineTransform_float_3_3
Parameters: 0.999999 -0.0017616 0.000597231 0.0017604 0.999998 0.00100505 -0.000599769 -0.00100395 1 -0.0248538 0.293622 0.264563
FixedParameters: 0 0 0

#Transform 2
Transform: AffineTransform_float_3_3
Parameters: 0.999999 -0.00171446 0.000355771 0.00171354 0.999997 0.00130061 -0.000358228 -0.00129939 0.999999 -0.0308607 0.299939 0.269408
FixedParameters: 0 0 0

#Transform 3
Transform: AffineTransform_float_3_3
Parameters: 0.999999 -0.00170423 0.000265509 0.00170477 0.999998 0.000875454 -0.000266493 -0.000875547 0.999999 -0.0330123 0.296431 0.236824
FixedParameters: 0 0 0

#Transform 4
Transform: AffineTransform_float_3_3
Parameters: 0.999999 -0.00156297 0.000154339 0.00156203 0.999999 -0.000216759 -0.000154661 0.000217242 1 -0.0180389 0.28659 0.177622
FixedParameters: 0 0 0

#Transform 5
Transform: AffineTransform_float_3_3
Parameters: 0.999999 -0.00174591 0.000155054 0.00174609 0.999999 -0.00060373 -0.000153945 0.00060427 1 -0.0184447 0.263853 0.13625
FixedParameters: 0 0 0

#Transform 6
Transform: AffineTransform_float_3_3
Parameters: 0.999999 -0.00184197 0.000176344 0.00184203 0.999999 -0.000186676 -0.000176655 0.000187326 1 -0.0214644 0.251021 0.175034
FixedParameters: 0 0 0

#Transform 7
Transform: AffineTransform_float_3_3
Parameters: 0.999998 -0.00158287 0.000288734 0.00158313 0.999998 -0.000463543 -0.000287265 0.000464455 1 -0.0319805 0.218598 0.184576
FixedParameters: 0 0 0

#Transform 8
Transform: AffineTransform_float_3_3
Parameters: 0.999998 -0.00157495 0.000258311 0.00157505 0.999998 -0.000197593 -0.000258688 0.000198408 1 -0.0355432 0.218495 0.202599
FixedParameters: 0 0 0

#Transform 9
Transform: AffineTransform_float_3_3
Parameters: 1 -0.00106803 -5.03901e-05 0.00106797 1 -0.000571054 5.06098e-05 0.000570946 1 -0.0691797 0.253809 0.211291
FixedParameters: 0 0 0

#Transform 10
Transform: AffineTransform_float_3_3
Parameters: 1 -0.00106801 -5.07234e-05 0.00106799 1 -0.000259054 5.12766e-05 0.000258945 1 -0.0696614 0.252456 0.21302
FixedParameters: 0 0 0

#Transform 11
Transform: AffineTransform_float_3_3
Parameters: 1 -0.001212 -5.09963e-05 0.001212 1 -3.06181e-06 5.10036e-05 2.93819e-06 1 -0.0538894 0.295569 0.204736
FixedParameters: 0 0 0

#Transform 12
Transform: AffineTransform_float_3_3
Parameters: 1 -0.00107896 -5.19344e-05 0.00107905 0.999999 0.000865944 5.10655e-05 -0.000866055 0.999999 -0.0558188 0.277243 0.209589
FixedParameters: 0 0 0

#Transform 13
Transform: AffineTransform_float_3_3
Parameters: 1 -0.00115472 -0.000271195 0.00115428 0.999999 0.00103469 0.000269807 -0.00103431 1 -0.0666166 0.342302 0.226592
FixedParameters: 0 0 0

#Transform 14
Transform: AffineTransform_float_3_3
Parameters: 0.999998 -0.00208333 0.000142185 0.00208367 0.999995 0.0023113 -0.000146818 -0.0023117 0.999998 0.0956543 0.32654 0.219337
FixedParameters: 0 0 0

#Transform 15
Transform: AffineTransform_float_3_3
Parameters: 0.999999 -0.000621802 0.00138897 0.000615198 0.999988 0.00489186 -0.00139203 -0.00489114 0.999987 0.464086 0.170628 0.184974
FixedParameters: 0 0 0

#Transform 16
Transform: AffineTransform_float_3_3
Parameters: 0.999999 0.00123846 -0.00095223 -0.00123354 0.999989 0.00466718 0.000958766 -0.00466582 0.999988 0.279503 0.162126 0.110895
FixedParameters: 0 0 0

#Transform 17
Transform: AffineTransform_float_3_3
Parameters: 0.999992 0.00226996 -0.00323373 -0.00226104 0.999993 0.00277233 0.00324027 -0.00276466 0.999991 -0.0609538 0.192559 -0.0360517
FixedParameters: 0 0 0

#Transform 18
Transform: AffineTransform_float_3_3
Parameters: 0.999992 0.00216168 -0.00350967 -0.00215332 0.999994 0.00247558 0.00351534 -0.00246842 0.999991 -0.113962 0.195971 -0.0344001
FixedParameters: 0 0 0

#Transform 19
Transform: AffineTransform_float_3_3
Parameters: 0.999995 0.00166891 -0.00262726 -0.00166309 0.999996 0.00224938 0.00263174 -0.00224462 0.999994 -0.0881156 0.17472 -0.000413488
FixedParameters: 0 0 0

#Transform 20
Transform: AffineTransform_float_3_3
Parameters: 1 -5.08833e-05 0.000429014 5.11167e-05 1 -0.000271978 -0.000428986 0.000272022 1 0.0270961 -0.0501914 -0.041814
FixedParameters: 0 0 0

#Transform 21
Transform: AffineTransform_float_3_3
Parameters: 0.999996 -0.0026002 0.000989245 0.0025978 0.999994 0.00221558 -0.000994753 -0.00221242 0.999997 0.0624665 0.0485844 0.267135
FixedParameters: 0 0 0

#Transform 22
Transform: AffineTransform_float_3_3
Parameters: 0.999999 -0.00179288 0.000439447 0.00179113 0.999997 0.00198279 -0.000443552 -0.00198221 0.999998 0.0226175 0.227203 0.26484
FixedParameters: 0 0 0

#Transform 23
Transform: AffineTransform_float_3_3
Parameters: 1 -0.000967683 0.000441508 0.000967318 0.999999 0.00154243 -0.000443493 -0.00154257 0.999998 0.00842484 0.416963 0.168179
FixedParameters: 0 0 0

#Transform 24
Transform: AffineTransform_float_3_3
Parameters: 1 -0.001011 -0.000356844 0.001012 0.999995 0.00281164 0.000354156 -0.00281236 0.999996 -0.0323287 0.416609 0.280499
FixedParameters: 0 0 0

#Transform 25
Transform: AffineTransform_float_3_3
Parameters: 1 -0.000892055 -0.00048275 0.000892944 0.999997 0.00196057 0.00048025 -0.00196143 0.999998 -0.0611029 0.280785 0.267604
FixedParameters: 0 0 0

#Transform 26
Transform: AffineTransform_float_3_3
Parameters: 0.999999 -0.000499775 -0.000678165 0.000499224 1 0.000330661 0.000677834 -0.000331339 0.999999 -0.0710233 0.266318 0.186175
FixedParameters: 0 0 0

#Transform 27
Transform: AffineTransform_float_3_3
Parameters: 0.999991 0.00150174 -0.00413355 -0.00150627 0.999999 -0.00102878 0.00413245 0.00103522 0.999991 -0.308178 0.183267 0.0888787
FixedParameters: 0 0 0

#Transform 28
Transform: AffineTransform_float_3_3
Parameters: 0.999987 0.00244892 -0.00432259 -0.00245708 0.999995 -0.0018654 0.00431841 0.0018756 0.999989 -0.342144 0.133184 0.0625085
FixedParameters: 0 0 0

#Transform 29
Transform: AffineTransform_float_3_3
Parameters: 0.999991 0.00186847 -0.00379821 -0.00187753 0.999995 -0.00224289 0.00379379 0.00225011 0.999991 -0.303299 0.139119 0.021999
FixedParameters: 0 0 0

#Transform 30
Transform: AffineTransform_float_3_3
Parameters: 0.999989 0.00190509 -0.00432283 -0.00191591 0.999995 -0.00252175 0.00431818 0.00253026 0.999988 -0.333907 0.0948489 -0.0145524
FixedParameters: 0 0 0

#Transform 31
Transform: AffineTransform_float_3_3
Parameters: 0.999993 0.00106588 -0.00338667 -0.00106812 0.999999 -0.000624387 0.00338533 0.000628613 0.999994 -0.254919 0.063595 0.01019
FixedParameters: 0 0 0

#Transform 32
Transform: AffineTransform_float_3_3
Parameters: 0.999996 0.00165878 -0.00235716 -0.00165822 0.999998 -9.30917e-05 0.00235684 9.69099e-05 0.999997 -0.184388 0.173207 -0.00345358
FixedParameters: 0 0 0

#Transform 33
Transform: AffineTransform_float_3_3
Parameters: 0.999997 0.00137119 -0.00201455 -0.0013728 0.999999 -0.000398236 0.00201345 0.000401762 0.999998 -0.156536 0.167088 -0.0085384
FixedParameters: 0 0 0

#Transform 34
Transform: AffineTransform_float_3_3
Parameters: 0.999997 0.00173858 -0.00201523 -0.00174042 0.999998 -0.000704495 0.00201377 0.000707504 0.999997 -0.235758 0.132216 0.0685438
FixedParameters: 0 0 0

#Transform 35
Transform: AffineTransform_float_3_3
Parameters: 0.999997 0.00160309 -0.00219893 -0.00160291 0.999998 4.25248e-05 0.00219906 -3.84748e-05 0.999997 -0.281008 0.0884605 0.157635
FixedParameters: 0 0 0

#Transform 36
Transform: AffineTransform_float_3_3
Parameters: 0.999998 0.00106743 -0.0020143 -0.00106757 1 -0.00028085 0.0020137 0.00028315 0.999998 -0.275357 0.0824684 0.159955
FixedParameters: 0 0 0

#Transform 37
Transform: AffineTransform_float_3_3
Parameters: 0.999997 0.00106737 -0.00215031 -0.00106763 1 -0.000291705 0.00215069 0.000293296 0.999997 -0.278134 0.185943 0.148197
FixedParameters: 0 0 0

#Transform 38
Transform: AffineTransform_float_3_3
Parameters: 0.999998 0.000885445 -0.0019278 -0.000884555 0.999999 0.000231706 0.0019272 -0.000230294 0.999998 -0.204087 0.315571 0.0794663
FixedParameters: 0 0 0

#Transform 39
Transform: AffineTransform_float_3_3
Parameters: 0.999999 0.000785237 -0.00158138 -0.000785763 0.999999 -0.000481758 0.00158062 0.000483242 0.999998 -0.181945 0.301242 0.0237793
FixedParameters: 0 0 0

#Transform 40
Transform: AffineTransform_float_3_3
Parameters: 0.999998 0.00106676 -0.00160283 -0.00106825 0.999999 -0.00077629 0.00160217 0.000777711 0.999999 -0.211157 0.238996 0.0183315
FixedParameters: 0 0 0

#Transform 41
Transform: AffineTransform_float_3_3
Parameters: 0.999998 0.001067 -0.00159567 -0.001068 0.999999 -0.000624297 0.00159433 0.000625702 0.999998 -0.232051 0.181504 0.0102762
FixedParameters: 0 0 0

#Transform 42
Transform: AffineTransform_float_3_3
Parameters: 0.999998 0.00106705 -0.00170559 -0.00106795 1 -0.00055518 0.00170541 0.000556821 0.999999 -0.242716 0.117375 0.0691276
FixedParameters: 0 0 0

#Transform 43
Transform: AffineTransform_float_3_3
Parameters: 0.999998 0.00112008 -0.00178458 -0.00112092 0.999999 -0.000515001 0.00178442 0.000517 0.999999 -0.246036 0.14003 0.0818184
FixedParameters: 0 0 0

#Transform 44
Transform: AffineTransform_float_3_3
Parameters: 0.999998 0.00106766 -0.00170321 -0.00106834 1 -0.000197181 0.00170279 0.000198818 0.999998 -0.237198 0.125009 0.10794
FixedParameters: 0 0 0

#Transform 45
Transform: AffineTransform_float_3_3
Parameters: 0.999999 -0.000636305 0.000596551 0.000633698 0.999993 0.00385538 -0.000598448 -0.00385562 0.999993 -0.0918052 0.272908 0.140457
FixedParameters: 0 0 0

#Transform 46
Transform: AffineTransform_float_3_3
Parameters: 0.999996 -0.00255867 0.000566669 0.00255232 0.999931 0.0114785 -0.000596335 -0.0114775 0.999934 -0.0202034 0.410437 0.52915
FixedParameters: 0 0 0

#Transform 47
Transform: AffineTransform_float_3_3
Parameters: 1 -0.000152105 0.000679877 0.000146894 0.999972 0.0075031 -0.000681121 -0.00750289 0.999971 -0.188346 0.505208 0.511047
FixedParameters: 0 0 0

#Transform 48
Transform: AffineTransform_float_3_3
Parameters: 1 0.000341226 -5.04957e-05 -0.000340776 0.99999 0.00441002 5.15033e-05 -0.00440998 0.999991 -0.211302 0.566754 0.321547
FixedParameters: 0 0 0

#Transform 49
Transform: AffineTransform_float_3_3
Parameters: 1 0.000492007 -0.00025406 -0.000490993 0.999992 0.00394813 0.00025594 -0.00394788 0.999992 -0.217901 0.532852 0.293727
FixedParameters: 0 0 0

#Transform 50
Transform: AffineTransform_float_3_3
Parameters: 1 0.000360713 -0.00045966 -0.000359285 0.999993 0.00372217 0.00046134 -0.00372183 0.999993 -0.243701 0.54399 0.283676
FixedParameters: 0 0 0

#Transform 51
Transform: AffineTransform_float_3_3
Parameters: 0.999999 0.00129178 0.000842957 -0.00129422 0.999992 0.00383191 -0.000838046 -0.00383309 0.999993 -0.205962 0.485574 0.29411
FixedParameters: 0 0 0

#Transform 52
Transform: AffineTransform_float_3_3
Parameters: 0.999991 0.00134359 0.00406284 -0.00133441 0.999997 -0.00236144 -0.00406616 0.00235556 0.999989 -0.032711 0.272761 0.036582
FixedParameters: 0 0 0

#Transform 53
Transform: AffineTransform_float_3_3
Parameters: 0.999996 0.00133878 0.00253248 -0.00133422 0.999998 -0.00188639 -0.00253552 0.00188361 0.999995 -0.0848124 0.306357 0.0817725
FixedParameters: 0 0 0

#Transform 54
Transform: AffineTransform_float_3_3
Parameters: 1 0.00075101 0.00064815 -0.000751992 0.999998 0.00152951 -0.000647851 -0.00152949 0.999998 -0.0906096 0.262931 0.0826012
FixedParameters: 0 0 0

#Transform 55
Transform: AffineTransform_float_3_3
Parameters: 0.999999 0.000741416 0.000361269 -0.000742582 0.99999 0.00440373 -0.000357733 -0.00440427 0.99999 -0.122397 0.201657 0.26278
FixedParameters: 0 0 0

#Transform 56
Transform: AffineTransform_float_3_3
Parameters: 1 0.000808149 0.000671447 -0.00081085 0.99999 0.00425746 -0.000667554 -0.00425754 0.99999 -0.121647 0.251838 0.296047
FixedParameters: 0 0 0

#Transform 57
Transform: AffineTransform_float_3_3
Parameters: 0.999999 0.000750537 0.000346187 -0.000751461 0.99999 0.00424274 -0.000342814 -0.00424326 0.999991 -0.147633 0.32029 0.294941
FixedParameters: 0 0 0

#Transform 58
Transform: AffineTransform_float_3_3
Parameters: 1 0.0010118 6.05032e-05 -0.00101221 0.999994 0.00346194 -5.74961e-05 -0.00346206 0.999994 -0.180617 0.403098 0.272027
FixedParameters: 0 0 0

#Transform 59
Transform: AffineTransform_float_3_3
Parameters: 1 0.000982773 0.000122834 -0.000983228 0.999998 0.00186588 -0.000121166 -0.00186612 0.999999 -0.177308 0.40845 0.239843
FixedParameters: 0 0 0

#Transform 60
Transform: AffineTransform_float_3_3
Parameters: 0.999999 0.00182612 0.000119223 -0.00182588 0.999998 -0.00097322 -0.000121778 0.00097378 1 -0.229745 0.342419 0.1527
FixedParameters: 0 0 0

#Transform 61
Transform: AffineTransform_float_3_3
Parameters: 0.999998 0.00208055 -0.000392409 -0.00208145 0.999997 -0.00115719 0.000389591 0.00115781 1 -0.279494 0.34097 0.143829
FixedParameters: 0 0 0

#Transform 62
Transform: AffineTransform_float_3_3
Parameters: 0.999997 0.0021302 -0.000362725 -0.0021308 0.999996 -0.00221723 0.000358276 0.00221777 0.999998 -0.296764 0.287688 0.104953
FixedParameters: 0 0 0

#Transform 63
Transform: AffineTransform_float_3_3
Parameters: 0.999998 0.00209218 -0.000299775 -0.00209282 0.999994 -0.00275938 0.000293224 0.00276062 0.999996 -0.2805 0.179319 0.0860167
FixedParameters: 0 0 0

#Transform 64
Transform: AffineTransform_float_3_3
Parameters: 0.999998 0.00205788 -0.000358686 -0.00205712 0.999998 -0.000333263 0.000358314 0.000333738 1 -0.299065 0.231407 0.159494
FixedParameters: 0 0 0

#Transform 65
Transform: AffineTransform_float_3_3
Parameters: 0.999998 0.00188271 -0.000359545 -0.00188229 0.999998 -0.000820324 0.000357456 0.000820674 0.999999 -0.300517 0.157629 0.152279
FixedParameters: 0 0 0

#Transform 66
Transform: AffineTransform_float_3_3
Parameters: 0.999998 0.0017505 -0.00067829 -0.0017505 0.999998 -0.000735814 0.000676713 0.000736186 1 -0.31108 0.183956 0.129433
FixedParameters: 0 0 0

#Transform 67
Transform: AffineTransform_float_3_3
Parameters: 0.999997 0.00210698 -0.000636378 -0.00210802 0.999997 -0.00160266 0.00063262 0.00160434 0.999998 -0.300557 0.164712 0.0668519
FixedParameters: 0 0 0

#Transform 68
Transform: AffineTransform_float_3_3
Parameters: 0.999997 0.00208596 -0.000466692 -0.00208704 0.999996 -0.00224803 0.000462309 0.00224897 0.999998 -0.307457 0.150954 0.0398702
FixedParameters: 0 0 0

#Transform 69
Transform: AffineTransform_float_3_3
Parameters: 0.999998 0.00192341 -0.000377043 -0.00192459 0.999997 -0.00158128 0.000373957 0.00158172 0.999998 -0.299806 0.130131 0.0757547
FixedParameters: 0 0 0

#Transform 70
Transform: AffineTransform_float_3_3
Parameters: 0.999999 0.00124437 0.0013479 -0.00124063 0.999996 -0.00249968 -0.00135011 0.00249832 0.999996 -0.169565 0.127999 0.0261619
FixedParameters: 0 0 0

#Transform 71
Transform: AffineTransform_float_3_3
Parameters: 0.999998 0.00134179 0.000851056 -0.00133821 0.99999 -0.00443614 -0.000857944 0.00443485 0.99999 -0.23377 0.231097 -0.0169953
FixedParameters: 0 0 0

#Transform 72
Transform: AffineTransform_float_3_3
Parameters: 0.999997 0.00196161 -0.00101762 -0.00196439 0.999996 -0.00235501 0.00101237 0.00235699 0.999996 -0.340892 0.14553 0.0851442
FixedParameters: 0 0 0

#Transform 73
Transform: AffineTransform_float_3_3
Parameters: 0.999996 0.00268288 -0.00109331 -0.00268313 0.999997 -0.000113067 0.00109269 0.000115932 1 -0.383176 0.233406 0.102823
FixedParameters: 0 0 0

#Transform 74
Transform: AffineTransform_float_3_3
Parameters: 0.999997 0.00226205 -0.000798849 -0.00226195 0.999998 6.78072e-05 0.000799152 -6.61925e-05 0.999999 -0.323959 0.265604 0.113948
FixedParameters: 0 0 0

#Transform 75
Transform: AffineTransform_float_3_3
Parameters: 0.999999 0.00184504 -3.39594e-05 -0.00184496 0.999997 0.00110606 3.60405e-05 -0.00110594 1 -0.202622 0.334132 0.122701
FixedParameters: 0 0 0

#Transform 76
Transform: AffineTransform_float_3_3
Parameters: 0.999992 0.00139032 0.00390239 -0.00139768 0.999997 0.00170956 -0.00390061 -0.00171444 0.999991 0.00793523 0.40504 -0.0896963
FixedParameters: 0 0 0

#Transform 77
Transform: AffineTransform_float_3_3
Parameters: 0.999998 0.000531659 0.00194009 -0.00053234 1 0.000174968 -0.00193991 -0.000176032 0.999998 -0.0303978 0.34047 0.0152418
FixedParameters: 0 0 0

#Transform 78
Transform: AffineTransform_float_3_3
Parameters: 1 -0.000385081 0.000533221 0.000383917 0.999998 0.0020262 -0.000534779 -0.00202579 0.999998 -0.102002 0.175381 0.117879
FixedParameters: 0 0 0

#Transform 79
Transform: AffineTransform_float_3_3
Parameters: 1 7.89992e-05 0.000293271 -8.00033e-05 0.999994 0.00341398 -0.000293729 -0.00341402 0.999994 -0.135328 0.173537 0.209931
FixedParameters: 0 0 0

#Transform 80
Transform: AffineTransform_float_3_3
Parameters: 1 -1.17491e-05 -4.90608e-05 1.22506e-05 0.999987 0.005118 4.89379e-05 -0.005118 0.999987 -0.251149 0.13 0.495614
FixedParameters: 0 0 0

#Transform 81
Transform: AffineTransform_float_3_3
Parameters: 1 0.000536454 -7.68979e-05 -0.000535546 0.999983 0.00578504 8.00995e-05 -0.00578496 0.999984 -0.18212 0.212785 0.486306
FixedParameters: 0 0 0

#Transform 82
Transform: AffineTransform_float_3_3
Parameters: 1 0.000283984 -0.00107467 -0.000274013 0.999965 0.0083513 0.00107733 -0.0083507 0.999964 -0.243835 0.384835 0.604656
FixedParameters: 0 0 0

#Transform 83
Transform: AffineTransform_float_3_3
Parameters: 1 3.62776e-05 -0.000308741 -3.37204e-05 0.999973 0.00737401 0.000309257 -0.00737399 0.999973 -0.206195 0.579936 0.480261
FixedParameters: 0 0 0

#Transform 84
Transform: AffineTransform_float_3_3
Parameters: 0.999997 -0.00132523 0.00203674 0.00131378 0.999984 0.00550369 -0.00204326 -0.00550031 0.999983 -0.0143276 0.50728 0.4413
FixedParameters: 0 0 0

#Transform 85
Transform: AffineTransform_float_3_3
Parameters: 0.999997 -0.00102819 0.00230748 0.0010188 0.999989 0.00441436 -0.00231252 -0.00441163 0.999987 -0.00811642 0.597882 0.393061
FixedParameters: 0 0 0

#Transform 86
Transform: AffineTransform_float_3_3
Parameters: 0.999996 -0.000923942 0.00245628 0.000914057 0.999991 0.00404626 -0.00245972 -0.00404374 0.999989 0.0400274 0.514181 0.395598
FixedParameters: 0 0 0

#Transform 87
Transform: AffineTransform_float_3_3
Parameters: 0.999997 -0.00120319 0.00238489 0.00119281 0.99999 0.00427086 -0.00239012 -0.00426814 0.999988 0.0147499 0.329468 0.399916
FixedParameters: 0 0 0

#Transform 88
Transform: AffineTransform_float_3_3
Parameters: 0.999997 -0.00120365 0.00237965 0.00119235 0.99999 0.00447086 -0.00238535 -0.00446715 0.999987 -0.00581369 0.327061 0.423663
FixedParameters: 0 0 0

#Transform 89
Transform: AffineTransform_float_3_3
Parameters: 0.999997 -0.000936275 0.00253823 0.000925726 0.999992 0.00404636 -0.00254177 -0.00404363 0.999988 -0.0263709 0.324174 0.422493
FixedParameters: 0 0 0

#Transform 90
Transform: AffineTransform_float_3_3
Parameters: 0.999997 -0.00085816 0.00253926 0.000849843 0.999994 0.00321217 -0.00254174 -0.00321083 0.999991 -0.0374263 0.356619 0.39478
FixedParameters: 0 0 0

#Transform 91
Transform: AffineTransform_float_3_3
Parameters: 0.999997 -0.000797428 0.00205613 0.000789573 0.999993 0.00361063 -0.00205886 -0.00360937 0.999992 -0.0646578 0.380562 0.403601
FixedParameters: 0 0 0

#Transform 92
Transform: AffineTransform_float_3_3
Parameters: 0.999999 -0.000482548 0.00169015 0.00047645 0.999993 0.00387181 -0.00169286 -0.00387119 0.999991 -0.0969664 0.436154 0.379066
FixedParameters: 0 0 0

#Transform 93
Transform: AffineTransform_float_3_3
Parameters: 1 -0.000145135 0.00107745 0.000140863 0.999992 0.00383715 -0.00107855 -0.00383684 0.999992 -0.149762 0.452653 0.394399
FixedParameters: 0 0 0

#Transform 94
Transform: AffineTransform_float_3_3
Parameters: 1 -5.2285e-05 0.0010858 4.87142e-05 0.999992 0.00394605 -0.0010862 -0.00394594 0.999991 -0.158912 0.474336 0.37764
FixedParameters: 0 0 0

#Transform 95
Transform: AffineTransform_float_3_3
Parameters: 1 2.37205e-05 0.0010951 -2.82791e-05 0.999993 0.00390797 -0.0010949 -0.00390803 0.999992 -0.17249 0.428323 0.392172
FixedParameters: 0 0 0

#Transform 96
Transform: AffineTransform_float_3_3
Parameters: 1 -1.62539e-05 0.00108294 1.17459e-05 0.999993 0.00392801 -0.00108305 -0.00392798 0.999991 -0.161043 0.431537 0.389836
FixedParameters: 0 0 0

#Transform 97
Transform: AffineTransform_float_3_3
Parameters: 0.999995 -0.00176035 0.00257199 0.00175366 0.999995 0.00285452 -0.00257701 -0.00285048 0.999992 0.0539169 0.367493 0.202324
FixedParameters: 0 0 0

#Transform 98
Transform: AffineTransform_float_3_3
Parameters: 0.999987 -0.00219156 0.00444118 0.00219844 0.999997 -0.00144625 -0.00443781 0.00145574 0.999989 0.108246 0.253338 -0.239269
FixedParameters: 0 0 0

#Transform 99
Transform: AffineTransform_float_3_3
Parameters: 1 -0.00019824 0.000965952 0.000197761 1 0.000247191 -0.00096605 -0.000247809 1 -0.134401 0.360074 -0.0605798
FixedParameters: 0 0 0

#Transform 100
Transform: AffineTransform_float_3_3
Parameters: 1 -0.000929913 0.000680035 0.000927088 0.999991 0.00427063 -0.000683965 -0.00426937 0.99999 -0.126566 0.492167 0.0379678
FixedParameters: 0 0 0

#Transform 101
Transform: AffineTransform_float_3_3
Parameters: 0.999995 -0.00225014 0.0023243 0.00223885 0.999984 0.00521523 -0.0023367 -0.00520977 0.999983 -0.0026248 0.287359 0.167338
FixedParameters: 0 0 0

#Transform 102
Transform: AffineTransform_float_3_3
Parameters: 0.999997 -0.0014811 0.00160584 0.0014699 0.999975 0.00688938 -0.00161616 -0.00688762 0.999975 -0.0514263 0.230078 0.36718
FixedParameters: 0 0 0

#Transform 103
Transform: AffineTransform_float_3_3
Parameters: 0.999998 -0.000903146 0.00135478 0.00088285 0.99989 0.0147982 -0.00136821 -0.0147968 0.999889 -0.16632 0.536469 0.605285
FixedParameters: 0 0 0

#Transform 104
Transform: AffineTransform_float_3_3
Parameters: 0.999999 -0.000545781 0.00178474 0.000518216 0.99988 0.015529 -0.00179326 -0.0155281 0.999878 -0.225324 0.753842 0.829435
FixedParameters: 0 0 0

#Transform 105
Transform: AffineTransform_float_3_3
Parameters: 0.999999 0.000263291 0.00120063 -0.000274714 0.999953 0.00976368 -0.00119837 -0.00976332 0.999951 -0.203152 0.791804 0.474649
FixedParameters: 0 0 0

#Transform 106
Transform: AffineTransform_float_3_3
Parameters: 0.999999 0.000265462 0.00125406 -0.000274538 0.999971 0.00761166 -0.00125195 -0.00761234 0.99997 -0.158461 0.579994 0.372471
FixedParameters: 0 0 0

#Transform 107
Transform: AffineTransform_float_3_3
Parameters: 0.999999 0.000474149 0.00114744 -0.000479849 0.999987 0.00510445 -0.00114457 -0.00510455 0.999987 -0.159175 0.54017 0.339185
FixedParameters: 0 0 0

#Transform 108
Transform: AffineTransform_float_3_3
Parameters: 1 0.000483514 0.00111939 -0.00048949 0.999988 0.00490646 -0.00111761 -0.00490654 0.999988 -0.15768 0.587404 0.337705
FixedParameters: 0 0 0

#Transform 109
Transform: AffineTransform_float_3_3
Parameters: 0.999999 0.000741058 0.00103755 -0.000745945 0.999989 0.00477123 -0.00103445 -0.00477177 0.999988 -0.176064 0.54139 0.344297
FixedParameters: 0 0 0

#Transform 110
Transform: AffineTransform_float_3_3
Parameters: 0.999999 -0.000904111 0.00124402 0.000899889 0.999994 0.00330112 -0.00124698 -0.00329988 0.999994 -0.109114 0.447487 0.198994
FixedParameters: 0 0 0

#Transform 111
Transform: AffineTransform_float_3_3
Parameters: 0.999998 -0.00197599 -6.22923e-05 0.00197601 0.999998 0.000147877 6.17074e-05 -0.000148122 1 -0.150349 0.348551 -0.0529859
FixedParameters: 0 0 0

#Transform 112
Transform: AffineTransform_float_3_3
Parameters: 0.999998 -0.00192558 -7.81022e-05 0.00192542 0.999981 0.00576486 6.6901e-05 -0.00576514 0.999984 -0.050482 0.434408 0.203147
FixedParameters: 0 0 0

#Transform 113
Transform: AffineTransform_float_3_3
Parameters: 0.999998 -0.00158293 0.00038516 0.00158007 0.99997 0.00748662 -0.00039684 -0.00748638 0.999972 -0.018592 0.0972337 0.201575
FixedParameters: 0 0 0

#Transform 114
Transform: AffineTransform_float_3_3
Parameters: 1 -0.000309437 -0.000107633 0.000310565 0.999986 0.00527297 0.000106364 -0.00527303 0.999986 -0.0775753 0.0798214 0.288834
FixedParameters: 0 0 0

#Transform 115
Transform: AffineTransform_float_3_3
Parameters: 1 0.000137512 -0.000105335 -0.00013649 0.999989 0.00484502 0.000105663 -0.00484499 0.999989 -0.0616234 0.224174 0.272713
FixedParameters: 0 0 0

#Transform 116
Transform: AffineTransform_float_3_3
Parameters: 1 0.000464076 -1.70538e-05 -0.000463925 0.999991 0.00419401 1.89459e-05 -0.00419399 0.999991 -0.0578994 0.405563 0.179645
FixedParameters: 0 0 0

#Transform 117
Transform: AffineTransform_float_3_3
Parameters: 0.999999 0.000901937 2.71647e-05 -0.000902064 0.999996 0.00239998 -2.58351e-05 -0.00240002 0.999997 -0.0824195 0.461094 0.082078
FixedParameters: 0 0 0

#Transform 118
Transform: AffineTransform_float_3_3
Parameters: 1 0.00100378 0.000491508 -0.00100523 0.999997 0.00249651 -0.000489491 -0.00249749 0.999997 -0.10506 0.525188 0.138538
FixedParameters: 0 0 0

#Transform 119
Transform: AffineTransform_float_3_3
Parameters: 1 0.00102292 2.88694e-05 -0.00102208 0.999995 0.00280497 -2.61332e-05 -0.00280503 0.999996 -0.11227 0.465267 0.178173
FixedParameters: 0 0 0

#Transform 120
Transform: AffineTransform_float_3_3
Parameters: 0.999999 0.000780934 2.79009e-05 -0.000780065 0.999996 0.00243398 -2.61014e-05 -0.00243402 0.999997 -0.10356 0.411752 0.243038
FixedParameters: 0 0 0

#Transform 121
Transform: AffineTransform_float_3_3
Parameters: 1 0.000414681 0.000158834 -0.000415317 0.999998 0.00200993 -0.000157165 -0.00201007 0.999998 -0.087709 0.375418 0.231364
FixedParameters: 0 0 0

#Transform 122
Transform: AffineTransform_float_3_3
Parameters: 0.999999 0.000735764 0.000178973 -0.000736236 0.999999 0.00132287 -0.000178026 -0.00132313 0.999999 -0.10836 0.307603 0.208532
FixedParameters: 0 0 0

#Transform 123
Transform: AffineTransform_float_3_3
Parameters: 0.999999 0.0010058 0.000154331 -0.0010052 0.999998 0.00132285 -0.00015367 -0.00132315 0.999999 -0.149115 0.307243 0.208583
FixedParameters: 0 0 0

#Transform 124
Transform: AffineTransform_float_3_3
Parameters: 1 0.00103989 0.000490241 -0.00103911 1 0.000231491 -0.000489759 -0.00023251 1 -0.12024 0.190321 0.192266
FixedParameters: 0 0 0

#Transform 125
Transform: AffineTransform_float_3_3
Parameters: 1 0.00105498 7.8249e-05 -0.00105502 1 0.000235918 -7.7751e-05 -0.000236082 1 -0.136811 0.173766 0.202281
FixedParameters: 0 0 0

#Transform 126
Transform: AffineTransform_float_3_3
Parameters: 0.999999 0.00086497 7.4339e-05 -0.000865029 0.999999 0.000391936 -7.46609e-05 -0.000392065 1 -0.12991 0.200864 0.20021
FixedParameters: 0 0 0

#Transform 127
Transform: AffineTransform_float_3_3
Parameters: 0.999999 0.000874806 0.000203834 -0.000874194 0.999999 0.000953822 -0.000203166 -0.000954178 0.999999 -0.127208 0.256815 0.24168
FixedParameters: 0 0 0

#Transform 128
Transform: AffineTransform_float_3_3
Parameters: 1 0.00052764 0.000394482 -0.00052836 1 0.000913792 -0.000393517 -0.000914208 0.999999 -0.117912 0.257449 0.266947
FixedParameters: 0 0 0

#Transform 129
Transform: AffineTransform_float_3_3
Parameters: 0.999997 -3.00652e-05 0.00265826 4.79328e-05 0.999977 -0.0067469 -0.00265774 0.0067471 0.999973 -0.0282528 -0.0140686 0.0328004
FixedParameters: 0 0 0

#Transform 130
Transform: AffineTransform_float_3_3
Parameters: 0.999995 -0.0004064 0.00288987 0.000432601 0.999958 -0.0092098 -0.00288614 0.00921122 0.999954 0.0253577 -0.0231832 -0.0623854
FixedParameters: 0 0 0

#Transform 131
Transform: AffineTransform_float_3_3
Parameters: 0.999996 6.4104e-05 0.00263364 -4.68997e-05 0.999979 -0.00649415 -0.00263336 0.00649386 0.999976 0.0131382 0.106551 0.025413
FixedParameters: 0 0 0

#Transform 132
Transform: AffineTransform_float_3_3
Parameters: 0.999998 0.000470222 0.00225227 -0.000451773 0.999967 -0.00808404 -0.00225673 0.00808296 0.999965 -0.0483646 -0.0244579 -0.00193485
FixedParameters: 0 0 0

#Transform 133
Transform: AffineTransform_float_3_3
Parameters: 0.999996 -0.00027094 0.00288919 0.000303056 0.999939 -0.0111012 -0.00288581 0.0111028 0.999934 0.0176168 -0.134059 -0.0760548
FixedParameters: 0 0 0

#Transform 134
Transform: AffineTransform_float_3_3
Parameters: 0.999997 6.07929e-05 0.00252051 -3.52017e-05 0.999947 -0.0102321 -0.00252149 0.0102319 0.999944 -0.0197108 -0.0797962 -0.0519303
FixedParameters: 0 0 0

#Transform 135
Transform: AffineTransform_float_3_3
Parameters: 0.999999 0.000769628 0.00103665 -0.000761378 0.999966 -0.0082978 -0.00104235 0.00829621 0.999965 -0.12501 -0.0438381 0.00238778
FixedParameters: 0 0 0

#Transform 136
Transform: AffineTransform_float_3_3
Parameters: 0.999999 0.000770855 0.00129217 -0.000761146 0.999971 -0.00760999 -0.00129783 0.00760901 0.99997 -0.0995871 -0.0171255 0.027288
FixedParameters: 0 0 0

#Transform 137
Transform: AffineTransform_float_3_3
Parameters: 0.999999 0.00120175 0.000915501 -0.00119525 0.999979 -0.0062551 -0.000922494 0.0062539 0.99998 -0.139956 0.0412706 0.0643414
FixedParameters: 0 0 0

#Transform 138
Transform: AffineTransform_float_3_3
Parameters: 0.999999 0.00102753 0.000960058 -0.00102147 0.999976 -0.00677798 -0.000966945 0.00677701 0.999976 -0.155073 0.0438284 0.056667
FixedParameters: 0 0 0

#Transform 139
Transform: AffineTransform_float_3_3
Parameters: 0.999999 0.000920514 0.00113495 -0.000912485 0.999978 -0.00660404 -0.00114105 0.00660296 0.999978 -0.149826 0.0565263 0.0590114
FixedParameters: 0 0 0

#Transform 140
Transform: AffineTransform_float_3_3
Parameters: 0.999999 0.00118843 0.000940941 -0.00118157 0.999976 -0.00680012 -0.000949056 0.00679888 0.999977 -0.182507 0.0448422 0.0607724
FixedParameters: 0 0 0

#Transform 141
Transform: AffineTransform_float_3_3
Parameters: 0.999998 0.0013331 0.000866687 -0.0013279 0.999974 -0.00700216 -0.000876319 0.00700084 0.999975 -0.197171 0.0395787 0.0602492
FixedParameters: 0 0 0

#Transform 142
Transform: AffineTransform_float_3_3
Parameters: 0.999998 0.0014021 0.000864175 -0.0013959 0.999975 -0.00702322 -0.000873824 0.00702179 0.999975 -0.210437 0.0358416 0.0610674
FixedParameters: 0 0 0

#Transform 143
Transform: AffineTransform_float_3_3
Parameters: 0.999999 0.00118064 0.000781551 -0.00117537 0.999974 -0.00717393 -0.000789452 0.00717308 0.999974 -0.194266 0.0151564 0.0630347
FixedParameters: 0 0 0

#Transform 144
Transform: AffineTransform_float_3_3
Parameters: 0.999999 0.00105935 0.00084659 -0.00105465 0.999987 -0.0051179 -0.000852408 0.0051171 0.999986 -0.166929 0.107138 0.128555
FixedParameters: 0 0 0

#Transform 145
Transform: AffineTransform_float_3_3
Parameters: 1 0.000551896 -0.000107534 -0.000552104 1 -0.000967941 0.000107466 0.000968059 0.999999 -0.108303 0.291511 0.212527
FixedParameters: 0 0 0

#Transform 146
Transform: AffineTransform_float_3_3
Parameters: 1 0.000302256 0.000263708 -0.000302744 1 -0.000968081 -0.000264293 0.000967921 1 -0.118291 0.256416 0.0612228
FixedParameters: 0 0 0

#Transform 147
Transform: AffineTransform_float_3_3
Parameters: 0.999999 0.000481422 0.000653955 -0.000479577 0.999997 -0.00217331 -0.000655044 0.00217269 0.999998 -0.11344 0.0992415 0.106694
FixedParameters: 0 0 0

#Transform 148
Transform: AffineTransform_float_3_3
Parameters: 0.999999 0.000633696 0.000774802 -0.000631303 0.999994 -0.00347449 -0.000777198 0.00347451 0.999993 -0.138444 -0.00265178 0.10133
FixedParameters: 0 0 0

#Transform 149
Transform: AffineTransform_float_3_3
Parameters: 1 0.000645514 0.000996733 -0.000641484 0.999993 -0.00352264 -0.000999266 0.00352136 0.999994 -0.118237 0.0321182 0.115759
FixedParameters: 0 0 0

#Transform 150
Transform: AffineTransform_float_3_3
Parameters: 0.999999 0.000281307 0.00139274 -0.000279692 0.999999 -0.00093939 -0.00139226 0.000938608 0.999998 -0.0710468 0.200345 0.187971
FixedParameters: 0 0 0

#Transform 151
Transform: AffineTransform_float_3_3
Parameters: 0.999998 -0.000357742 0.00223356 0.000355257 0.999999 0.0012288 -0.00223344 -0.0012272 0.999997 0.0434771 0.328464 0.262149
FixedParameters: 0 0 0

#Transform 152
Transform: AffineTransform_float_3_3
Parameters: 0.999998 0.000133585 0.00210509 -0.000134414 1 0.000671718 -0.00210491 -0.000672282 0.999997 0.0132666 0.354732 0.23062
FixedParameters: 0 0 0

#Transform 153
Transform: AffineTransform_float_3_3
Parameters: 0.999997 -1.78928e-05 0.002144 1.81072e-05 1 -4.99613e-05 -0.002144 5.00385e-05 0.999997 0.0227389 0.372874 0.216489
FixedParameters: 0 0 0

#Transform 154
Transform: AffineTransform_float_3_3
Parameters: 0.999998 0.000116337 0.00204704 -0.000117663 1 0.00032376 -0.00204696 -0.000324239 0.999998 0.0135494 0.373949 0.219536
FixedParameters: 0 0 0

#Transform 155
Transform: AffineTransform_float_3_3
Parameters: 0.999998 -0.000122308 0.00169376 0.000118693 0.999998 0.0019522 -0.00169423 -0.0019528 0.999996 0.0222508 0.403499 0.278157
FixedParameters: 0 0 0

#Transform 156
Transform: AffineTransform_float_3_3
Parameters: 0.999964 -0.0078552 0.00299952 0.00782478 0.999916 0.0102768 -0.00308048 -0.0102532 0.999942 0.294678 0.609199 0.25089
FixedParameters: 0 0 0

#Transform 157
Transform: AffineTransform_float_3_3
Parameters: 0.999983 -0.00278304 0.00500009 0.00278495 0.999996 -0.000384081 -0.00499891 0.000397919 0.999988 0.239821 0.370647 0.0397842
FixedParameters: 0 0 0

#Transform 158
Transform: AffineTransform_float_3_3
Parameters: 0.999979 -0.00277756 0.00573061 0.00278444 0.999996 -0.00129007 -0.00572639 0.00130593 0.999982 0.315983 0.0852024 -0.150323
FixedParameters: 0 0 0

#Transform 159
Transform: AffineTransform_float_3_3
Parameters: 0.999992 -0.000782353 0.00396052 0.000784648 1 -0.000666898 -0.00396048 0.000670104 0.999992 0.189352 0.0463458 0.0750302
FixedParameters: 0 0 0

#Transform 160
Transform: AffineTransform_float_3_3
Parameters: 0.999989 -0.00138891 0.00436351 0.00140309 0.999994 -0.00322791 -0.00435849 0.00323409 0.999986 0.283819 0.0444753 0.0139377
FixedParameters: 0 0 0

#Transform 161
Transform: AffineTransform_float_3_3
Parameters: 0.999963 -0.00196122 0.00837478 0.00195579 0.999998 0.000630402 -0.00837522 -0.000614597 0.999964 0.519691 0.307713 0.0850622
FixedParameters: 0 0 0

#Transform 162
Transform: AffineTransform_float_3_3
Parameters: 0.999936 -0.00242023 0.0110478 0.00241078 0.999996 0.000938693 -0.0110492 -0.000912316 0.999938 0.669968 0.324078 -0.0689702
FixedParameters: 0 0 0

#Transform 163
Transform: AffineTransform_float_3_3
Parameters: 0.999958 -0.00267746 0.00877624 0.00267554 0.999997 0.000292493 -0.00877674 -0.000268512 0.999961 0.520325 0.422834 -0.0553116
FixedParameters: 0 0 0

#Transform 164
Transform: AffineTransform_float_3_3
Parameters: 0.999967 -0.00285013 0.00761246 0.00284587 0.999996 0.000552682 -0.00761454 -0.000531315 0.999971 0.486111 0.327145 -0.027639
FixedParameters: 0 0 0

#Transform 165
Transform: AffineTransform_float_3_3
Parameters: 0.999967 -0.00430265 0.0068888 0.00427534 0.999983 0.00402458 -0.0069062 -0.00399442 0.999968 0.507134 0.356446 0.0759826
FixedParameters: 0 0 0

#Transform 166
Transform: AffineTransform_float_3_3
Parameters: 0.999973 -0.00350162 0.00655203 0.00346437 0.999977 0.00574585 -0.00657197 -0.00572214 0.999962 0.458665 0.323825 0.12274
FixedParameters: 0 0 0

#Transform 167
Transform: AffineTransform_float_3_3
Parameters: 0.99997 -0.00283286 0.00727906 0.00280214 0.999987 0.00424652 -0.00729093 -0.00422547 0.999964 0.473648 0.248121 0.125181
FixedParameters: 0 0 0

#Transform 168
Transform: AffineTransform_float_3_3
Parameters: 0.999968 -0.00364923 0.00702358 0.00363376 0.99999 0.00232259 -0.00703241 -0.00229741 0.999972 0.459386 0.168546 0.129515
FixedParameters: 0 0 0

#Transform 169
Transform: AffineTransform_float_3_3
Parameters: 0.999972 -0.00467808 0.00593632 0.00465292 0.99998 0.00423174 -0.00595567 -0.00420326 0.999973 0.455567 0.182918 0.143976
FixedParameters: 0 0 0

#Transform 170
Transform: AffineTransform_float_3_3
Parameters: 0.999981 -0.00429533 0.00427565 0.00428167 0.999986 0.00312136 -0.00428935 -0.00310363 0.999986 0.306645 0.210328 0.0796769
FixedParameters: 0 0 0

#Transform 171
Transform: AffineTransform_float_3_3
Parameters: 0.999992 -0.00286167 0.00282925 0.00285133 0.99999 0.0034161 -0.00283875 -0.0034079 0.99999 0.143312 0.261073 -0.00414262
FixedParameters: 0 0 0

#Transform 172
Transform: AffineTransform_float_3_3
Parameters: 0.999994 -0.00106957 0.00311609 0.00106343 0.999998 0.00178832 -0.00311791 -0.00178568 0.999994 0.0722472 0.258433 -0.215656
FixedParameters: 0 0 0

#Transform 173
Transform: AffineTransform_float_3_3
Parameters: 0.999989 -0.00244335 0.00382741 0.00243265 0.999994 0.00270634 -0.00383359 -0.00269766 0.999989 0.137015 0.132688 -0.248089
FixedParameters: 0 0 0

#Transform 174
Transform: AffineTransform_float_3_3
Parameters: 0.999981 -0.00351866 0.00509015 0.00350034 0.999987 0.00367089 -0.00510285 -0.00365312 0.999981 0.26986 0.00563835 -0.120259
FixedParameters: 0 0 0

#Transform 175
Transform: AffineTransform_float_3_3
Parameters: 0.999967 -0.00498383 0.0063116 0.00496316 0.999982 0.00331243 -0.00632839 -0.00328057 0.999974 0.37879 -0.0544106 0.0234853
FixedParameters: 0 0 0

#Transform 176
Transform: AffineTransform_float_3_3
Parameters: 0.999968 -0.00562443 0.00568899 0.00559856 0.999973 0.004652 -0.00571502 -0.00462 0.999973 0.362847 0.131873 0.150994
FixedParameters: 0 0 0

#Transform 177
Transform: AffineTransform_float_3_3
Parameters: 0.999973 -0.00505394 0.00531978 0.00502307 0.999971 0.00581188 -0.00534922 -0.00578512 0.999969 0.334614 0.30229 0.32567
FixedParameters: 0 0 0

#Transform 178
Transform: AffineTransform_float_3_3
Parameters: 0.999966 -0.00482123 0.00666725 0.00479177 0.999978 0.0045431 -0.00668877 -0.00451091 0.999968 0.37763 0.495968 0.190855
FixedParameters: 0 0 0

#Transform 179
Transform: AffineTransform_float_3_3
Parameters: 0.999956 -0.00481765 0.00796474 0.00479435 0.999984 0.00298531 -0.00797926 -0.00294769 0.999964 0.435646 0.409802 0.147973
FixedParameters: 0 0 0

#Transform 180
Transform: AffineTransform_float_3_3
Parameters: 0.99995 -0.0055026 0.00836487 0.0054774 0.99998 0.00296096 -0.00838113 -0.00291503 0.99996 0.532333 0.473386 0.0498814
FixedParameters: 0 0 0

#Transform 181
Transform: AffineTransform_float_3_3
Parameters: 0.999954 -0.0062288 0.00719086 0.00619519 0.999969 0.00471376 -0.00722014 -0.00466924 0.999963 0.634585 0.219792 0.159161
FixedParameters: 0 0 0

#Transform 182
Transform: AffineTransform_float_3_3
Parameters: 0.999955 -0.00627645 0.00713569 0.00625154 0.999974 0.00358377 -0.00715831 -0.00353923 0.999968 0.660323 0.0810583 0.0548661
FixedParameters: 0 0 0

#Transform 183
Transform: AffineTransform_float_3_3
Parameters: 0.999951 -0.00665722 0.00731601 0.00662278 0.999967 0.00469168 -0.00734699 -0.00464232 0.999962 0.706518 0.120817 0.0797204
FixedParameters: 0 0 0

#Transform 184
Transform: AffineTransform_float_3_3
Parameters: 0.99993 -0.00665174 0.00979187 0.00662227 0.999974 0.00306606 -0.00981214 -0.00300094 0.999948 0.816019 0.0942744 -0.00830731
FixedParameters: 0 0 0

#Transform 185
Transform: AffineTransform_float_3_3
Parameters: 0.999929 -0.00734413 0.00940654 0.00732286 0.99997 0.00227904 -0.00942346 -0.00220995 0.999953 0.79071 0.0835819 0.0225564
FixedParameters: 0 0 0

#Transform 186
Transform: AffineTransform_float_3_3
Parameters: 0.999935 -0.007208 0.00883059 0.007194 0.999973 0.00161563 -0.00884141 -0.00155237 0.999959 0.776543 0.0889053 0.0406538
FixedParameters: 0 0 0

#Transform 187
Transform: AffineTransform_float_3_3
Parameters: 0.999955 -0.00626066 0.00705001 0.00624534 0.999979 0.00209912 -0.00706298 -0.00205487 0.999973 0.654958 0.122303 0.048277
FixedParameters: 0 0 0

#Transform 188
Transform: AffineTransform_float_3_3
Parameters: 0.999959 -0.00606716 0.00681234 0.00604485 0.999977 0.00326832 -0.00683167 -0.00322669 0.999972 0.627693 0.208883 0.107235
FixedParameters: 0 0 0

#Transform 189
Transform: AffineTransform_float_3_3
Parameters: 0.99988 -0.0093727 0.012317 0.0093073 0.999942 0.00529927 -0.012366 -0.00518472 0.99991 1.08558 0.234373 0.168305
FixedParameters: 0 0 0

#Transform 190
Transform: AffineTransform_float_3_3
