#Insight Transform File V1.0
#Transform 0
Transform: AffineTransform_float_3_3
Parameters: 0.999999 0.00146429 0.00113334 -0.00146372 0.999999 -0.00113466 -0.00113466 0.00113334 0.999998 0.0345249 -0.0370377 -0.0607689
FixedParameters: 0 0 0

#Transform 1
Transform: AffineTransform_float_3_3
Parameters: 0.999999 0.00146346 0.00114341 -0.00146354 0.999999 -0.000407674 -0.0011436 0.000405327 1 0.0488532 -0.0220585 -0.0645744
FixedParameters: 0 0 0

#Transform 2
Transform: AffineTransform_float_3_3
Parameters: 0.999999 0.00146358 0.00112724 -0.00146342 0.999999 -0.000518651 -0.00112876 0.000517349 0.999999 0.0480779 -0.0268653 -0.054233
FixedParameters: 0 0 0

#Transform 3
Transform: AffineTransform_float_3_3
Parameters: 0.999998 0.00146349 0.0011834 -0.00146351 0.999999 -0.000413733 -0.00118461 0.000412267 0.999999 0.0505674 -0.0223406 -0.0351483
FixedParameters: 0 0 0

#Transform 4
Transform: AffineTransform_float_3_3
Parameters: 0.999998 0.00146336 0.00118355 -0.00146364 0.999999 -0.000308733 -0.00118445 0.000306267 1 0.0506345 0.0158425 -0.0349338
FixedParameters: 0 0 0

#Transform 5
Transform: AffineTransform_float_3_3
Parameters: 0.999998 0.00137313 0.00105384 -0.00137287 0.999999 -0.000120447 -0.00105417 0.000119553 1 0.0350656 0.0247458 -0.00817459
FixedParameters: 0 0 0

#Transform 6
Transform: AffineTransform_float_3_3
Parameters: 0.999999 0.00132572 0.00118319 -0.00132528 0.999999 -0.000609569 -0.00118381 0.000607432 0.999999 0.0426647 -0.00325787 -0.023345
FixedParameters: 0 0 0

#Transform 7
Transform: AffineTransform_float_3_3
Parameters: 0.999998 0.00132592 0.00104383 -0.00132508 0.999998 -0.000883384 -0.00104517 0.000881615 0.999999 0.0445758 0.0219918 -0.0646061
FixedParameters: 0 0 0

#Transform 8
Transform: AffineTransform_float_3_3
Parameters: 0.999998 0.00111495 0.00118311 -0.00111405 0.999999 -0.000801319 -0.00118389 0.000799681 0.999999 0.0508523 0.0101098 -0.0428596
FixedParameters: 0 0 0

#Transform 9
Transform: AffineTransform_float_3_3
Parameters: 0.999999 0.00132552 0.00118342 -0.00132549 0.999999 -0.000435569 -0.00118458 0.000434431 0.999999 0.0460494 -0.0411831 -0.0225302
FixedParameters: 0 0 0

#Transform 10
Transform: AffineTransform_float_3_3
Parameters: 0.999998 0.00132499 0.00104601 -0.00132501 0.999999 9.61404e-06 -0.00104599 -1.13859e-05 1 0.0446196 -0.0217222 -0.0111177
FixedParameters: 0 0 0

#Transform 11
Transform: AffineTransform_float_3_3
Parameters: 0.999999 0.00100899 0.00118401 -0.00100901 1 9.80534e-06 -0.00118399 -1.11947e-05 1 0.0510339 0.00337254 -0.00590469
FixedParameters: 0 0 0

#Transform 12
Transform: AffineTransform_float_3_3
Parameters: 0.999999 0.00140299 0.00118401 -0.00140301 0.999999 9.33883e-06 -0.00118399 -1.16611e-05 1 0.0507016 0.0249599 -0.00585251
FixedParameters: 0 0 0

#Transform 13
Transform: AffineTransform_float_3_3
Parameters: 0.999999 0.000921263 0.0011838 -0.000920737 0.999999 -0.00022209 -0.00118421 0.000221909 1 0.0559414 0.0243683 0.0155043
FixedParameters: 0 0 0

#Transform 14
Transform: AffineTransform_float_3_3
Parameters: 0.999999 0.000959008 0.00118318 -0.000958992 0.999999 -0.000852136 -0.00118382 0.000850866 0.999999 0.0511152 0.0376535 -0.0253186
FixedParameters: 0 0 0

#Transform 15
Transform: AffineTransform_float_3_3
Parameters: 0.999999 0.000634077 0.00118342 -0.000632923 1 -0.00090975 -0.00118458 0.00090925 0.999999 0.0689626 0.054179 0.0103343
FixedParameters: 0 0 0

#Transform 16
Transform: AffineTransform_float_3_3
Parameters: 0.999999 0.000495384 0.000856777 -0.000494615 1 -0.000449424 -0.000857221 0.000448575 0.999999 0.0569864 0.0215773 0.04099
FixedParameters: 0 0 0

#Transform 17
Transform: AffineTransform_float_3_3
Parameters: 1 0.00071367 0.000786299 -0.000714329 0.999999 0.000418438 -0.000785701 -0.000419561 0.999999 0.0503513 0.0305197 0.0138326
FixedParameters: 0 0 0

#Transform 18
Transform: AffineTransform_float_3_3
Parameters: 1 0.000713442 0.000834478 -0.000714558 0.999999 0.000668404 -0.000834523 -0.000668596 1 0.0361482 0.0534665 0.0138813
FixedParameters: 0 0 0

#Transform 19
Transform: AffineTransform_float_3_3
Parameters: 1 -0.000363645 -0.000440293 0.000364354 0.999999 0.000804839 0.000439707 -0.000805159 0.999999 -0.0186009 0.0618471 -0.00762444
FixedParameters: 0 0 0

#Transform 20
Transform: AffineTransform_float_3_3
Parameters: 1 0.000238964 0.000302029 -0.000239036 1 0.000119928 -0.000301971 -0.000120072 1 0.0133128 0.0188797 0.0149853
FixedParameters: 0 0 0

#Transform 21
Transform: AffineTransform_float_3_3
Parameters: 1 5.9112e-05 0.000267975 -5.8888e-05 1 -0.000418016 -0.000268025 0.000417984 1 0.0120332 0.0356538 -0.00616544
FixedParameters: 0 0 0

#Transform 22
Transform: AffineTransform_float_3_3
Parameters: 1 -0.00029891 0.000273098 0.00029909 1 -0.000328918 -0.000272902 0.000329082 1 0.0126022 0.0634692 -0.0471068
FixedParameters: 0 0 0

#Transform 23
Transform: AffineTransform_float_3_3
Parameters: 1 -0.000253752 0.00027323 0.000253247 0.999999 -0.00090593 -0.000272771 0.000906068 0.999999 0.0125873 0.0353649 -0.0401304
FixedParameters: 0 0 0

#Transform 24
Transform: AffineTransform_float_3_3
Parameters: 0.999999 -0.000295705 0.000683127 0.000296295 1 -0.000431798 -0.000682872 0.000432202 0.999999 0.0304552 0.0209453 -0.024587
FixedParameters: 0 0 0

#Transform 25
Transform: AffineTransform_float_3_3
Parameters: 1 -0.000295954 0.00027305 0.000296046 1 -0.000169919 -0.00027295 0.000170081 1 0.0125307 0.0260192 -0.0231225
FixedParameters: 0 0 0

#Transform 26
Transform: AffineTransform_float_3_3
Parameters: 1 -0.000165046 -0.000231967 0.000164954 1 -0.000198038 0.000232033 0.000198962 1 -0.00966611 0.0244596 -0.021773
FixedParameters: 0 0 0

#Transform 27
Transform: AffineTransform_float_3_3
Parameters: 1 -0.000296032 -0.000158941 0.000295968 1 -0.000198047 0.000159059 0.000198953 1 -0.0147515 0.0248059 -0.021937
FixedParameters: 0 0 0

#Transform 28
Transform: AffineTransform_float_3_3
Parameters: 1 -1.98481e-05 0.000339009 1.91519e-05 1 -0.000447993 -0.000338991 0.000448007 1 0.00786573 0.0207244 -0.0145704
FixedParameters: 0 0 0

#Transform 29
Transform: AffineTransform_float_3_3
Parameters: 1 7.21943e-05 0.00027795 -7.18056e-05 1 -0.00069902 -0.00027805 0.00069898 0.999999 0.0124004 0.0505157 -0.0384572
FixedParameters: 0 0 0

#Transform 30
Transform: AffineTransform_float_3_3
Parameters: 1 -0.000111179 -0.000158875 0.000110822 1 -0.00112802 0.000158125 0.00112798 1 -0.0233337 0.0321869 -0.0376766
FixedParameters: 0 0 0

#Transform 31
Transform: AffineTransform_float_3_3
Parameters: 1 -0.000390045 -0.000158889 0.000389955 1 -0.000285062 0.000158111 0.000284938 1 -0.0106292 0.0296682 -0.0132774
FixedParameters: 0 0 0

#Transform 32
Transform: AffineTransform_float_3_3
Parameters: 1 -0.00035007 -0.000158845 0.00034993 1 -0.000442055 0.000158155 0.000441945 1 -0.0155656 -0.0123298 -0.00462415
FixedParameters: 0 0 0

#Transform 33
Transform: AffineTransform_float_3_3
Parameters: 1 1.38197e-05 -0.000535005 -1.41803e-05 1 -0.000336992 0.000534995 0.000337007 1 -0.0348639 -0.0113692 0.00922595
FixedParameters: 0 0 0

#Transform 34
Transform: AffineTransform_float_3_3
Parameters: 1 1.37943e-05 -0.000409007 -1.42057e-05 1 -0.000502994 0.000408993 0.000503006 1 -0.0320498 0.00212898 0.0192721
FixedParameters: 0 0 0

#Transform 35
Transform: AffineTransform_float_3_3
Parameters: 1 1.39418e-05 -0.000159005 -1.40582e-05 1 -0.000365998 0.000158995 0.000366002 1 -0.0186111 0.0390303 0.0244176
FixedParameters: 0 0 0

#Transform 36
Transform: AffineTransform_float_3_3
Parameters: 1 -0.000347403 -0.000408658 0.000346598 1 -0.000985143 0.000408342 0.000984859 1 -0.0246531 0.0297914 0.00378412
FixedParameters: 0 0 0

#Transform 37
Transform: AffineTransform_float_3_3
Parameters: 1 -0.000301193 0.000485501 0.000301806 0.999998 -0.00166285 -0.000484498 0.00166314 0.999998 -0.00022826 -0.00353026 -0.0231353
FixedParameters: 0 0 0

#Transform 38
Transform: AffineTransform_float_3_3
Parameters: 1 -0.000236906 0.000119186 0.000237094 0.999999 -0.000785971 -0.000119814 0.000786028 0.999999 -0.0203079 0.0213993 0.00916287
FixedParameters: 0 0 0

#Transform 39
Transform: AffineTransform_float_3_3
Parameters: 1 -0.000155918 0.000119108 0.000155083 0.999999 -0.000689981 -0.000119893 0.000690018 1 -0.0150059 -0.00745494 0.0284248
FixedParameters: 0 0 0

#Transform 40
Transform: AffineTransform_float_3_3
Parameters: 1 -0.000233083 -0.00027593 0.000232917 1 -0.000301064 0.00027507 0.000301936 1 -0.0239467 -0.00973317 0.0271378
FixedParameters: 0 0 0

#Transform 41
Transform: AffineTransform_float_3_3
Parameters: 1 -0.000156138 -0.000297928 0.000155862 1 -0.000464046 0.000298072 0.000463953 1 -0.0332237 0.0115258 0.0210587
FixedParameters: 0 0 0

#Transform 42
Transform: AffineTransform_float_3_3
Parameters: 1 -0.000156095 -0.000386962 0.000155905 1 -0.00024606 0.000387038 0.00024594 1 -0.0208384 0.0185102 0.0513954
FixedParameters: 0 0 0

#Transform 43
Transform: AffineTransform_float_3_3
Parameters: 1 -0.000156036 -0.00018697 0.000155964 1 -0.000192029 0.00018703 0.000191971 1 -0.0283389 0.0573692 0.0161147
FixedParameters: 0 0 0

#Transform 44
Transform: AffineTransform_float_3_3
Parameters: 1 -0.000155889 0.000119145 0.000155112 0.999999 -0.000930981 -0.000119856 0.000931018 0.999999 -0.00700097 0.0618447 -0.0157785
FixedParameters: 0 0 0

#Transform 45
Transform: AffineTransform_float_3_3
Parameters: 1 -0.000155914 0.000119113 0.000155087 0.999999 -0.000724981 -0.000119888 0.000725018 0.999999 -0.00590505 0.0463693 -0.0199645
FixedParameters: 0 0 0

#Transform 46
Transform: AffineTransform_float_3_3
Parameters: 1 -0.000156036 -0.000160965 0.000155964 1 -0.000223025 0.000161035 0.000222975 1 -0.0272414 0.0364096 -0.00103098
FixedParameters: 0 0 0

#Transform 47
Transform: AffineTransform_float_3_3
Parameters: 1 -0.000273079 -0.000355939 0.000272921 1 -0.000223097 0.000356061 0.000222903 1 -0.0190288 0.0266702 0.0370005
FixedParameters: 0 0 0

#Transform 48
Transform: AffineTransform_float_3_3
Parameters: 1 -0.000156107 -0.000345952 0.000155893 1 -0.000310054 0.000345048 0.000309946 1 -0.0193275 0.0225745 0.0477703
FixedParameters: 0 0 0

#Transform 49
Transform: AffineTransform_float_3_3
Parameters: 1 -0.000156036 -0.000109949 0.000155964 1 -0.000328017 0.000110051 0.000327983 1 -0.0250237 0.0382247 0.0735684
FixedParameters: 0 0 0

#Transform 50
Transform: AffineTransform_float_3_3
Parameters: 1 -0.000156071 -8.28664e-05 0.000155929 0.999999 -0.000856012 8.31335e-05 0.000855986 0.999999 -0.0184323 0.0217178 0.0491309
FixedParameters: 0 0 0

#Transform 51
Transform: AffineTransform_float_3_3
Parameters: 1 -0.000156277 -0.000246825 0.000155724 1 -0.00112004 0.000246175 0.00111996 1 -0.0149057 0.0404246 0.0201229
FixedParameters: 0 0 0

#Transform 52
Transform: AffineTransform_float_3_3
Parameters: 1 -0.000155538 0.00034321 0.000155463 0.999999 -0.00134695 -0.000343791 0.00134705 0.999999 0.00331824 0.0305463 0.000864341
FixedParameters: 0 0 0

#Transform 53
Transform: AffineTransform_float_3_3
Parameters: 1 -0.00015595 7.21081e-05 0.00015505 0.999999 -0.000692988 -7.18925e-05 0.000693011 1 -0.00635326 0.00975675 0.00986294
FixedParameters: 0 0 0

#Transform 54
Transform: AffineTransform_float_3_3
Parameters: 1 -0.000533155 -0.000225633 0.000532844 0.999999 -0.00068912 0.000226367 0.000688879 0.999999 -0.0233221 -0.0187264 0.0490447
FixedParameters: 0 0 0

#Transform 55
Transform: AffineTransform_float_3_3
Parameters: 1 -0.000156049 -0.00012794 0.000155951 1 -0.00038302 0.00012806 0.00038298 1 -0.0249594 -0.00628723 0.00940517
FixedParameters: 0 0 0

#Transform 56
Transform: AffineTransform_float_3_3
Parameters: 1 -0.000394085 -0.000251868 0.000393915 1 -0.000336099 0.000252132 0.000335901 1 -0.0264153 0.0388716 0.0485226
FixedParameters: 0 0 0

#Transform 57
Transform: AffineTransform_float_3_3
Parameters: 1 -0.00026706 -0.00012287 0.00026694 1 -0.000485033 0.000123129 0.000484967 1 -0.0205173 0.0320052 0.0332015
FixedParameters: 0 0 0

#Transform 58
Transform: AffineTransform_float_3_3
Parameters: 1 -0.000156112 -8.27896e-05 0.000155889 0.999999 -0.00134801 8.22102e-05 0.00134799 0.999999 -0.0231469 0.0176108 0.0160494
FixedParameters: 0 0 0

#Transform 59
Transform: AffineTransform_float_3_3
Parameters: 1 -0.000426571 0.000301607 0.000426429 0.999999 -0.00142287 -0.000301393 0.00142313 0.999999 0.00387532 0.0290779 -0.013189
FixedParameters: 0 0 0

#Transform 60
Transform: AffineTransform_float_3_3
Parameters: 1 -0.000155844 0.00014317 0.000155156 1 -0.00108798 -0.000142831 0.00108802 1 -0.00320741 -0.00531279 0.0125204
FixedParameters: 0 0 0

#Transform 61
Transform: AffineTransform_float_3_3
Parameters: 1 -0.000156003 -1.19543e-05 0.000155996 1 -0.000293002 1.20457e-05 0.000292998 1 -0.00997834 0.00954804 0.0390782
FixedParameters: 0 0 0

#Transform 62
Transform: AffineTransform_float_3_3
Parameters: 1 -0.00055728 -0.000316507 0.00055672 1 -0.000884176 0.000317492 0.000883823 0.999999 -0.0229687 -0.015308 -0.0164383
FixedParameters: 0 0 0

#Transform 63
Transform: AffineTransform_float_3_3
Parameters: 1 -0.000475001 -1.79791e-05 0.000474999 1 -4.40085e-05 1.80209e-05 4.39914e-05 1 -0.0100242 0.0113928 0.0412463
FixedParameters: 0 0 0

#Transform 64
Transform: AffineTransform_float_3_3
Parameters: 1 -0.000305106 -0.000313897 0.000304894 1 -0.000338096 0.000314103 0.000338904 1 -0.0231316 0.00799219 0.0456153
FixedParameters: 0 0 0

#Transform 65
Transform: AffineTransform_float_3_3
Parameters: 1 -0.000335879 0.000103395 0.000336121 1 -0.00117497 -0.000102605 0.00117504 1 -0.00485154 0.0358015 0.00414298
FixedParameters: 0 0 0

#Transform 66
Transform: AffineTransform_float_3_3
Parameters: 1 -0.000155615 0.00021428 0.000155384 0.999999 -0.00179597 -0.000213721 0.00179603 0.999999 -0.000141289 0.0166979 -0.0283557
FixedParameters: 0 0 0

#Transform 67
Transform: AffineTransform_float_3_3
Parameters: 1 -0.000155716 0.000214207 0.000155284 0.999999 -0.00132697 -0.000213794 0.00132703 0.999999 -0.000132799 -0.00339255 -0.0033292
FixedParameters: 0 0 0

#Transform 68
Transform: AffineTransform_float_3_3
Parameters: 0.999999 2.77548e-06 -0.001842 -1.22451e-06 1 0.000421003 0.001842 -0.000420996 0.999998 -0.124841 0.0577839 0.00759186
FixedParameters: 0 0 0

#Transform 69
Transform: AffineTransform_float_3_3
Parameters: 0.999997 0.000498971 -0.0024566 -0.000497028 0.999999 0.000803223 0.0024564 -0.000801776 0.999996 -0.165099 0.04548 -0.0236427
FixedParameters: 0 0 0

#Transform 70
Transform: AffineTransform_float_3_3
Parameters: 0.999999 0.000445764 -0.00180006 -0.000445237 1 -0.000131199 0.00179994 0.000131803 0.999999 -0.130356 -0.00308997 -0.0285629
FixedParameters: 0 0 0

#Transform 71
Transform: AffineTransform_float_3_3
Parameters: 0.999998 -6.96221e-05 -0.00198798 6.83776e-05 1 -0.000313137 0.00198802 0.000312862 0.999998 -0.144212 0.00300588 -0.0541637
FixedParameters: 0 0 0

#Transform 72
Transform: AffineTransform_float_3_3
Parameters: 0.999998 0.000237063 -0.00198811 -0.000237936 1 -0.000470528 0.00198789 0.000471472 0.999998 -0.138295 0.0360816 -0.0609798
FixedParameters: 0 0 0

#Transform 73
Transform: AffineTransform_float_3_3
Parameters: 0.999999 2.81757e-05 -0.00175001 -2.88242e-05 1 -0.00047095 0.00174999 0.00047105 0.999999 -0.1275 0.0598053 -0.0969199
FixedParameters: 0 0 0

#Transform 74
Transform: AffineTransform_float_3_3
Parameters: 0.999998 -3.73554e-05 -0.00163897 3.66445e-05 0.999999 -0.000827061 0.00163903 0.00082694 0.999999 -0.122732 0.0361545 -0.0821729
FixedParameters: 0 0 0

#Transform 75
Transform: AffineTransform_float_3_3
Parameters: 0.999998 8.95239e-05 -0.00188498 -8.94777e-05 1 0.000277169 0.00188503 -0.000277832 0.999998 -0.133605 0.0406251 -0.0393891
FixedParameters: 0 0 0

#Transform 76
Transform: AffineTransform_float_3_3
Parameters: 0.999998 9.54555e-05 -0.00160103 -9.55442e-05 1 -0.000339847 0.00160097 0.000340153 0.999998 -0.121326 0.0136323 -0.0463728
FixedParameters: 0 0 0

#Transform 77
Transform: AffineTransform_float_3_3
Parameters: 0.999998 -0.000205462 -0.00158007 0.000205537 1 0.000339676 0.00158093 -0.000340325 0.999998 -0.110714 0.0441788 -0.0338203
FixedParameters: 0 0 0

#Transform 78
Transform: AffineTransform_float_3_3
Parameters: 0.999999 -0.000170948 -0.00156101 0.000171053 1 3.3733e-05 0.00156099 -3.32669e-05 0.999999 -0.107054 0.0351968 -0.0109222
FixedParameters: 0 0 0

#Transform 79
Transform: AffineTransform_float_3_3
Parameters: 0.999999 -0.000171414 -0.00183096 0.000171586 1 -0.000226315 0.00183104 0.000225687 0.999999 -0.11854 0.0617202 -0.0102696
FixedParameters: 0 0 0

#Transform 80
Transform: AffineTransform_float_3_3
Parameters: 0.999999 -0.000171331 -0.00146596 0.000171668 1 -0.000226252 0.00146604 0.000225749 0.999999 -0.101013 0.0789799 -0.0354136
FixedParameters: 0 0 0

#Transform 81
Transform: AffineTransform_float_3_3
Parameters: 0.999999 -0.00028511 -0.00139877 0.000283889 0.999999 -0.000794397 0.00139923 0.000793601 0.999998 -0.097725 0.065789 -0.0642205
FixedParameters: 0 0 0

#Transform 82
Transform: AffineTransform_float_3_3
Parameters: 0.999999 -8.27735e-05 -0.00153796 8.12263e-05 1 -0.000503125 0.00153804 0.000502873 0.999998 -0.101146 0.0066144 -0.0267703
FixedParameters: 0 0 0

#Transform 83
Transform: AffineTransform_float_3_3
Parameters: 0.999999 -0.000246701 -0.00153405 0.0002473 1 0.000195621 0.00153395 -0.000195379 0.999999 -0.10192 0.0184002 -0.0261077
FixedParameters: 0 0 0

#Transform 84
Transform: AffineTransform_float_3_3
Parameters: 0.999999 -8.18879e-05 -0.00153401 8.21134e-05 1 7.38741e-05 0.00153399 -7.31257e-05 0.999999 -0.102468 0.0395075 -0.0262451
FixedParameters: 0 0 0

#Transform 85
Transform: AffineTransform_float_3_3
Parameters: 0.999999 -0.000254643 -0.00182705 0.000255358 1 0.000195534 0.00182695 -0.000195466 0.999999 -0.112249 0.042046 -0.0197713
FixedParameters: 0 0 0

#Transform 86
Transform: AffineTransform_float_3_3
Parameters: 0.999998 -0.000235633 -0.00188005 0.000235368 1 0.000195558 0.00187995 -0.000195443 0.999998 -0.112489 0.0711701 -0.0251504
FixedParameters: 0 0 0

#Transform 87
Transform: AffineTransform_float_3_3
Parameters: 0.999998 -8.24141e-05 -0.00191798 8.15856e-05 1 -0.000216157 0.00191802 0.000215842 0.999998 -0.101739 0.0760978 -0.0453573
FixedParameters: 0 0 0

#Transform 88
Transform: AffineTransform_float_3_3
Parameters: 0.999999 -8.28098e-05 -0.00153396 8.11899e-05 1 -0.000528125 0.00153404 0.000527873 0.999998 -0.0917685 0.0743316 -0.0703386
FixedParameters: 0 0 0

#Transform 89
Transform: AffineTransform_float_3_3
Parameters: 0.999999 -8.31841e-05 -0.00153394 8.18171e-05 0.999999 -0.000771126 0.00153406 0.000771873 0.999998 -0.0936978 0.0498502 -0.0538427
FixedParameters: 0 0 0

#Transform 90
Transform: AffineTransform_float_3_3
Parameters: 0.999999 -8.19876e-05 -0.001534 8.20137e-05 1 8.8742e-06 0.001534 -8.12578e-06 0.999999 -0.0946566 0.0401013 -0.0202094
FixedParameters: 0 0 0

#Transform 91
Transform: AffineTransform_float_3_3
Parameters: 0.999999 -0.000177468 -0.00153395 0.000176533 1 -0.000304271 0.00153405 0.000304728 0.999999 -0.091343 0.0266264 -0.0243403
FixedParameters: 0 0 0

#Transform 92
Transform: AffineTransform_float_3_3
Parameters: 0.999999 -0.000185188 -0.00153398 0.000185813 1 -0.000122285 0.00153402 0.000122716 0.999999 -0.0891925 0.0346702 -0.0202958
FixedParameters: 0 0 0

#Transform 93
Transform: AffineTransform_float_3_3
Parameters: 0.999999 -8.19723e-05 -0.001534 8.20275e-05 1 1.78742e-05 0.001534 -1.81258e-05 0.999999 -0.0850904 0.0404625 -0.00404211
FixedParameters: 0 0 0

#Transform 94
Transform: AffineTransform_float_3_3
Parameters: 0.999999 -0.000461436 -0.00140786 0.000461565 1 -0.00030965 0.00140714 0.000309351 0.999999 -0.0792691 0.038779 0.0176843
FixedParameters: 0 0 0

#Transform 95
Transform: AffineTransform_float_3_3
Parameters: 1 -0.000260562 -0.00118888 0.000260437 1 -0.00047331 0.00118912 0.000472691 0.999999 -0.0697951 0.0744063 -0.03171
FixedParameters: 0 0 0

#Transform 96
Transform: AffineTransform_float_3_3
Parameters: 0.999998 -0.000487863 -0.00153341 0.000486138 0.999999 -0.00121475 0.00153359 0.00121425 0.999998 -0.0891061 0.0425808 -0.0566366
FixedParameters: 0 0 0

#Transform 97
Transform: AffineTransform_float_3_3
Parameters: 0.999999 -8.28604e-05 -0.00153395 8.11393e-05 1 -0.000561125 0.00153404 0.000560873 0.999998 -0.0850976 0.0193605 -0.00212995
FixedParameters: 0 0 0

#Transform 98
Transform: AffineTransform_float_3_3
Parameters: 0.999999 -0.00020153 -0.00153393 0.000201469 1 -0.000346309 0.00153407 0.000345691 0.999999 -0.0850437 0.00625568 -0.00193023
FixedParameters: 0 0 0

#Transform 99
Transform: AffineTransform_float_3_3
Parameters: 0.999999 -8.25306e-05 -0.00153397 8.14691e-05 1 -0.000346125 0.00153403 0.000345874 0.999999 -0.0850764 0.0103692 -0.0115599
FixedParameters: 0 0 0

#Transform 100
Transform: AffineTransform_float_3_3
Parameters: 0.999999 -0.00035753 -0.00153388 0.000356469 1 -0.000346547 0.00153412 0.000345452 0.999999 -0.0817497 0.0293507 -0.00187918
FixedParameters: 0 0 0

#Transform 101
Transform: AffineTransform_float_3_3
Parameters: 0.999998 -8.25894e-05 -0.00170397 8.14103e-05 1 -0.000346139 0.00170403 0.00034586 0.999998 -0.0925515 0.0286069 0.00783227
FixedParameters: 0 0 0

#Transform 102
Transform: AffineTransform_float_3_3
Parameters: 0.999999 -0.000313664 -0.00153386 0.000313336 1 -0.000433481 0.00153313 0.000432519 0.999998 -0.0849633 0.0681851 -0.00210199
FixedParameters: 0 0 0

#Transform 103
Transform: AffineTransform_float_3_3
Parameters: 0.999999 -0.000373355 -0.00136963 0.000371645 1 -0.00098951 0.00137037 0.000988489 0.999998 -0.0775553 0.0616481 -0.0278637
FixedParameters: 0 0 0

#Transform 104
Transform: AffineTransform_float_3_3
Parameters: 0.999998 -0.000422271 -0.00153365 0.00042073 0.999999 -0.000828646 0.00153335 0.000828354 0.999999 -0.0881123 0.0630004 -0.0158719
FixedParameters: 0 0 0

#Transform 105
Transform: AffineTransform_float_3_3
Parameters: 0.999999 -0.000494289 -0.0014139 0.000493711 1 -0.000204698 0.0014141 0.000204301 0.999999 -0.0794235 0.0417486 0.0155797
FixedParameters: 0 0 0

#Transform 106
Transform: AffineTransform_float_3_3
Parameters: 0.999998 -0.000494169 -0.00153394 0.00049383 1 -0.000110758 0.00153405 0.000110242 0.999999 -0.0846849 0.0134554 -0.00175507
FixedParameters: 0 0 0

#Transform 107
Transform: AffineTransform_float_3_3
Parameters: 0.999998 -0.000494104 -0.00153397 0.000493896 1 -6.77577e-05 0.00153403 6.72421e-05 0.999999 -0.0846961 0.0244618 0.00201236
FixedParameters: 0 0 0

#Transform 108
Transform: AffineTransform_float_3_3
Parameters: 0.999998 -0.000494301 -0.0015339 0.000493699 1 -0.000196757 0.0015341 0.000196242 0.999999 -0.0847128 0.0287884 0.0115165
FixedParameters: 0 0 0

#Transform 109
Transform: AffineTransform_float_3_3
Parameters: 0.999999 -0.000494268 -0.00146991 0.000493732 1 -0.000182726 0.00147009 0.000182274 0.999999 -0.0818752 0.0580919 0.0192553
FixedParameters: 0 0 0

#Transform 110
Transform: AffineTransform_float_3_3
Parameters: 0.999998 -0.0004952 -0.00153361 0.0004938 0.999999 -0.000782758 0.00153339 0.000782241 0.999998 -0.084664 0.0496608 -0.0270111
FixedParameters: 0 0 0

#Transform 111
Transform: AffineTransform_float_3_3
Parameters: 0.999999 -0.000494898 -0.00114161 0.000494102 0.999999 -0.000786564 0.00114239 0.000786435 0.999999 -0.0632713 0.0495433 -0.0219527
FixedParameters: 0 0 0

#Transform 112
Transform: AffineTransform_float_3_3
Parameters: 0.999999 -0.000495065 -0.00112753 0.000493934 0.999999 -0.000945557 0.00112747 0.000944442 0.999999 -0.0668505 0.0145562 -0.00375788
FixedParameters: 0 0 0

#Transform 113
Transform: AffineTransform_float_3_3
Parameters: 0.999998 -0.00049488 -0.00153372 0.000494119 0.999999 -0.000574758 0.00153328 0.000573242 0.999998 -0.0846666 0.00242271 -0.010123
FixedParameters: 0 0 0

#Transform 114
Transform: AffineTransform_float_3_3
Parameters: 0.999998 -0.00049493 -0.0015337 0.00049407 0.999999 -0.000606758 0.0015333 0.000606242 0.999998 -0.0846399 0.00482119 -0.0283118
FixedParameters: 0 0 0

#Transform 115
Transform: AffineTransform_float_3_3
Parameters: 0.999998 -0.00049508 -0.00153365 0.000493918 0.999999 -0.000705758 0.00153335 0.000704241 0.999998 -0.0846609 0.0165189 -0.0183542
FixedParameters: 0 0 0

#Transform 116
Transform: AffineTransform_float_3_3
Parameters: 0.999998 -0.000494314 -0.0015339 0.000493685 1 -0.000205757 0.0015341 0.000204242 0.999999 -0.084705 0.0542207 -0.00175839
FixedParameters: 0 0 0

#Transform 117
Transform: AffineTransform_float_3_3
Parameters: 0.999999 -0.000494897 -0.0014797 0.000494101 0.999999 -0.000607732 0.0014803 0.000606268 0.999998 -0.0822705 0.0549303 -0.0229234
FixedParameters: 0 0 0

#Transform 118
Transform: AffineTransform_float_3_3
Parameters: 0.999998 -0.000495398 -0.00160757 0.000493603 1 -0.000869795 0.00160743 0.000869206 0.999999 -0.0878315 0.0604179 -0.0734924
FixedParameters: 0 0 0

#Transform 119
Transform: AffineTransform_float_3_3
Parameters: 0.999998 -0.000708917 -0.00153311 0.000707082 0.999999 -0.00125109 0.00153388 0.00124991 0.999998 -0.0843384 0.0274347 -0.0920735
FixedParameters: 0 0 0

#Transform 120
Transform: AffineTransform_float_3_3
Parameters: 0.999999 -0.000494644 -0.00143878 0.000493356 1 -0.00044771 0.00143922 0.000447288 0.999999 -0.0803722 0.00239729 -0.0570199
FixedParameters: 0 0 0

#Transform 121
Transform: AffineTransform_float_3_3
Parameters: 0.999998 -0.000494075 -0.00186198 0.000493923 1 -4.19198e-05 0.00186202 4.00801e-05 0.999999 -0.0988989 0.0191943 -0.0552655
FixedParameters: 0 0 0

#Transform 122
Transform: AffineTransform_float_3_3
Parameters: 0.999998 -0.00049459 -0.00160482 0.00049341 1 -0.000367792 0.00160518 0.000367206 0.999998 -0.0876816 -0.000761338 -0.0456955
FixedParameters: 0 0 0

#Transform 123
Transform: AffineTransform_float_3_3
Parameters: 0.999998 -0.000494596 -0.00162082 0.000493404 1 -0.0003678 0.00162118 0.000367198 0.999998 -0.0883919 0.0296013 -0.0401259
FixedParameters: 0 0 0

#Transform 124
Transform: AffineTransform_float_3_3
Parameters: 0.999998 -0.000494826 -0.00153373 0.000493174 0.999999 -0.000538757 0.00153326 0.000538242 0.999998 -0.084673 0.0472017 -0.0197101
FixedParameters: 0 0 0

#Transform 125
Transform: AffineTransform_float_3_3
Parameters: 0.999998 -0.000494611 -0.0015338 0.000493387 1 -0.000399757 0.0015332 0.000398242 0.999998 -0.0781036 0.081663 -0.0382494
FixedParameters: 0 0 0

#Transform 126
Transform: AffineTransform_float_3_3
Parameters: 0.999999 -0.000682404 -0.00153293 0.000679596 0.999998 -0.00156804 0.00153407 0.00156695 0.999997 -0.0843451 0.0424361 -0.0642279
FixedParameters: 0 0 0

#Transform 127
Transform: AffineTransform_float_3_3
Parameters: 0.999998 -0.000495177 -0.00153362 0.000493822 0.999999 -0.000768758 0.00153338 0.000767241 0.999998 -0.0846315 0.0282893 -0.0407233
FixedParameters: 0 0 0

#Transform 128
Transform: AffineTransform_float_3_3
Parameters: 0.999998 -0.000580597 -0.00153377 0.000580403 1 -0.000389891 0.00153323 0.00038911 0.999998 -0.0783689 0.00886367 -0.0200077
FixedParameters: 0 0 0

#Transform 129
Transform: AffineTransform_float_3_3
Parameters: 0.999998 -0.000494294 -0.00185192 0.000493707 1 -0.000158915 0.00185208 0.000158085 0.999999 -0.0984742 0.0232039 -0.0207548
FixedParameters: 0 0 0

#Transform 130
Transform: AffineTransform_float_3_3
Parameters: 0.999998 -0.000494183 -0.00159594 0.000493816 1 -0.000115788 0.00159606 0.000114211 0.999998 -0.0873308 0.0320664 -0.0219976
FixedParameters: 0 0 0

#Transform 131
Transform: AffineTransform_float_3_3
Parameters: 0.999999 -0.000494204 -0.00178394 0.000493794 1 -0.000115881 0.00178406 0.000114119 0.999999 -0.0955196 0.0250443 -0.0213096
FixedParameters: 0 0 0

#Transform 132
Transform: AffineTransform_float_3_3
Parameters: 0.999998 -0.000494363 -0.00153388 0.000493637 1 -0.000236757 0.00153412 0.000236242 0.999999 -0.0760106 0.055569 -0.0311585
FixedParameters: 0 0 0

#Transform 133
Transform: AffineTransform_float_3_3
Parameters: 0.999998 -0.000807733 -0.00153309 0.000805266 0.999999 -0.00113124 0.00153391 0.00112976 0.999998 -0.0694674 0.0372913 -0.0716402
FixedParameters: 0 0 0

#Transform 134
Transform: AffineTransform_float_3_3
Parameters: 0.999998 -0.000495398 -0.00153355 0.000493603 1 -0.000911759 0.00153345 0.000911242 0.999999 -0.0697722 0.026013 -0.0714336
FixedParameters: 0 0 0

#Transform 135
Transform: AffineTransform_float_3_3
Parameters: 0.999998 -0.000494961 -0.00153369 0.000494038 0.999999 -0.000627758 0.00153331 0.000626241 0.999998 -0.0675167 0.00401248 -0.0509709
FixedParameters: 0 0 0

#Transform 136
Transform: AffineTransform_float_3_3
Parameters: 0.999998 -0.000494921 -0.0015337 0.000494079 0.999999 -0.000600758 0.0015333 0.000600242 0.999998 -0.0653252 -0.00375598 -0.0409586
FixedParameters: 0 0 0

#Transform 137
Transform: AffineTransform_float_3_3
Parameters: 0.999998 -0.000495255 -0.0015336 0.000493745 0.999999 -0.000818758 0.0015334 0.000818242 0.999999 -0.0698131 0.0194678 -0.0511503
FixedParameters: 0 0 0

#Transform 138
Transform: AffineTransform_float_3_3
Parameters: 0.999998 -0.000494872 -0.00153372 0.000494128 0.999999 -0.000568758 0.00153328 0.000568242 0.999998 -0.0698691 0.0344798 -0.0136192
FixedParameters: 0 0 0

#Transform 139
Transform: AffineTransform_float_3_3
Parameters: 0.999998 -0.000495255 -0.0015336 0.000493745 0.999999 -0.000818758 0.0015334 0.000818242 0.999999 -0.0698694 0.0194372 -0.0137733
FixedParameters: 0 0 0

#Transform 140
Transform: AffineTransform_float_3_3
Parameters: 1 -0.000430309 -0.0011175 0.000428692 0.999999 -0.00117148 0.0011175 0.00117052 0.999998 -0.0488682 0.0517925 -0.0548564
FixedParameters: 0 0 0

#Transform 141
Transform: AffineTransform_float_3_3
Parameters: 1 -0.00049528 -0.00109242 0.000493721 0.999999 -0.00117154 0.00109258 0.00117046 0.999998 -0.0504052 0.0358496 -0.0583205
FixedParameters: 0 0 0

#Transform 142
Transform: AffineTransform_float_3_3
Parameters: 1 -0.000494863 -0.000997573 0.000494137 0.999999 -0.000865493 0.000997428 0.000864507 0.999999 -0.0612169 0.0339224 -0.0153022
FixedParameters: 0 0 0

#Transform 143
Transform: AffineTransform_float_3_3
Parameters: 0.999999 -0.000495023 -0.00124859 0.000493976 0.999999 -0.000820617 0.00124841 0.000819382 0.999999 -0.0698556 -0.0254547 -0.0146167
FixedParameters: 0 0 0

#Transform 144
Transform: AffineTransform_float_3_3
Parameters: 0.999999 -0.000494526 -0.00123479 0.000493474 1 -0.00042661 0.00123421 0.00042539 0.999999 -0.056712 0.0109009 0.00363198
FixedParameters: 0 0 0

#Transform 145
Transform: AffineTransform_float_3_3
Parameters: 0.999999 -0.000494773 -0.00124369 0.000493227 0.999999 -0.000621614 0.00124431 0.000621385 0.999999 -0.0570524 0.00994707 0.0153693
FixedParameters: 0 0 0

#Transform 146
Transform: AffineTransform_float_3_3
Parameters: 0.999999 -0.00049438 -0.00148087 0.000493619 1 -0.000257731 0.00148113 0.000256268 0.999999 -0.0675149 0.0555844 0.0367173
FixedParameters: 0 0 0

#Transform 147
Transform: AffineTransform_float_3_3
Parameters: 1 -0.000494221 -0.0011109 0.00049378 1 -0.000198549 0.0011111 0.000198451 1 -0.0512671 0.10534 -0.00517778
FixedParameters: 0 0 0

#Transform 148
Transform: AffineTransform_float_3_3
Parameters: 0.999999 -0.000494986 -0.000960491 0.000494012 1 -0.00102748 0.000961507 0.00102653 0.999999 -0.0421376 0.0689878 -0.0456973
FixedParameters: 0 0 0

#Transform 149
Transform: AffineTransform_float_3_3
Parameters: 0.999999 -0.000495319 -0.00114943 0.000493681 0.999999 -0.00114757 0.00115057 0.00114643 0.999998 -0.0528714 0.0250407 -0.0246314
FixedParameters: 0 0 0

#Transform 150
Transform: AffineTransform_float_3_3
Parameters: 0.999999 -0.000495105 -0.00123056 0.000493896 1 -0.000897609 0.00123144 0.000897391 0.999999 -0.0564517 -0.0185603 -0.00649101
FixedParameters: 0 0 0

#Transform 151
Transform: AffineTransform_float_3_3
Parameters: 0.999999 -0.000114385 -0.00123096 0.000113615 1 -0.00031314 0.00123104 0.000312859 0.999999 -0.0569171 0.0172748 0.00193771
FixedParameters: 0 0 0

#Transform 152
Transform: AffineTransform_float_3_3
Parameters: 0.999999 -0.000493961 -0.00123102 0.000494039 1 3.13919e-05 0.00123098 -3.16081e-05 0.999999 -0.0564833 0.0431078 -0.00556036
FixedParameters: 0 0 0

#Transform 153
Transform: AffineTransform_float_3_3
Parameters: 1 -0.000494468 -0.000964761 0.000493532 1 -0.000485477 0.00096424 0.000484524 1 -0.0448221 0.0204281 -0.023622
FixedParameters: 0 0 0

#Transform 154
Transform: AffineTransform_float_3_3
Parameters: 1 -0.000494699 -0.000950637 0.000493301 0.999999 -0.000735469 0.000951363 0.00073453 1 -0.0441891 0.0371932 -0.0291027
FixedParameters: 0 0 0

#Transform 155
Transform: AffineTransform_float_3_3
Parameters: 0.999999 -0.000495066 -0.000856384 0.000493934 0.999999 -0.00124542 0.000856615 0.00124458 0.999999 -0.0401707 0.0267167 -0.0523466
FixedParameters: 0 0 0

#Transform 156
Transform: AffineTransform_float_3_3
Parameters: 1 -0.000358519 -0.000547661 0.000357481 1 -0.000947197 0.000548339 0.000946804 1 -0.0268008 0.0755101 -0.0330531
FixedParameters: 0 0 0

#Transform 157
Transform: AffineTransform_float_3_3
Parameters: 1 -0.000363621 -0.000546588 0.00036338 1 -0.0011352 0.000546413 0.0011358 0.999999 -0.0268855 -0.00245145 0.00967903
FixedParameters: 0 0 0

#Transform 158
Transform: AffineTransform_float_3_3
Parameters: 1 -0.000494141 -0.000950927 0.00049386 1 -0.00014747 0.000951073 0.00014753 0.999999 -0.044212 0.0434516 0.00434144
FixedParameters: 0 0 0

#Transform 159
Transform: AffineTransform_float_3_3
Parameters: 1 -0.000494649 -0.000950663 0.000493351 0.999999 -0.000682469 0.000951338 0.00068253 1 -0.0442169 0.0199971 0.00802912
FixedParameters: 0 0 0

#Transform 160
Transform: AffineTransform_float_3_3
Parameters: 0.999999 -0.000494367 -0.000849786 0.000493632 1 -0.000432419 0.000850213 0.00043258 0.999999 -0.0399047 0.0409505 0.00790174
FixedParameters: 0 0 0

#Transform 161
Transform: AffineTransform_float_3_3
Parameters: 1 -0.000348411 -0.00095085 0.000348589 1 -0.000432332 0.000951152 0.000431669 1 -0.0444401 0.0698395 0.00840545
FixedParameters: 0 0 0

#Transform 162
Transform: AffineTransform_float_3_3
Parameters: 0.999999 -0.000436757 -0.000750559 0.000436242 1 -0.00100933 0.00075144 0.00100867 0.999999 -0.0356384 0.0447546 -0.0226779
FixedParameters: 0 0 0

#Transform 163
Transform: AffineTransform_float_3_3
Parameters: 0.999999 -0.000494421 -0.000558627 0.000493579 0.999999 -0.000753275 0.000559372 0.000753723 0.999999 -0.027163 0.0562015 0.0068473
FixedParameters: 0 0 0

#Transform 164
Transform: AffineTransform_float_3_3
Parameters: 1 -0.00049448 -0.000950751 0.00049352 1 -0.00050547 0.00095125 0.00050453 1 -0.0442075 0.0144834 0.0146746
FixedParameters: 0 0 0

#Transform 165
Transform: AffineTransform_float_3_3
Parameters: 1 -0.00049445 -0.000950767 0.000493551 1 -0.00047247 0.000951234 0.00047253 1 -0.044211 0.0231989 0.00536879
FixedParameters: 0 0 0

#Transform 166
Transform: AffineTransform_float_3_3
Parameters: 1 -0.000494404 -0.000950791 0.000493597 1 -0.00042447 0.000951211 0.00042453 1 -0.0442336 0.0395338 0.0175299
FixedParameters: 0 0 0

#Transform 167
Transform: AffineTransform_float_3_3
Parameters: 1 -0.00049444 -0.000950772 0.00049356 1 -0.00046347 0.000951229 0.00046253 1 -0.0548642 0.0377816 0.0169552
FixedParameters: 0 0 0

#Transform 168
Transform: AffineTransform_float_3_3
Parameters: 1 -0.000494295 -0.000950848 0.000493706 1 -0.00030947 0.000951154 0.00030953 1 -0.051482 0.078015 -0.00105402
FixedParameters: 0 0 0

#Transform 169
Transform: AffineTransform_float_3_3
Parameters: 1 -0.000495058 -0.00095045 0.000493941 1 -0.00111347 0.000951551 0.00111253 0.999999 -0.04418 0.042792 -0.0321156
FixedParameters: 0 0 0

#Transform 170
Transform: AffineTransform_float_3_3
Parameters: 0.999999 -0.000325786 -0.000781672 0.000324213 1 -0.00100625 0.000782326 0.00100575 0.999999 -0.0370727 0.0468723 -0.0165988
FixedParameters: 0 0 0

#Transform 171
Transform: AffineTransform_float_3_3
Parameters: 1 -0.000494606 -0.000950686 0.000493394 0.999999 -0.000637469 0.000951316 0.00063753 1 -0.0442218 0.0192817 0.0239926
FixedParameters: 0 0 0

#Transform 172
Transform: AffineTransform_float_3_3
Parameters: 1 -0.000494471 -0.000950757 0.00049353 1 -0.00049447 0.000951245 0.00049453 1 -0.0442308 0.0316659 0.019682
FixedParameters: 0 0 0

#Transform 173
Transform: AffineTransform_float_3_3
Parameters: 0.999999 -0.000494597 -0.00079863 0.000493402 0.999999 -0.000748394 0.000799369 0.000747605 1 -0.0376869 0.0205442 0.019117
FixedParameters: 0 0 0

#Transform 174
Transform: AffineTransform_float_3_3
Parameters: 0.999999 -0.000494552 -0.00073863 0.000493447 0.999999 -0.000748365 0.000739369 0.000747635 1 -0.0350542 0.0343082 0.0328335
FixedParameters: 0 0 0

#Transform 175
Transform: AffineTransform_float_3_3
Parameters: 1 -0.000494152 -0.000245693 0.000493848 0.999999 -0.000621121 0.000245307 0.000620879 1 -0.0134807 0.0572235 0.0171823
FixedParameters: 0 0 0

#Transform 176
Transform: AffineTransform_float_3_3
Parameters: 0.999999 -0.000744596 -0.000378832 0.000743404 0.999999 -0.00156928 0.000380167 0.00156972 0.999998 -0.0190466 0.0163564 -0.0235609
FixedParameters: 0 0 0

#Transform 177
Transform: AffineTransform_float_3_3
Parameters: 1 -0.000311527 -0.000450636 0.000311473 1 -0.00116914 0.000451364 0.00116886 0.999999 -0.022655 0.0326468 0.0153542
FixedParameters: 0 0 0

#Transform 178
Transform: AffineTransform_float_3_3
Parameters: 0.999999 -0.000494785 -0.00069244 0.000493214 0.999999 -0.00113334 0.000693559 0.00113266 0.999999 -0.0329781 -0.0370256 0.0240051
FixedParameters: 0 0 0

#Transform 179
Transform: AffineTransform_float_3_3
Parameters: 0.999999 -0.000494637 -0.000692546 0.000493363 1 -0.000919343 0.000693454 0.000919658 1 -0.0329788 -0.0105478 0.0190761
FixedParameters: 0 0 0

#Transform 180
Transform: AffineTransform_float_3_3
Parameters: 0.999999 -0.00049401 -0.000692992 0.000493989 1 -1.53423e-05 0.000693007 1.46576e-05 1 -0.0330106 0.029135 0.0367756
FixedParameters: 0 0 0

#Transform 181
Transform: AffineTransform_float_3_3
Parameters: 0.999999 -0.000494325 -0.000692768 0.000493675 1 -0.000469342 0.000693231 0.000468657 0.999999 -0.0330104 0.0278089 0.0374244
FixedParameters: 0 0 0

#Transform 182
Transform: AffineTransform_float_3_3
Parameters: 0.999999 -0.000494787 -0.000692439 0.000493213 0.999999 -0.00113534 0.00069356 0.00113566 0.999999 -0.0190198 0.0443895 0.0189048
FixedParameters: 0 0 0

#Transform 183
Transform: AffineTransform_float_3_3
Parameters: 0.999999 -0.000495172 -0.000692163 0.000493827 0.999999 -0.00169234 0.000693837 0.00169266 0.999999 -0.029234 0.0305703 -0.0127821
FixedParameters: 0 0 0

#Transform 184
Transform: AffineTransform_float_3_3
Parameters: 1 -0.000494678 -0.000451258 0.000493322 0.999999 -0.00150122 0.000451741 0.00150078 0.999999 -0.0157011 0.0205578 0.0178274
FixedParameters: 0 0 0

#Transform 185
Transform: AffineTransform_float_3_3
Parameters: 0.999999 -0.000652298 -0.000511619 0.000651701 0.999999 -0.000583333 0.00051238 0.000583666 0.999999 -0.020597 0.00572192 0.0466144
FixedParameters: 0 0 0

#Transform 186
Transform: AffineTransform_float_3_3
Parameters: 0.999999 -0.000494215 -0.0005308 0.000493786 1 -0.000404262 0.0005302 0.000404738 1 -0.0215321 -0.00630775 0.000991274
FixedParameters: 0 0 0

#Transform 187
Transform: AffineTransform_float_3_3
Parameters: 0.999999 -0.00049439 -0.000839769 0.000493609 1 -0.000465414 0.000840229 0.000464584 0.999999 -0.0350515 0.0140618 0.0404385
FixedParameters: 0 0 0

#Transform 188
Transform: AffineTransform_float_3_3
Parameters: 0.999999 -0.000494375 -0.00053065 0.000493625 0.999999 -0.000707262 0.000530349 0.000706737 0.999999 -0.0215623 0.0135128 0.0393397
FixedParameters: 0 0 0

#Transform 189
Transform: AffineTransform_float_3_3
Parameters: 0.999999 -0.000494619 -0.000599489 0.00049338 1 -0.0010333 0.00060051 0.0010327 1 -0.0245492 0.0283217 0.0194231
FixedParameters: 0 0 0

#Transform 190
Transform: AffineTransform_float_3_3
