#Insight Transform File V1.0
#Transform 0
Transform: AffineTransform_float_3_3
Parameters: 1 0.00116889 0.000142908 -0.00116911 0.999999 0.000776833 -0.000142092 -0.000777166 0.999999 -0.108956 -0.115258 0.255684
FixedParameters: 0 0 0

#Transform 1
Transform: AffineTransform_float_3_3
Parameters: 0.999999 0.00129686 0.000241729 -0.00129714 0.999999 0.000561687 -0.000241271 -0.000562313 1 -0.111831 -0.160884 0.249319
FixedParameters: 0 0 0

#Transform 2
Transform: AffineTransform_float_3_3
Parameters: 0.999999 0.00143094 0.000124727 -0.00143106 0.999999 0.000507822 -0.000124273 -0.000508178 1 -0.120024 -0.121758 0.215451
FixedParameters: 0 0 0

#Transform 3
Transform: AffineTransform_float_3_3
Parameters: 0.999999 0.00146381 0.000284967 -0.00146419 0.999998 0.000660583 -0.000284033 -0.000660416 0.999999 -0.109783 -0.112178 0.226376
FixedParameters: 0 0 0

#Transform 4
Transform: AffineTransform_float_3_3
Parameters: 0.999999 0.0012086 0.000658733 -0.0012084 0.999999 0.000606204 -0.000658267 -0.000606796 0.999999 -0.100774 -0.085925 0.229966
FixedParameters: 0 0 0

#Transform 5
Transform: AffineTransform_float_3_3
Parameters: 0.999999 0.00126158 0.000779687 -0.00126242 0.999999 0.000544016 -0.000779312 -0.000544984 0.999999 -0.0742191 -0.14124 0.196016
FixedParameters: 0 0 0

#Transform 6
Transform: AffineTransform_float_3_3
Parameters: 0.999998 0.00161074 0.000622662 -0.00161025 0.999998 0.000410998 -0.000622337 -0.000412003 0.999999 -0.066673 -0.245575 0.196322
FixedParameters: 0 0 0

#Transform 7
Transform: AffineTransform_float_3_3
Parameters: 0.999998 0.00167798 0.000206142 -0.00167802 0.999998 8.46542e-05 -0.000206859 -8.43472e-05 1 -0.0706732 -0.280757 0.188354
FixedParameters: 0 0 0

#Transform 8
Transform: AffineTransform_float_3_3
Parameters: 0.999999 0.00143502 -0.000188879 -0.00143498 0.999999 8.42711e-05 0.00018912 -8.37287e-05 1 -0.0750434 -0.216869 0.183547
FixedParameters: 0 0 0

#Transform 9
Transform: AffineTransform_float_3_3
Parameters: 0.999999 0.00132001 -1.02344e-05 -0.00131999 0.999999 0.000580014 1.07656e-05 -0.000579986 1 -0.0720965 -0.175738 0.162242
FixedParameters: 0 0 0

#Transform 10
Transform: AffineTransform_float_3_3
Parameters: 0.999999 0.00073813 0.000476797 -0.000737869 0.999999 -0.000274352 -0.000477202 0.000273648 1 -0.0379868 -0.112852 0.116588
FixedParameters: 0 0 0

#Transform 11
Transform: AffineTransform_float_3_3
Parameters: 0.999999 0.00071597 0.000120178 -0.000716029 0.999999 0.000248914 -0.000119822 -0.000249086 1 -0.0347336 -0.114726 0.0987276
FixedParameters: 0 0 0

#Transform 12
Transform: AffineTransform_float_3_3
Parameters: 1 0.00116299 2.92605e-05 -0.00116301 1 0.000223966 -2.87395e-05 -0.000224034 1 -0.0459612 0.0342868 0.0901541
FixedParameters: 0 0 0

#Transform 13
Transform: AffineTransform_float_3_3
Parameters: 1 0.00102601 0.000142921 -0.00102599 1 -7.71467e-05 -0.00014308 7.78533e-05 1 -0.0410392 0.0029942 0.0760004
FixedParameters: 0 0 0

#Transform 14
Transform: AffineTransform_float_3_3
Parameters: 0.999999 0.000761975 0.000133142 -0.000762024 0.999999 0.000185899 -0.000132858 -0.000186101 1 -0.0429333 -0.07407 0.0883323
FixedParameters: 0 0 0

#Transform 15
Transform: AffineTransform_float_3_3
Parameters: 0.999999 0.000805978 8.8195e-05 -0.000806021 0.999999 0.000241929 -8.78049e-05 -0.000242071 1 -0.0493978 -0.13006 0.0940035
FixedParameters: 0 0 0

#Transform 16
Transform: AffineTransform_float_3_3
Parameters: 0.999999 0.00072086 0.000217463 -0.000721139 0.999999 0.000642843 -0.000216536 -0.000643156 1 -0.0486984 -0.139816 0.0948108
FixedParameters: 0 0 0

#Transform 17
Transform: AffineTransform_float_3_3
Parameters: 1 0.000638929 0.000209217 -0.000639071 0.999999 0.000339866 -0.000208783 -0.000340133 1 -0.0497985 -0.152573 0.0859092
FixedParameters: 0 0 0

#Transform 18
Transform: AffineTransform_float_3_3
Parameters: 1 0.000680994 3.6113e-05 -0.000681006 1 0.000165975 -3.58869e-05 -0.000166024 1 -0.0551972 -0.114364 0.0858522
FixedParameters: 0 0 0

#Transform 19
Transform: AffineTransform_float_3_3
Parameters: 1 0.00087182 0.000269587 -0.000872182 1 0.000672765 -0.000269413 -0.000673235 0.999999 -0.0450717 -0.120492 0.0706389
FixedParameters: 0 0 0

#Transform 20
Transform: AffineTransform_float_3_3
Parameters: 1 0.000547929 0.000186207 -0.00054807 1 0.000377898 -0.000185793 -0.000378102 1 -0.0134733 -0.0472337 0.028637
FixedParameters: 0 0 0

#Transform 21
Transform: AffineTransform_float_3_3
Parameters: 1 -0.000515134 -0.000116411 0.000514866 0.999999 -0.00114406 0.00011759 0.00114494 1 0.0279273 0.0479725 -0.0546278
FixedParameters: 0 0 0

#Transform 22
Transform: AffineTransform_float_3_3
Parameters: 0.999999 -0.00124148 -0.00127056 0.00124052 0.999998 -0.00116258 0.00127244 0.00116142 0.999999 0.042993 0.100464 -0.0812569
FixedParameters: 0 0 0

#Transform 23
Transform: AffineTransform_float_3_3
Parameters: 0.999996 -0.00222282 -0.00126882 0.00222118 0.999996 -0.00143182 0.00127218 0.00142918 0.999998 0.082501 -0.0523225 -0.071194
FixedParameters: 0 0 0

#Transform 24
Transform: AffineTransform_float_3_3
Parameters: 0.999997 -0.00215702 -0.00102786 0.00215598 0.999997 -0.000994219 0.00103014 0.000991781 0.999999 0.0715684 -0.103244 -0.0576794
FixedParameters: 0 0 0

#Transform 25
Transform: AffineTransform_float_3_3
Parameters: 0.999998 -0.00180366 -0.000831576 0.00180334 0.999998 -0.000790501 0.000833424 0.000788499 1 0.0507628 -0.151541 -0.0548699
FixedParameters: 0 0 0

#Transform 26
Transform: AffineTransform_float_3_3
Parameters: 0.999998 -0.00141967 -0.000977485 0.00141933 0.999999 0.000340613 0.000976515 -0.000342387 1 0.0496104 -0.143167 -0.00973371
FixedParameters: 0 0 0

#Transform 27
Transform: AffineTransform_float_3_3
Parameters: 0.999997 -0.00184619 -0.00119371 0.00184581 0.999999 -0.000157204 0.00119429 0.000155796 1 0.0524662 -0.0519357 -0.0105005
FixedParameters: 0 0 0

#Transform 28
Transform: AffineTransform_float_3_3
Parameters: 0.999996 -0.00218333 -0.00141903 0.00218367 0.999997 0.000470903 0.00141797 -0.000473097 0.999999 0.0475117 -0.037172 0.00961565
FixedParameters: 0 0 0

#Transform 29
Transform: AffineTransform_float_3_3
Parameters: 0.999997 -0.00181832 -0.0015318 0.00181868 0.999998 0.000440215 0.0015312 -0.000442785 0.999998 0.0145732 -0.049231 0.00421945
FixedParameters: 0 0 0

#Transform 30
Transform: AffineTransform_float_3_3
Parameters: 0.999997 -0.00206905 -0.00176895 0.00206895 0.999998 -2.866e-05 0.00176906 2.53398e-05 0.999999 0.0460889 0.0167215 -0.0074413
FixedParameters: 0 0 0

#Transform 31
Transform: AffineTransform_float_3_3
Parameters: 0.999998 -0.00161719 -0.0016368 0.00161781 0.999998 0.000494353 0.0016362 -0.000496647 0.999998 0.0179029 -0.0586442 0.0442913
FixedParameters: 0 0 0

#Transform 32
Transform: AffineTransform_float_3_3
Parameters: 0.999998 -0.00153164 -0.00123469 0.00153336 0.999998 0.00110011 0.00123231 -0.00110189 0.999998 0.0125379 -0.134924 0.0730648
FixedParameters: 0 0 0

#Transform 33
Transform: AffineTransform_float_3_3
Parameters: 0.999998 -0.00131598 -0.00153288 0.00131702 0.999999 0.000665983 0.00153212 -0.000668018 0.999999 -0.0181169 -0.10121 0.076921
FixedParameters: 0 0 0

#Transform 34
Transform: AffineTransform_float_3_3
Parameters: 0.999998 -0.00123316 -0.00108896 0.00123384 0.999999 0.000774657 0.00108804 -0.000776343 0.999999 -0.0137192 -0.090103 0.0849425
FixedParameters: 0 0 0

#Transform 35
Transform: AffineTransform_float_3_3
Parameters: 0.999999 -0.00100777 -0.00108914 0.00100923 0.999999 0.0011299 0.00108886 -0.0011311 0.999999 -0.0220145 -0.0806975 0.119774
FixedParameters: 0 0 0

#Transform 36
Transform: AffineTransform_float_3_3
Parameters: 0.999999 -0.000382189 -0.00126355 0.000383812 0.999999 0.00143352 0.00126345 -0.00143348 0.999998 -0.0558149 -0.110249 0.121629
FixedParameters: 0 0 0

#Transform 37
Transform: AffineTransform_float_3_3
Parameters: 0.999999 -0.000267225 -0.000880236 0.000267776 0.999999 0.000880764 0.000880764 -0.000880236 0.999999 -0.0573358 -0.0971262 0.182223
FixedParameters: 0 0 0

#Transform 38
Transform: AffineTransform_float_3_3
Parameters: 0.999999 0.000312948 -0.000714586 -0.000312054 0.999999 0.00132522 0.000714414 -0.00132578 0.999999 -0.0744662 -0.145339 0.237621
FixedParameters: 0 0 0

#Transform 39
Transform: AffineTransform_float_3_3
Parameters: 0.999999 0.000499636 -0.00072156 -0.000499364 1 0.000881361 0.00072244 -0.00088064 1 -0.0935956 -0.121067 0.361471
FixedParameters: 0 0 0

#Transform 40
Transform: AffineTransform_float_3_3
Parameters: 1 0.000627252 -0.00025037 -0.000626748 1 0.00100416 0.000251629 -0.00100384 0.999999 -0.0952749 -0.112868 0.465474
FixedParameters: 0 0 0

#Transform 41
Transform: AffineTransform_float_3_3
Parameters: 1 0.000305058 -5.36694e-05 -0.000304941 1 0.00108402 5.43306e-05 -0.00108398 1 -0.0943268 -0.17827 0.512156
FixedParameters: 0 0 0

#Transform 42
Transform: AffineTransform_float_3_3
Parameters: 1 0.000303144 -0.000172747 -0.000302855 0.999999 0.000834052 0.000173253 -0.000833947 0.999999 -0.110389 -0.0979017 0.576597
FixedParameters: 0 0 0

#Transform 43
Transform: AffineTransform_float_3_3
Parameters: 1 9.33999e-06 -0.000347991 -8.65999e-06 0.999999 0.000977003 0.000348009 -0.000976997 1 -0.108419 -0.129325 0.641991
FixedParameters: 0 0 0

#Transform 44
Transform: AffineTransform_float_3_3
Parameters: 1 0.000123379 -0.000459898 -0.00012362 0.999999 0.000825056 0.000460102 -0.000824943 0.999999 -0.103599 -0.0869939 0.617514
FixedParameters: 0 0 0

#Transform 45
Transform: AffineTransform_float_3_3
Parameters: 1 0.000208518 -0.000636831 -0.000207482 0.999999 0.000813132 0.000637169 -0.000812867 1 -0.116395 -0.12003 0.661166
FixedParameters: 0 0 0

#Transform 46
Transform: AffineTransform_float_3_3
Parameters: 0.999999 0.00016908 -0.000825983 -0.00016992 1 9.71404e-05 0.000826016 -9.68603e-05 0.999999 -0.121121 -0.0938306 0.668137
FixedParameters: 0 0 0

#Transform 47
Transform: AffineTransform_float_3_3
Parameters: 0.999999 0.000216961 -0.00080401 -0.000217038 1 -4.78255e-05 0.000803989 4.81744e-05 0.999999 -0.11716 -0.164432 0.673646
FixedParameters: 0 0 0

#Transform 48
Transform: AffineTransform_float_3_3
Parameters: 0.999999 -0.000117137 -0.000789979 0.000116862 1 -0.000174092 0.00079002 0.000173907 0.999999 -0.102343 -0.145303 0.663238
FixedParameters: 0 0 0

#Transform 49
Transform: AffineTransform_float_3_3
Parameters: 1 3.99046e-05 -0.000578006 -4.00954e-05 1 -0.000164977 0.000577993 0.000165023 1 -0.0920363 -0.224981 0.674241
FixedParameters: 0 0 0

#Transform 50
Transform: AffineTransform_float_3_3
Parameters: 0.999999 -1.80638e-05 -0.000732998 1.79362e-05 1 -8.70131e-05 0.000733001 8.69868e-05 0.999999 -0.103064 -0.196057 0.661337
FixedParameters: 0 0 0

#Transform 51
Transform: AffineTransform_float_3_3
Parameters: 0.999999 -0.000156046 -0.000906991 0.000155954 1 -5.11414e-05 0.000907007 5.08585e-05 0.999999 -0.098747 -0.21184 0.640989
FixedParameters: 0 0 0

#Transform 52
Transform: AffineTransform_float_3_3
Parameters: 0.999999 -0.000220398 -0.000711876 0.000220602 1 -0.000559157 0.000712123 0.000558843 0.999999 -0.0667062 -0.139719 0.604646
FixedParameters: 0 0 0

#Transform 53
Transform: AffineTransform_float_3_3
Parameters: 0.999999 -0.000294522 -0.000749794 0.000294477 0.999999 -0.00069722 0.000750205 0.000696779 0.999999 -0.0583767 -0.155323 0.586057
FixedParameters: 0 0 0

#Transform 54
Transform: AffineTransform_float_3_3
Parameters: 0.999999 3.93181e-05 -0.000720038 -3.96818e-05 0.999999 -0.000946972 0.000719963 0.000947028 1 -0.0746468 -0.14893 0.596329
FixedParameters: 0 0 0

#Transform 55
Transform: AffineTransform_float_3_3
Parameters: 0.999999 -4.68001e-05 -0.000844956 4.61997e-05 0.999999 -0.000947039 0.000845044 0.000946961 0.999999 -0.103444 -0.2319 0.616699
FixedParameters: 0 0 0

#Transform 56
Transform: AffineTransform_float_3_3
Parameters: 0.999998 0.000166803 -0.00160723 -0.000169196 0.999999 -0.00136673 0.00160677 0.00136727 0.999998 -0.116188 -0.295607 0.638885
FixedParameters: 0 0 0

#Transform 57
Transform: AffineTransform_float_3_3
Parameters: 0.999998 0.000206399 -0.00168432 -0.000208601 0.999999 -0.00154465 0.00168368 0.00154435 0.999998 -0.0990686 -0.220232 0.59456
FixedParameters: 0 0 0

#Transform 58
Transform: AffineTransform_float_3_3
Parameters: 0.999998 1.18227e-05 -0.00161402 -1.41773e-05 0.999999 -0.00134898 0.00161398 0.00134902 0.999998 -0.0936423 -0.268233 0.566991
FixedParameters: 0 0 0

#Transform 59
Transform: AffineTransform_float_3_3
Parameters: 1 -5.39809e-05 -0.00102495 5.3019e-05 0.999999 -0.000957054 0.00102505 0.000956945 0.999999 -0.0953814 -0.224785 0.538805
FixedParameters: 0 0 0

#Transform 60
Transform: AffineTransform_float_3_3
Parameters: 0.999999 0.000154906 -0.00130213 -0.000156093 0.999999 -0.000839797 0.00130187 0.000840202 0.999999 -0.115542 -0.244481 0.527871
FixedParameters: 0 0 0

#Transform 61
Transform: AffineTransform_float_3_3
Parameters: 0.999999 0.000213463 -0.00129625 -0.000214537 1 -0.00118572 0.00129575 0.00118628 0.999999 -0.112938 -0.245282 0.542028
FixedParameters: 0 0 0

#Transform 62
Transform: AffineTransform_float_3_3
Parameters: 0.999999 -3.118e-05 -0.00147096 2.98199e-05 0.999999 -0.00148205 0.00147105 0.00148196 0.999998 -0.105526 -0.202241 0.503311
FixedParameters: 0 0 0

#Transform 63
Transform: AffineTransform_float_3_3
Parameters: 0.999998 0.000134692 -0.00160019 -0.000137307 0.999999 -0.00144178 0.0015998 0.00144222 0.999997 -0.0985339 -0.222882 0.506233
FixedParameters: 0 0 0

#Transform 64
Transform: AffineTransform_float_3_3
Parameters: 0.999998 -0.000183322 -0.00168375 0.000180677 0.999999 -0.00137931 0.00168425 0.00137869 0.999997 -0.101642 -0.200205 0.512478
FixedParameters: 0 0 0

#Transform 65
Transform: AffineTransform_float_3_3
Parameters: 0.999998 -0.000210244 -0.00162771 0.000207756 0.999999 -0.00137934 0.00162729 0.00137866 0.999997 -0.0980901 -0.214958 0.523243
FixedParameters: 0 0 0

#Transform 66
Transform: AffineTransform_float_3_3
Parameters: 0.999998 -0.000144572 -0.00157877 0.000142427 0.999998 -0.00162923 0.00157923 0.00162877 0.999998 -0.0965407 -0.210297 0.522731
FixedParameters: 0 0 0

#Transform 67
Transform: AffineTransform_float_3_3
Parameters: 0.999998 -0.000271892 -0.00168353 0.000268108 0.999999 -0.00171845 0.00168346 0.00171755 0.999997 -0.0970634 -0.246368 0.520529
FixedParameters: 0 0 0

#Transform 68
Transform: AffineTransform_float_3_3
Parameters: 0.999998 -0.000732808 -0.00184049 0.000729192 0.999997 -0.00206935 0.00184151 0.00206765 0.999996 -0.10174 -0.225967 0.543011
FixedParameters: 0 0 0

#Transform 69
Transform: AffineTransform_float_3_3
Parameters: 0.999997 -0.000749037 -0.0020055 0.000744962 0.999997 -0.0020135 0.0020065 0.0020115 0.999996 -0.0994494 -0.254966 0.569999
FixedParameters: 0 0 0

#Transform 70
Transform: AffineTransform_float_3_3
Parameters: 0.999998 -0.000916009 -0.00168182 0.000911991 0.999996 -0.00238254 0.00168418 0.00238146 0.999995 -0.0896258 -0.222245 0.552044
FixedParameters: 0 0 0

#Transform 71
Transform: AffineTransform_float_3_3
Parameters: 0.999997 -0.00135427 -0.00168057 0.00135073 0.999996 -0.00253928 0.00168343 0.00253773 0.999996 -0.0887401 -0.249897 0.55813
FixedParameters: 0 0 0

#Transform 72
Transform: AffineTransform_float_3_3
Parameters: 0.999998 -0.000875368 -0.00168174 0.000870636 0.999997 -0.00259547 0.00168327 0.00259453 0.999995 -0.102828 -0.211043 0.570148
FixedParameters: 0 0 0

#Transform 73
Transform: AffineTransform_float_3_3
Parameters: 0.999999 -0.000687168 -0.0016823 0.000682834 0.999996 -0.00247615 0.0016837 0.00247585 0.999995 -0.100572 -0.219727 0.538041
FixedParameters: 0 0 0

#Transform 74
Transform: AffineTransform_float_3_3
Parameters: 0.999999 -0.000746815 -0.00168231 0.000742188 0.999997 -0.00226625 0.00168369 0.00226575 0.999996 -0.0983187 -0.214742 0.460618
FixedParameters: 0 0 0

#Transform 75
Transform: AffineTransform_float_3_3
Parameters: 0.999998 -0.00111585 -0.00168145 0.00111115 0.999997 -0.00228887 0.00168355 0.00228713 0.999996 -0.0901085 -0.230077 0.436331
FixedParameters: 0 0 0

#Transform 76
Transform: AffineTransform_float_3_3
Parameters: 0.999998 -0.00126656 -0.00168057 0.00126144 0.999995 -0.00271212 0.00168343 0.00270987 0.999995 -0.0935117 -0.211102 0.454251
FixedParameters: 0 0 0

#Transform 77
Transform: AffineTransform_float_3_3
Parameters: 0.999998 -0.00124834 -0.00158158 0.00124466 0.999996 -0.00274398 0.00158542 0.00274203 0.999995 -0.0923563 -0.221978 0.474461
FixedParameters: 0 0 0

#Transform 78
Transform: AffineTransform_float_3_3
Parameters: 0.999999 -0.000893234 -0.0015706 0.000888765 0.999996 -0.0026944 0.0015734 0.0026926 0.999995 -0.109608 -0.205789 0.486256
FixedParameters: 0 0 0

#Transform 79
Transform: AffineTransform_float_3_3
Parameters: 1 0.000287015 -0.00117673 -0.000289985 0.999996 -0.00253666 0.00117627 0.00253734 0.999996 -0.117384 -0.228022 0.495486
FixedParameters: 0 0 0

#Transform 80
Transform: AffineTransform_float_3_3
Parameters: 0.999999 0.000321229 -0.00129794 -0.00032477 0.999995 -0.00290558 0.00129706 0.00290642 0.999995 -0.106252 -0.169813 0.472772
FixedParameters: 0 0 0

#Transform 81
Transform: AffineTransform_float_3_3
Parameters: 0.999999 0.000486006 -0.000853139 -0.000487993 0.999997 -0.00233858 0.000851861 0.00233842 0.999997 -0.0908471 -0.205888 0.406476
FixedParameters: 0 0 0

#Transform 82
Transform: AffineTransform_float_3_3
Parameters: 0.999999 0.000444198 -0.000780028 -0.000446801 0.999997 -0.00231065 0.000778969 0.00231135 0.999997 -0.0891189 -0.212578 0.370287
FixedParameters: 0 0 0

#Transform 83
Transform: AffineTransform_float_3_3
Parameters: 0.999999 0.00030852 -0.000691662 -0.000310481 0.999997 -0.00214079 0.000691337 0.00214121 0.999998 -0.0968553 -0.303639 0.407289
FixedParameters: 0 0 0

#Transform 84
Transform: AffineTransform_float_3_3
Parameters: 0.999999 0.000628708 -0.000555466 -0.000629293 0.999997 -0.00232865 0.000554536 0.00232935 0.999997 -0.0988235 -0.280907 0.407379
FixedParameters: 0 0 0

#Transform 85
Transform: AffineTransform_float_3_3
Parameters: 1 0.000606377 -0.000300261 -0.000606624 0.999997 -0.00207882 0.000299739 0.00207918 0.999998 -0.101057 -0.278622 0.391963
FixedParameters: 0 0 0

#Transform 86
Transform: AffineTransform_float_3_3
Parameters: 1 0.000627576 -0.000204305 -0.000628422 0.999997 -0.00207887 0.000202694 0.00207913 0.999998 -0.113053 -0.217475 0.371409
FixedParameters: 0 0 0

#Transform 87
Transform: AffineTransform_float_3_3
Parameters: 0.999999 0.000942526 -0.000204196 -0.000942472 0.999997 -0.00232881 0.000201805 0.00232919 0.999998 -0.114171 -0.196475 0.342324
FixedParameters: 0 0 0

#Transform 88
Transform: AffineTransform_float_3_3
Parameters: 0.999999 0.000805942 -2.49247e-05 -0.000806057 0.999997 -0.00238798 2.30752e-05 0.00238802 0.999997 -0.11874 -0.172712 0.341275
FixedParameters: 0 0 0

#Transform 89
Transform: AffineTransform_float_3_3
Parameters: 0.999999 0.000860342 -0.000232445 -0.000860655 0.999995 -0.0028408 0.000229556 0.0028412 0.999996 -0.101093 -0.152433 0.290222
FixedParameters: 0 0 0

#Transform 90
Transform: AffineTransform_float_3_3
Parameters: 0.999999 0.000726865 0.000412478 -0.000726133 0.999997 -0.0020943 -0.000414522 0.0020947 0.999997 -0.07095 -0.175703 0.301346
FixedParameters: 0 0 0

#Transform 91
Transform: AffineTransform_float_3_3
Parameters: 0.999999 0.000574885 0.000429818 -0.000574116 0.999997 -0.00205825 -0.000430182 0.00205775 0.999998 -0.0571724 -0.207296 0.28915
FixedParameters: 0 0 0

#Transform 92
Transform: AffineTransform_float_3_3
Parameters: 0.999999 0.00062486 0.000429751 -0.00062414 0.999998 -0.00200027 -0.000430249 0.00199973 0.999998 -0.060091 -0.278732 0.31955
FixedParameters: 0 0 0

#Transform 93
Transform: AffineTransform_float_3_3
Parameters: 1 0.000574317 0.000223186 -0.000573682 0.999999 -0.00141813 -0.000224814 0.00141787 0.999999 -0.0665563 -0.269536 0.291346
FixedParameters: 0 0 0

#Transform 94
Transform: AffineTransform_float_3_3
Parameters: 1 0.000620282 0.000175003 -0.000619718 0.999998 -0.00160711 -0.000175996 0.00160689 0.999998 -0.0705907 -0.243402 0.271182
FixedParameters: 0 0 0

#Transform 95
Transform: AffineTransform_float_3_3
Parameters: 1 0.000663233 0.000151986 -0.000663766 0.999998 -0.0015291 -0.000153015 0.0015289 0.999999 -0.0705806 -0.220062 0.270211
FixedParameters: 0 0 0

#Transform 96
Transform: AffineTransform_float_3_3
Parameters: 0.999999 0.000749396 0.00030603 -0.000748603 0.999999 -0.00129423 -0.000306969 0.00129377 0.999999 -0.0728989 -0.146098 0.266717
FixedParameters: 0 0 0

#Transform 97
Transform: AffineTransform_float_3_3
Parameters: 0.999999 0.000729052 2.44851e-05 -0.000728948 0.999997 -0.00207802 -2.55148e-05 0.00207798 0.999998 -0.0856956 -0.117633 0.269383
FixedParameters: 0 0 0

#Transform 98
Transform: AffineTransform_float_3_3
Parameters: 0.999999 0.000881136 7.54237e-05 -0.000880862 0.999998 -0.00178907 -7.7576e-05 0.00178893 0.999999 -0.0662969 -0.149215 0.28518
FixedParameters: 0 0 0

#Transform 99
Transform: AffineTransform_float_3_3
Parameters: 0.999999 0.000842287 -0.000321871 -0.000843711 0.999997 -0.00222073 0.000319127 0.00222127 0.999998 -0.0782968 -0.0552211 0.263236
FixedParameters: 0 0 0

#Transform 100
Transform: AffineTransform_float_3_3
Parameters: 0.999999 0.000775269 -0.000270106 -0.00077673 0.999996 -0.00271479 0.000267892 0.00271521 0.999997 -0.0377508 -0.102205 0.26652
FixedParameters: 0 0 0

#Transform 101
Transform: AffineTransform_float_3_3
Parameters: 0.999999 0.00057976 -0.000547316 -0.000580239 0.999998 -0.00226768 0.000545685 0.00226832 0.999998 -0.0732882 -0.178456 0.294158
FixedParameters: 0 0 0

#Transform 102
Transform: AffineTransform_float_3_3
Parameters: 0.999999 0.000866827 -0.000294473 -0.000868173 0.999991 -0.00400374 0.000291526 0.00400425 0.999992 -0.0694454 -0.198817 0.260383
FixedParameters: 0 0 0

#Transform 103
Transform: AffineTransform_float_3_3
Parameters: 0.999999 0.000540753 -0.000472431 -0.000542246 0.999997 -0.00264275 0.000470568 0.00264326 0.999997 -0.0694192 -0.245628 0.282581
FixedParameters: 0 0 0

#Transform 104
Transform: AffineTransform_float_3_3
Parameters: 1 0.000915776 -0.000570971 -0.000917226 0.999998 -0.00214948 0.00056903 0.00214952 0.999998 -0.0919625 -0.235253 0.292901
FixedParameters: 0 0 0

#Transform 105
Transform: AffineTransform_float_3_3
Parameters: 0.999999 0.00114986 -0.000634077 -0.00115014 0.999997 -0.00180527 0.000631924 0.00180673 0.999998 -0.121722 -0.188379 0.309288
FixedParameters: 0 0 0

#Transform 106
Transform: AffineTransform_float_3_3
Parameters: 0.999999 0.000697346 -0.0003513 -0.000697652 0.999998 -0.00186276 0.000349701 0.00186324 0.999998 -0.0944789 -0.190757 0.337208
FixedParameters: 0 0 0

#Transform 107
Transform: AffineTransform_float_3_3
Parameters: 0.999999 0.000602488 -0.000698306 -0.00060351 0.999997 -0.00216558 0.000696694 0.00216642 0.999998 -0.0648762 -0.0957334 0.307498
FixedParameters: 0 0 0

#Transform 108
Transform: AffineTransform_float_3_3
Parameters: 1 0.000992562 -0.000634257 -0.000993438 0.999997 -0.00227137 0.000631746 0.00227163 0.999997 -0.0989575 -0.0870154 0.272353
FixedParameters: 0 0 0

#Transform 109
Transform: AffineTransform_float_3_3
Parameters: 1 0.000809584 -0.000593936 -0.000811417 0.999997 -0.00238852 0.000592064 0.00238848 0.999997 -0.083613 -0.144179 0.273218
FixedParameters: 0 0 0

#Transform 110
Transform: AffineTransform_float_3_3
Parameters: 1 0.000860148 -0.000703273 -0.000861852 0.999996 -0.0026384 0.000700729 0.00263861 0.999997 -0.0809994 -0.103446 0.312467
FixedParameters: 0 0 0

#Transform 111
Transform: AffineTransform_float_3_3
Parameters: 0.999999 0.00116505 -0.000630615 -0.00116695 0.999994 -0.00310027 0.000627384 0.00310173 0.999995 -0.127203 -0.048926 0.315903
FixedParameters: 0 0 0

#Transform 112
Transform: AffineTransform_float_3_3
Parameters: 0.999999 0.00110129 -0.000717632 -0.00110371 0.999996 -0.00238721 0.000715367 0.00238779 0.999997 -0.107209 -0.186898 0.312341
FixedParameters: 0 0 0

#Transform 113
Transform: AffineTransform_float_3_3
Parameters: 0.999999 0.000541797 -0.000511278 -0.000543202 0.999997 -0.00235572 0.000509721 0.00235628 0.999997 -0.0505881 -0.179418 0.32562
FixedParameters: 0 0 0

#Transform 114
Transform: AffineTransform_float_3_3
Parameters: 0.999999 0.000634775 -0.000532464 -0.000636226 0.999997 -0.00230366 0.000531536 0.00230334 0.999997 -0.100671 -0.197442 0.315165
FixedParameters: 0 0 0

#Transform 115
Transform: AffineTransform_float_3_3
Parameters: 0.999999 0.000654888 -0.000494476 -0.000656111 0.999997 -0.00225168 0.000492524 0.00225232 0.999998 -0.0865327 -0.194284 0.330973
FixedParameters: 0 0 0

#Transform 116
Transform: AffineTransform_float_3_3
Parameters: 1 6.4362e-05 -0.000642166 -6.56375e-05 0.999996 -0.00255096 0.000641834 0.00255104 0.999996 -0.0396804 -0.133487 0.330619
FixedParameters: 0 0 0

#Transform 117
Transform: AffineTransform_float_3_3
Parameters: 0.999999 0.000728184 -0.000646052 -0.000729815 0.999996 -0.00281453 0.000643948 0.00281447 0.999996 -0.0821548 -0.104292 0.281786
FixedParameters: 0 0 0

#Transform 118
Transform: AffineTransform_float_3_3
Parameters: 1 0.000845889 -0.000868043 -0.000849112 0.999993 -0.00359027 0.000864957 0.00359074 0.999993 -0.0895827 -0.143394 0.219886
FixedParameters: 0 0 0

#Transform 119
Transform: AffineTransform_float_3_3
Parameters: 1 0.000321258 -0.000582964 -0.000323742 0.999996 -0.00299081 0.000582035 0.00299019 0.999996 -0.0478956 -0.103492 0.278356
FixedParameters: 0 0 0

#Transform 120
Transform: AffineTransform_float_3_3
Parameters: 1 0.00057587 -0.000381711 -0.000577131 0.999996 -0.00296778 0.000380288 0.00296822 0.999995 -0.0958877 -0.157472 0.329715
FixedParameters: 0 0 0

#Transform 121
Transform: AffineTransform_float_3_3
Parameters: 0.999999 0.000821821 -0.000509904 -0.000823178 0.999997 -0.00231558 0.000508095 0.00231642 0.999997 -0.109133 -0.113016 0.301907
FixedParameters: 0 0 0

#Transform 122
Transform: AffineTransform_float_3_3
Parameters: 0.999999 0.000812298 -0.000232467 -0.000813703 0.999995 -0.00303581 0.000230531 0.00303619 0.999996 -0.110532 -0.111522 0.294355
FixedParameters: 0 0 0

#Transform 123
Transform: AffineTransform_float_3_3
Parameters: 0.999999 0.000878314 -0.000335797 -0.000878685 0.999997 -0.0020457 0.000334203 0.00204629 0.999998 -0.104969 -0.132374 0.317718
FixedParameters: 0 0 0

#Transform 124
Transform: AffineTransform_float_3_3
Parameters: 1 0.000985346 -0.000321017 -0.000986656 0.999998 -0.00204568 0.000318982 0.00204632 0.999998 -0.11425 -0.135099 0.312974
FixedParameters: 0 0 0

#Transform 125
Transform: AffineTransform_float_3_3
Parameters: 1 0.000900166 -0.000696378 -0.000901836 0.999996 -0.00263837 0.000694623 0.00263963 0.999997 -0.060234 -0.0851882 0.268391
FixedParameters: 0 0 0

#Transform 126
Transform: AffineTransform_float_3_3
Parameters: 0.999999 0.000570205 -0.000681506 -0.000571796 0.999997 -0.00263661 0.000680495 0.00263639 0.999997 -0.0817367 -0.139785 0.251122
FixedParameters: 0 0 0

#Transform 127
Transform: AffineTransform_float_3_3
Parameters: 0.999999 0.00132301 -0.000783364 -0.00132499 0.999996 -0.00253997 0.000780637 0.00254104 0.999997 -0.109917 -0.186626 0.284048
FixedParameters: 0 0 0

#Transform 128
Transform: AffineTransform_float_3_3
Parameters: 1 0.000573534 -0.000890593 -0.000576467 0.999996 -0.00277049 0.000889406 0.00277151 0.999996 -0.0616446 -0.169104 0.301232
FixedParameters: 0 0 0

#Transform 129
Transform: AffineTransform_float_3_3
Parameters: 0.999999 0.000649085 -0.000691801 -0.000650915 0.999996 -0.00277055 0.000690198 0.00277145 0.999996 -0.0801977 -0.153448 0.299784
FixedParameters: 0 0 0

#Transform 130
Transform: AffineTransform_float_3_3
Parameters: 1 0.000840246 -0.000709084 -0.000841754 0.999996 -0.0024774 0.000706917 0.00247759 0.999996 -0.105771 -0.198801 0.321407
FixedParameters: 0 0 0

#Transform 131
Transform: AffineTransform_float_3_3
Parameters: 1 0.000620443 -0.00089977 -0.000622559 0.999996 -0.00284544 0.000898233 0.00284556 0.999996 -0.068067 -0.109328 0.338475
FixedParameters: 0 0 0

#Transform 132
Transform: AffineTransform_float_3_3
Parameters: 0.999999 0.000376274 -0.000716908 -0.000377726 0.999997 -0.00240873 0.000716092 0.00240927 0.999997 -0.084872 -0.168437 0.371379
FixedParameters: 0 0 0

#Transform 133
Transform: AffineTransform_float_3_3
Parameters: 1 0.000984634 -0.000545474 -0.000985366 0.999997 -0.00251046 0.000542527 0.00251154 0.999996 -0.123593 -0.123946 0.380192
FixedParameters: 0 0 0

#Transform 134
Transform: AffineTransform_float_3_3
Parameters: 0.999999 0.000418348 -0.000707978 -0.000420652 0.999997 -0.0023347 0.000707019 0.0023353 0.999997 -0.104104 -0.169238 0.372117
FixedParameters: 0 0 0

#Transform 135
Transform: AffineTransform_float_3_3
Parameters: 0.999999 0.000983811 -0.00080867 -0.000985189 0.999996 -0.00271021 0.000806332 0.0027118 0.999996 -0.115513 -0.0822976 0.377604
FixedParameters: 0 0 0

#Transform 136
Transform: AffineTransform_float_3_3
Parameters: 0.999999 0.000528798 -0.00124636 -0.0005322 0.999996 -0.00256934 0.00124464 0.00257066 0.999996 -0.0826327 -0.0669328 0.35926
FixedParameters: 0 0 0

#Transform 137
Transform: AffineTransform_float_3_3
Parameters: 1 0.000953181 -0.00064669 -0.000954821 0.999996 -0.00281939 0.00064431 0.00282062 0.999996 -0.10244 -0.143253 0.345453
FixedParameters: 0 0 0

#Transform 138
Transform: AffineTransform_float_3_3
Parameters: 0.999999 0.000379757 -0.00121633 -0.000384245 0.999994 -0.00348954 0.00121567 0.00349046 0.999993 -0.0397879 -0.140182 0.324788
FixedParameters: 0 0 0

#Transform 139
Transform: AffineTransform_float_3_3
Parameters: 0.999999 0.00107858 -0.000891933 -0.00108142 0.999995 -0.00271604 0.000889066 0.00271696 0.999996 -0.0875891 -0.182462 0.324399
FixedParameters: 0 0 0

#Transform 140
Transform: AffineTransform_float_3_3
Parameters: 0.999999 0.000882475 -0.000896492 -0.000885523 0.999995 -0.00281921 0.000893506 0.00282079 0.999995 -0.0623721 -0.206677 0.348678
FixedParameters: 0 0 0

#Transform 141
Transform: AffineTransform_float_3_3
Parameters: 0.999999 0.000977767 -0.000896442 -0.000980233 0.999997 -0.00249413 0.000893558 0.00249488 0.999997 -0.0789008 -0.249751 0.367783
FixedParameters: 0 0 0

#Transform 142
Transform: AffineTransform_float_3_3
Parameters: 0.999999 0.00106454 -0.000896932 -0.00106646 0.999995 -0.00275104 0.000893069 0.00275195 0.999996 -0.0873726 -0.244185 0.398776
FixedParameters: 0 0 0

#Transform 143
Transform: AffineTransform_float_3_3
Parameters: 0.999999 0.000683836 -0.00127923 -0.000687166 0.999994 -0.00325712 0.00127777 0.00325788 0.999994 -0.0769536 -0.180654 0.385268
FixedParameters: 0 0 0

#Transform 144
Transform: AffineTransform_float_3_3
Parameters: 0.999999 0.0010337 -0.00104229 -0.00103731 0.999995 -0.00317492 0.00103971 0.00317608 0.999995 -0.105114 -0.182001 0.39173
FixedParameters: 0 0 0

#Transform 145
Transform: AffineTransform_float_3_3
Parameters: 0.999999 0.000898501 -0.00105998 -0.000902499 0.999994 -0.00330505 0.00105702 0.00330595 0.999994 -0.0824151 -0.0995627 0.391598
FixedParameters: 0 0 0

#Transform 146
Transform: AffineTransform_float_3_3
Parameters: 0.999999 0.000739985 -0.00109405 -0.000743015 0.999996 -0.00275819 0.00109195 0.00275881 0.999995 -0.0907348 -0.140743 0.402983
FixedParameters: 0 0 0

#Transform 147
Transform: AffineTransform_float_3_3
Parameters: 1 0.000809342 -0.000868485 -0.00081166 0.999995 -0.0030643 0.000866516 0.0030657 0.999995 -0.0936918 -0.0819886 0.433067
FixedParameters: 0 0 0

#Transform 148
Transform: AffineTransform_float_3_3
Parameters: 1 0.000562887 -0.00104169 -0.000566115 0.999996 -0.00299141 0.00104031 0.00299159 0.999995 -0.0726044 -0.11867 0.422569
FixedParameters: 0 0 0

#Transform 149
Transform: AffineTransform_float_3_3
Parameters: 0.999999 0.00101533 -0.00084223 -0.00101767 0.999995 -0.00317715 0.00083877 0.00317785 0.999994 -0.110503 -0.124262 0.420823
FixedParameters: 0 0 0

#Transform 150
Transform: AffineTransform_float_3_3
Parameters: 0.999999 0.000638817 -0.00128409 -0.000643182 0.999995 -0.00325918 0.00128191 0.00326082 0.999994 -0.0726767 -0.164215 0.413567
FixedParameters: 0 0 0

#Transform 151
Transform: AffineTransform_float_3_3
Parameters: 0.999999 0.00104667 -0.00089972 -0.00104833 0.999996 -0.00259506 0.000896282 0.00259594 0.999996 -0.104595 -0.242217 0.435794
FixedParameters: 0 0 0

#Transform 152
Transform: AffineTransform_float_3_3
Parameters: 1 0.000459878 -0.00109632 -0.000463122 0.999996 -0.00284949 0.00109469 0.00284951 0.999996 -0.0756568 -0.172774 0.423158
FixedParameters: 0 0 0

#Transform 153
Transform: AffineTransform_float_3_3
Parameters: 1 0.000602647 -0.00086165 -0.000604351 0.999996 -0.00273248 0.000859352 0.00273352 0.999996 -0.096351 -0.129723 0.440982
FixedParameters: 0 0 0

#Transform 154
Transform: AffineTransform_float_3_3
Parameters: 1 0.000612563 -0.000974537 -0.000614438 0.999996 -0.0025024 0.000973466 0.0025026 0.999997 -0.0716459 -0.175823 0.418518
FixedParameters: 0 0 0

#Transform 155
Transform: AffineTransform_float_3_3
Parameters: 0.999999 0.00103089 -0.00083462 -0.00103312 0.999996 -0.00253814 0.000832381 0.00253886 0.999997 -0.0966605 -0.14627 0.376379
FixedParameters: 0 0 0

#Transform 156
Transform: AffineTransform_float_3_3
Parameters: 0.999999 0.000765848 -0.00101139 -0.00076915 0.999995 -0.00311922 0.0010086 0.00312077 0.999994 -0.072208 -0.13349 0.329986
FixedParameters: 0 0 0

#Transform 157
Transform: AffineTransform_float_3_3
Parameters: 0.999998 0.00148958 -0.00053695 -0.00149042 0.999996 -0.0026502 0.000533052 0.0026508 0.999997 -0.103981 -0.159826 0.323104
FixedParameters: 0 0 0

#Transform 158
Transform: AffineTransform_float_3_3
Parameters: 1 0.00108768 -0.000460123 -0.00108932 0.999996 -0.0028695 0.000456875 0.0028705 0.999996 -0.102 -0.171069 0.349429
FixedParameters: 0 0 0

#Transform 159
Transform: AffineTransform_float_3_3
Parameters: 0.999999 0.00100335 -0.00100465 -0.00100565 0.999996 -0.00263599 0.00100235 0.00263701 0.999996 -0.104935 -0.229566 0.338268
FixedParameters: 0 0 0

#Transform 160
Transform: AffineTransform_float_3_3
Parameters: 1 0.00106959 -0.000134338 -0.00106941 0.999994 -0.00311986 0.000130664 0.00312014 0.999995 -0.100284 -0.225243 0.370036
FixedParameters: 0 0 0

#Transform 161
Transform: AffineTransform_float_3_3
Parameters: 0.999999 0.000964342 -0.000280274 -0.000964657 0.999997 -0.00235673 0.000277728 0.00235627 0.999997 -0.106364 -0.241199 0.330896
FixedParameters: 0 0 0

#Transform 162
Transform: AffineTransform_float_3_3
Parameters: 1 0.000961672 0.000266591 -0.000960331 0.999997 -0.00250626 -0.000268408 0.00250674 0.999997 -0.102244 -0.185894 0.359951
FixedParameters: 0 0 0

#Transform 163
Transform: AffineTransform_float_3_3
Parameters: 0.999999 0.000924067 3.42055e-05 -0.000923932 0.999997 -0.00194203 -3.57943e-05 0.00194197 0.999998 -0.117095 -0.192674 0.359874
FixedParameters: 0 0 0

#Transform 164
Transform: AffineTransform_float_3_3
Parameters: 0.999999 0.000867942 -0.000378434 -0.000869058 0.999995 -0.00280267 0.000376566 0.00280233 0.999996 -0.0814219 -0.0947577 0.314059
FixedParameters: 0 0 0

#Transform 165
Transform: AffineTransform_float_3_3
Parameters: 0.999999 0.00121205 -0.000418757 -0.00121295 0.999996 -0.00227349 0.000416244 0.00227351 0.999998 -0.111698 -0.146325 0.235053
FixedParameters: 0 0 0

#Transform 166
Transform: AffineTransform_float_3_3
Parameters: 1 0.00092188 -0.00057243 -0.000924119 0.999992 -0.00371547 0.000568571 0.00371552 0.999993 -0.085152 -0.218888 0.216834
FixedParameters: 0 0 0

#Transform 167
Transform: AffineTransform_float_3_3
Parameters: 1 0.000929907 -0.00067788 -0.00093209 0.999995 -0.00309337 0.000674119 0.00309463 0.999995 -0.0792789 -0.301392 0.214878
FixedParameters: 0 0 0

#Transform 168
Transform: AffineTransform_float_3_3
Parameters: 1 0.00075067 -0.00091392 -0.000753331 0.999997 -0.00255232 0.000912081 0.00255269 0.999997 -0.0860226 -0.299717 0.281174
FixedParameters: 0 0 0

#Transform 169
Transform: AffineTransform_float_3_3
Parameters: 1 0.000735147 -0.00083264 -0.000736852 0.999997 -0.00222739 0.000830361 0.00222861 0.999997 -0.0825998 -0.206674 0.333678
FixedParameters: 0 0 0

#Transform 170
Transform: AffineTransform_float_3_3
Parameters: 0.999999 0.00147812 -0.000422081 -0.00147888 0.999996 -0.00208338 0.000418918 0.00208462 0.999997 -0.126198 -0.361321 0.430241
FixedParameters: 0 0 0

#Transform 171
Transform: AffineTransform_float_3_3
Parameters: 0.999999 0.00124901 -0.000655795 -0.00125099 0.999994 -0.00303518 0.000652206 0.00303582 0.999995 -0.149035 -0.169937 0.425174
FixedParameters: 0 0 0

#Transform 172
Transform: AffineTransform_float_3_3
Parameters: 0.999999 0.00111706 -0.000711061 -0.00111894 0.999995 -0.00273721 0.00070794 0.00273779 0.999996 -0.139506 -0.217669 0.353749
FixedParameters: 0 0 0

#Transform 173
Transform: AffineTransform_float_3_3
Parameters: 0.999999 0.00130272 -0.000480485 -0.00130428 0.999995 -0.00267338 0.000476515 0.00267362 0.999997 -0.121215 -0.232871 0.336171
FixedParameters: 0 0 0

#Transform 174
Transform: AffineTransform_float_3_3
Parameters: 0.999999 0.00124827 -0.000272365 -0.00124873 0.999995 -0.00269466 0.000268637 0.00269434 0.999997 -0.123397 -0.238954 0.335189
FixedParameters: 0 0 0

#Transform 175
Transform: AffineTransform_float_3_3
Parameters: 0.999999 0.00125694 -0.000422158 -0.00125806 0.999996 -0.00251147 0.000419841 0.00251253 0.999997 -0.114273 -0.240348 0.317142
FixedParameters: 0 0 0

#Transform 176
Transform: AffineTransform_float_3_3
Parameters: 0.999999 0.0012778 -0.00045537 -0.00127919 0.999995 -0.00263542 0.000451631 0.00263558 0.999997 -0.108497 -0.234881 0.275475
FixedParameters: 0 0 0

#Transform 177
Transform: AffineTransform_float_3_3
Parameters: 0.999999 0.00119616 -0.00031717 -0.00119684 0.999996 -0.00264862 0.000313831 0.00264938 0.999997 -0.101511 -0.261174 0.28293
FixedParameters: 0 0 0

#Transform 178
Transform: AffineTransform_float_3_3
Parameters: 0.999999 0.00117488 -0.000455891 -0.00117612 0.999997 -0.00245947 0.000453109 0.00245953 0.999997 -0.104791 -0.262649 0.29706
FixedParameters: 0 0 0

#Transform 179
Transform: AffineTransform_float_3_3
Parameters: 0.999999 0.000970388 -0.000854832 -0.000971611 0.999997 -0.00188617 0.000853168 0.00188783 0.999998 -0.0897286 -0.247118 0.278857
FixedParameters: 0 0 0

#Transform 180
Transform: AffineTransform_float_3_3
Parameters: 0.999999 0.000669229 -0.00031166 -0.000669771 0.999996 -0.00247979 0.00031034 0.00248021 0.999997 -0.0754567 -0.214318 0.295708
FixedParameters: 0 0 0

#Transform 181
Transform: AffineTransform_float_3_3
Parameters: 0.999999 0.000357176 -0.000691945 -0.000358824 0.999997 -0.00263775 0.000691056 0.00263825 0.999997 -0.0480749 -0.204739 0.267737
FixedParameters: 0 0 0

#Transform 182
Transform: AffineTransform_float_3_3
Parameters: 0.999999 0.000662673 -0.000485816 -0.000663328 0.999996 -0.00273768 0.000484186 0.00273732 0.999996 -0.0551086 -0.146636 0.278772
FixedParameters: 0 0 0

#Transform 183
Transform: AffineTransform_float_3_3
Parameters: 1 0.000447055 -0.00112458 -0.000450946 0.999993 -0.0035095 0.00112342 0.0035105 0.999993 -0.0205794 -0.183926 0.220614
FixedParameters: 0 0 0

#Transform 184
Transform: AffineTransform_float_3_3
Parameters: 1 0.00107457 -0.000100738 -0.00107543 0.999989 -0.00440789 9.62604e-05 0.00440811 0.999991 -0.0289721 -0.167443 0.181595
FixedParameters: 0 0 0

#Transform 185
Transform: AffineTransform_float_3_3
Parameters: 1 0.0010009 -0.000308587 -0.0010021 0.999993 -0.00358169 0.000305413 0.00358131 0.999993 -0.00962025 -0.210929 0.162182
FixedParameters: 0 0 0

#Transform 186
Transform: AffineTransform_float_3_3
Parameters: 0.999999 0.00121902 0.000464733 -0.00121698 0.99999 -0.00432457 -0.000470267 0.00432443 0.99999 -0.0331817 -0.231397 0.140092
FixedParameters: 0 0 0

#Transform 187
Transform: AffineTransform_float_3_3
Parameters: 1 0.00121652 0.000136466 -0.00121548 0.999993 -0.00372817 -0.000141533 0.00372883 0.999993 -0.0192754 -0.354088 0.131817
FixedParameters: 0 0 0

#Transform 188
Transform: AffineTransform_float_3_3
