#Insight Transform File V1.0
#Transform 0
Transform: AffineTransform_float_3_3
Parameters: 0.999999 0.000992958 6.76176e-05 -0.000993042 1 0.000621933 -6.73823e-05 -0.000622067 1 -0.107087 0.00323138 0.203695
FixedParameters: 0 0 0

#Transform 1
Transform: AffineTransform_float_3_3
Parameters: 1 0.00113297 0.000167234 -0.00113304 1 0.000206811 -0.000166765 -0.000207189 1 -0.106949 -0.0804663 0.183391
FixedParameters: 0 0 0

#Transform 2
Transform: AffineTransform_float_3_3
Parameters: 0.999999 0.00142997 0.000218176 -0.00143003 0.999999 0.000122688 -0.000217825 -0.000122312 1 -0.108412 -0.0481478 0.160496
FixedParameters: 0 0 0

#Transform 3
Transform: AffineTransform_float_3_3
Parameters: 0.999998 0.00156288 0.000461392 -0.00156211 0.999998 0.000250279 -0.000461609 -0.000250722 1 -0.09799 -0.0048852 0.155848
FixedParameters: 0 0 0

#Transform 4
Transform: AffineTransform_float_3_3
Parameters: 0.999999 0.00116102 0.000793974 -0.00116098 1 -2.29218e-05 -0.000794026 2.20781e-05 0.999999 -0.100042 0.0298922 0.172648
FixedParameters: 0 0 0

#Transform 5
Transform: AffineTransform_float_3_3
Parameters: 0.999998 0.00158186 0.00118119 -0.00158214 0.999998 0.000119131 -0.00118081 -0.000120868 1 -0.0624063 -0.0317882 0.127941
FixedParameters: 0 0 0

#Transform 6
Transform: AffineTransform_float_3_3
Parameters: 0.999998 0.00175397 0.00106505 -0.00175403 0.999999 2.9132e-05 -0.00106495 -3.1868e-05 1 -0.0464334 -0.132926 0.144968
FixedParameters: 0 0 0

#Transform 7
Transform: AffineTransform_float_3_3
Parameters: 0.999999 0.0017541 0.000198146 -0.0017539 0.999999 -0.000487348 -0.000198854 0.000486652 1 -0.0561192 -0.200278 0.109499
FixedParameters: 0 0 0

#Transform 8
Transform: AffineTransform_float_3_3
Parameters: 0.999999 0.00129699 -9.114e-05 -0.00129701 0.999999 -0.000107882 9.08599e-05 0.000108118 1 -0.0560638 -0.136964 0.130887
FixedParameters: 0 0 0

#Transform 9
Transform: AffineTransform_float_3_3
Parameters: 0.999999 0.00129698 6.13787e-05 -0.00129702 0.999999 0.000291921 -6.06225e-05 -0.000291079 1 -0.0543332 -0.104761 0.0974061
FixedParameters: 0 0 0

#Transform 10
Transform: AffineTransform_float_3_3
Parameters: 1 0.000535734 0.000906567 -0.000534265 0.999999 -0.000810485 -0.000907434 0.000809514 1 -0.0215889 -0.0606717 0.0779367
FixedParameters: 0 0 0

#Transform 11
Transform: AffineTransform_float_3_3
Parameters: 1 0.000535002 0.000329996 -0.000534997 1 -8.17655e-06 -0.000330004 7.82345e-06 1 -0.0281208 -0.0558785 0.0300714
FixedParameters: 0 0 0

#Transform 12
Transform: AffineTransform_float_3_3
Parameters: 0.999999 0.000879207 0.000329448 -0.000879793 1 -0.00062829 -0.000330552 0.00062771 0.999999 -0.0303936 0.0533585 0.0512368
FixedParameters: 0 0 0

#Transform 13
Transform: AffineTransform_float_3_3
Parameters: 0.999999 0.000655201 0.0003296 -0.000654798 0.999999 -0.000610216 -0.000330399 0.000609783 1 -0.0252919 0.0546271 -0.00513285
FixedParameters: 0 0 0

#Transform 14
Transform: AffineTransform_float_3_3
Parameters: 0.999999 0.000695983 0.000253045 -0.000696016 1 6.48239e-05 -0.000252955 -6.51761e-05 1 -0.030077 0.0180016 0.0572799
FixedParameters: 0 0 0

#Transform 15
Transform: AffineTransform_float_3_3
Parameters: 0.999999 0.000630978 0.000330041 -0.000631021 1 6.47917e-05 -0.000329959 -6.52082e-05 1 -0.0453914 -0.0638709 0.0232136
FixedParameters: 0 0 0

#Transform 16
Transform: AffineTransform_float_3_3
Parameters: 0.999999 0.000629847 0.00033029 -0.000630152 0.999999 0.000460792 -0.000329709 -0.000461208 1 -0.0420183 -0.0785265 0.0598343
FixedParameters: 0 0 0

#Transform 17
Transform: AffineTransform_float_3_3
Parameters: 1 0.000491813 0.000489188 -0.000491186 1 0.00038176 -0.000488812 -0.00038224 1 -0.043468 -0.0745076 0.029742
FixedParameters: 0 0 0

#Transform 18
Transform: AffineTransform_float_3_3
Parameters: 1 0.000457985 0.000330021 -0.000458015 1 4.48488e-05 -0.000329979 -4.51511e-05 1 -0.0460306 -0.0522092 0.0411665
FixedParameters: 0 0 0

#Transform 19
Transform: AffineTransform_float_3_3
Parameters: 0.999999 0.00070583 0.000330362 -0.000705169 0.999999 0.000512767 -0.000329639 -0.000512233 1 -0.0293424 -0.0435151 0.0129552
FixedParameters: 0 0 0

#Transform 20
Transform: AffineTransform_float_3_3
Parameters: 0.999999 0.000610924 0.000721063 -0.000611074 1 0.000103559 -0.000720936 -0.00010444 0.999999 -0.00179336 0.012305 -0.00492966
FixedParameters: 0 0 0

#Transform 21
Transform: AffineTransform_float_3_3
Parameters: 1 -0.000272176 -0.000203765 0.000271824 0.999999 -0.000863055 0.000204235 0.000862944 0.999999 0.0308869 0.0609637 -0.0620932
FixedParameters: 0 0 0

#Transform 22
Transform: AffineTransform_float_3_3
Parameters: 0.999999 -0.0014387 -0.00117993 0.0014373 0.999998 -0.0014387 0.00118207 0.0014373 0.999999 0.0442298 0.113626 -0.0883473
FixedParameters: 0 0 0

#Transform 23
Transform: AffineTransform_float_3_3
Parameters: 0.999996 -0.00235573 -0.00105513 0.00235426 0.999996 -0.00164249 0.00105987 0.00164051 0.999998 0.0772628 0.026081 -0.0737805
FixedParameters: 0 0 0

#Transform 24
Transform: AffineTransform_float_3_3
Parameters: 0.999997 -0.00257785 -0.000909587 0.00257715 0.999996 -0.000937348 0.000911413 0.000934654 0.999999 0.0806228 -0.0386306 -0.0695062
FixedParameters: 0 0 0

#Transform 25
Transform: AffineTransform_float_3_3
Parameters: 0.999998 -0.00195976 -0.000671777 0.00195824 0.999998 -0.00113532 0.000674224 0.00113468 0.999999 0.0530374 -0.0634566 -0.0717888
FixedParameters: 0 0 0

#Transform 26
Transform: AffineTransform_float_3_3
Parameters: 0.999998 -0.00174364 -0.000915696 0.00174337 0.999999 0.000398404 0.000914304 -0.000399595 0.999999 0.0499756 -0.098036 -0.0290161
FixedParameters: 0 0 0

#Transform 27
Transform: AffineTransform_float_3_3
Parameters: 0.999997 -0.00210223 -0.00105855 0.00210177 0.999998 -0.000217225 0.00105946 0.000215773 1 0.0572691 0.0225292 -0.038618
FixedParameters: 0 0 0

#Transform 28
Transform: AffineTransform_float_3_3
Parameters: 0.999996 -0.00239272 -0.00149745 0.00239328 0.999997 0.000185417 0.00149755 -0.000189584 0.999999 0.0510059 0.0281187 -0.0232822
FixedParameters: 0 0 0

#Transform 29
Transform: AffineTransform_float_3_3
Parameters: 0.999997 -0.00183977 -0.00166826 0.00184023 0.999999 0.00013793 0.00166774 -0.000141069 0.999998 0.0174142 0.025381 -0.0265903
FixedParameters: 0 0 0

#Transform 30
Transform: AffineTransform_float_3_3
Parameters: 0.999996 -0.00221832 -0.00167157 0.00221768 0.999997 -0.000194708 0.00167243 0.000190291 0.999998 0.0515194 0.0812033 -0.0238204
FixedParameters: 0 0 0

#Transform 31
Transform: AffineTransform_float_3_3
Parameters: 0.999997 -0.00191386 -0.00155417 0.00191414 0.999998 9.00254e-05 0.00155382 -9.29741e-05 0.999999 0.0209244 0.0430576 0.00402742
FixedParameters: 0 0 0

#Transform 32
Transform: AffineTransform_float_3_3
Parameters: 0.999998 -0.00172725 -0.00155395 0.00172975 0.999998 0.00112732 0.00155205 -0.00113068 0.999998 0.00850032 -0.0782137 0.0438912
FixedParameters: 0 0 0

#Transform 33
Transform: AffineTransform_float_3_3
Parameters: 0.999997 -0.00166349 -0.0016705 0.00166451 0.999998 0.00030122 0.0016705 -0.000303779 0.999998 -0.00487468 -0.00944538 0.0197687
FixedParameters: 0 0 0

#Transform 34
Transform: AffineTransform_float_3_3
Parameters: 0.999997 -0.00149426 -0.0015737 0.00149574 0.999999 0.000467647 0.0015733 -0.000470352 0.999998 -0.0214436 -0.0238904 0.0560199
FixedParameters: 0 0 0

#Transform 35
Transform: AffineTransform_float_3_3
Parameters: 0.999998 -0.00122326 -0.00166528 0.00122474 0.999998 0.00104496 0.00166372 -0.00104704 0.999998 -0.0179733 -0.00267042 0.069242
FixedParameters: 0 0 0

#Transform 36
Transform: AffineTransform_float_3_3
Parameters: 0.999998 -0.00064991 -0.00152289 0.000652089 0.999999 0.00137201 0.00152211 -0.00137299 0.999998 -0.0484176 -0.0408304 0.0977301
FixedParameters: 0 0 0

#Transform 37
Transform: AffineTransform_float_3_3
Parameters: 0.999999 -0.000617861 -0.00134252 0.00061914 1 0.00084817 0.00134247 -0.000848831 0.999998 -0.0488928 0.00564986 0.12097
FixedParameters: 0 0 0

#Transform 38
Transform: AffineTransform_float_3_3
Parameters: 1 8.88108e-05 -0.000637887 -8.8189e-05 0.999999 0.00127106 0.000638112 -0.00127094 0.999999 -0.0748854 -0.0522714 0.201086
FixedParameters: 0 0 0

#Transform 39
Transform: AffineTransform_float_3_3
Parameters: 0.999999 0.000559819 -0.000701347 -0.000559182 0.999999 0.00116639 0.000701653 -0.00116661 0.999999 -0.0954475 0.0294712 0.293862
FixedParameters: 0 0 0

#Transform 40
Transform: AffineTransform_float_3_3
Parameters: 1 0.00055907 -4.81916e-05 -0.00055893 0.999999 0.00144603 4.88082e-05 -0.00144597 0.999999 -0.0995847 0.0578535 0.409796
FixedParameters: 0 0 0

#Transform 41
Transform: AffineTransform_float_3_3
Parameters: 1 0.000153466 0.000311264 -0.000154535 0.999998 0.00171695 -0.000311735 -0.00171705 0.999999 -0.0877883 -0.0223901 0.437512
FixedParameters: 0 0 0

#Transform 42
Transform: AffineTransform_float_3_3
Parameters: 1 6.46971e-05 0.000189104 -6.53027e-05 0.999998 0.00160199 -0.000188896 -0.00160201 0.999998 -0.0998549 0.0759489 0.519046
FixedParameters: 0 0 0

#Transform 43
Transform: AffineTransform_float_3_3
Parameters: 1 -0.000318018 1.04632e-05 0.000317981 0.999998 0.001688 -1.15368e-05 -0.00168799 0.999998 -0.102834 0.0785229 0.569713
FixedParameters: 0 0 0

#Transform 44
Transform: AffineTransform_float_3_3
Parameters: 1 -7.1897e-05 -8.00926e-05 7.21029e-05 0.999999 0.00128699 7.99073e-05 -0.00128701 0.999999 -0.093067 0.105353 0.55564
FixedParameters: 0 0 0

#Transform 45
Transform: AffineTransform_float_3_3
Parameters: 1 -0.000307096 -0.000502554 0.000307905 0.999999 0.00179985 0.000502447 -0.00180016 0.999999 -0.106554 0.0406857 0.58391
FixedParameters: 0 0 0

#Transform 46
Transform: AffineTransform_float_3_3
Parameters: 1 -7.1755e-05 -0.000473037 7.2245e-05 1 0.000517966 0.000472962 -0.000518034 1 -0.114469 0.0932071 0.608565
FixedParameters: 0 0 0

#Transform 47
Transform: AffineTransform_float_3_3
Parameters: 1 -7.18209e-05 -0.000458028 7.21791e-05 1 0.000390967 0.000457972 -0.000391033 1 -0.114272 -0.0280128 0.594735
FixedParameters: 0 0 0

#Transform 48
Transform: AffineTransform_float_3_3
Parameters: 1 -0.000203891 -0.00027808 0.000204109 1 0.000390943 0.00027892 -0.000391057 1 -0.0926758 0.0544168 0.60574
FixedParameters: 0 0 0

#Transform 49
Transform: AffineTransform_float_3_3
Parameters: 1 -0.000294016 -0.000150968 0.000293984 1 -0.000109044 0.000151032 0.000108956 1 -0.0906028 -0.0813359 0.599483
FixedParameters: 0 0 0

#Transform 50
Transform: AffineTransform_float_3_3
Parameters: 1 -0.000294048 -0.000277949 0.000293952 1 -0.000173082 0.000278051 0.000172918 1 -0.0990798 -0.0591276 0.592299
FixedParameters: 0 0 0

#Transform 51
Transform: AffineTransform_float_3_3
Parameters: 0.999999 -0.000544138 -0.000802905 0.000543861 1 -0.000173437 0.000803093 0.000172563 0.999999 -0.0962345 -0.0781188 0.569181
FixedParameters: 0 0 0

#Transform 52
Transform: AffineTransform_float_3_3
Parameters: 1 -0.00112235 -0.000388986 0.00112265 0.999999 -0.000903437 0.000390015 0.000903562 0.999999 -0.052897 0.0570463 0.553256
FixedParameters: 0 0 0

#Transform 53
Transform: AffineTransform_float_3_3
Parameters: 0.999999 -0.00122907 -0.000801357 0.00122793 0.999999 -0.00133799 0.000802643 0.00133702 0.999999 -0.0355014 0.0292748 0.529393
FixedParameters: 0 0 0

#Transform 54
Transform: AffineTransform_float_3_3
Parameters: 1 -0.000978559 -0.000372537 0.000977444 0.999999 -0.00149537 0.000373462 0.00149464 0.999999 -0.056952 0.0527466 0.535509
FixedParameters: 0 0 0

#Transform 55
Transform: AffineTransform_float_3_3
Parameters: 0.999999 -0.000522147 -0.000720169 0.000520853 0.999998 -0.00159137 0.000720829 0.00159162 0.999998 -0.0955492 -0.0967165 0.538239
FixedParameters: 0 0 0

#Transform 56
Transform: AffineTransform_float_3_3
Parameters: 1 -0.000115268 -0.00118078 0.000112731 0.999998 -0.00192114 0.00118122 0.00192087 0.999998 -0.105396 -0.181059 0.5683
FixedParameters: 0 0 0

#Transform 57
Transform: AffineTransform_float_3_3
Parameters: 0.999999 0.00020704 -0.00132347 -0.000209959 0.999997 -0.00223672 0.00132253 0.00223727 0.999996 -0.102443 -0.0879313 0.527368
FixedParameters: 0 0 0

#Transform 58
Transform: AffineTransform_float_3_3
Parameters: 0.999999 -0.000257633 -0.00144953 0.000255366 0.999999 -0.00181637 0.00145047 0.00181563 0.999998 -0.0832258 -0.136219 0.49958
FixedParameters: 0 0 0

#Transform 59
Transform: AffineTransform_float_3_3
Parameters: 1 -0.000256407 -0.00102865 0.000254592 0.999999 -0.00136826 0.00102935 0.00136774 0.999998 -0.0783979 -0.100285 0.482428
FixedParameters: 0 0 0

#Transform 60
Transform: AffineTransform_float_3_3
Parameters: 1 -0.000256497 -0.00111266 0.000254504 0.999999 -0.00134428 0.00111334 0.00134471 0.999998 -0.102193 -0.122065 0.464247
FixedParameters: 0 0 0

#Transform 61
Transform: AffineTransform_float_3_3
Parameters: 0.999999 -0.000256445 -0.000960615 0.000254554 0.999999 -0.00150425 0.000961384 0.00150375 0.999999 -0.10498 -0.127706 0.474265
FixedParameters: 0 0 0

#Transform 62
Transform: AffineTransform_float_3_3
Parameters: 0.999999 -0.000258142 -0.00153047 0.000254856 0.999998 -0.00205339 0.00153153 0.00205261 0.999996 -0.0933929 -0.0765077 0.440755
FixedParameters: 0 0 0

#Transform 63
Transform: AffineTransform_float_3_3
Parameters: 0.999998 -0.000258719 -0.00187149 0.000255281 0.999998 -0.00198648 0.00187251 0.00198652 0.999997 -0.0878584 -0.112357 0.440087
FixedParameters: 0 0 0

#Transform 64
Transform: AffineTransform_float_3_3
Parameters: 0.999999 -0.000357381 -0.00165627 0.000353617 0.999998 -0.00204159 0.00165773 0.00204041 0.999996 -0.084708 -0.0929274 0.458231
FixedParameters: 0 0 0

#Transform 65
Transform: AffineTransform_float_3_3
Parameters: 0.999998 -0.000496596 -0.00201112 0.000492405 0.999999 -0.001788 0.00201188 0.00178701 0.999997 -0.0878203 -0.102291 0.447035
FixedParameters: 0 0 0

#Transform 66
Transform: AffineTransform_float_3_3
Parameters: 0.999999 -0.000684523 -0.00169658 0.00068048 0.999997 -0.00207516 0.00169742 0.00207484 0.999996 -0.092307 -0.101075 0.465016
FixedParameters: 0 0 0

#Transform 67
Transform: AffineTransform_float_3_3
Parameters: 0.999998 -0.000579498 -0.00203773 0.000574502 0.999998 -0.00220718 0.00203927 0.00220583 0.999996 -0.0959507 -0.137555 0.443033
FixedParameters: 0 0 0

#Transform 68
Transform: AffineTransform_float_3_3
Parameters: 0.999997 -0.00111602 -0.00191308 0.00111098 0.999996 -0.00262213 0.00191592 0.00261987 0.999994 -0.0997093 -0.122658 0.48972
FixedParameters: 0 0 0

#Transform 69
Transform: AffineTransform_float_3_3
Parameters: 0.999996 -0.00134277 -0.00222152 0.00133723 0.999995 -0.00259598 0.00222448 0.00259302 0.999994 -0.084391 -0.139063 0.485358
FixedParameters: 0 0 0

#Transform 70
Transform: AffineTransform_float_3_3
Parameters: 0.999997 -0.00153974 -0.0017971 0.00153426 0.999993 -0.00319177 0.0018019 0.00318823 0.999994 -0.0781025 -0.127797 0.492341
FixedParameters: 0 0 0

#Transform 71
Transform: AffineTransform_float_3_3
Parameters: 0.999996 -0.00182031 -0.00209654 0.00181369 0.999994 -0.00300781 0.00210246 0.00300418 0.999994 -0.079453 -0.141921 0.49197
FixedParameters: 0 0 0

#Transform 72
Transform: AffineTransform_float_3_3
Parameters: 0.999997 -0.00173919 -0.00170873 0.00173481 0.999994 -0.00303497 0.00171327 0.00303203 0.999994 -0.0942778 -0.0958496 0.510933
FixedParameters: 0 0 0

#Transform 73
Transform: AffineTransform_float_3_3
Parameters: 0.999996 -0.00170902 -0.0022567 0.00170198 0.999993 -0.00310785 0.0022623 0.00310414 0.999992 -0.0944747 -0.104326 0.474322
FixedParameters: 0 0 0

#Transform 74
Transform: AffineTransform_float_3_3
Parameters: 0.999998 -0.00114606 -0.00199753 0.00113993 0.999994 -0.00303429 0.00200147 0.00303171 0.999994 -0.0829019 -0.109987 0.423739
FixedParameters: 0 0 0

#Transform 75
Transform: AffineTransform_float_3_3
Parameters: 0.999997 -0.00174257 -0.00172038 0.00173743 0.999994 -0.003234 0.00172663 0.003231 0.999994 -0.0756385 -0.1223 0.386082
FixedParameters: 0 0 0

#Transform 76
Transform: AffineTransform_float_3_3
Parameters: 0.999997 -0.00178896 -0.00168671 0.00178304 0.999992 -0.00352602 0.0016933 0.00352298 0.999993 -0.0890841 -0.109971 0.400863
FixedParameters: 0 0 0

#Transform 77
Transform: AffineTransform_float_3_3
Parameters: 0.999996 -0.00175771 -0.0019269 0.00175129 0.999993 -0.00347639 0.0019331 0.00347262 0.999992 -0.097564 -0.118193 0.421611
FixedParameters: 0 0 0

#Transform 78
Transform: AffineTransform_float_3_3
Parameters: 0.999998 -0.00135064 -0.00160627 0.00134536 0.999993 -0.00350717 0.00161073 0.00350483 0.999992 -0.101547 -0.103686 0.430128
FixedParameters: 0 0 0

#Transform 79
Transform: AffineTransform_float_3_3
Parameters: 0.999999 0.000132446 -0.00101047 -0.000135556 0.999994 -0.00351787 0.00101053 0.00351814 0.999994 -0.122184 -0.115162 0.449578
FixedParameters: 0 0 0

#Transform 80
Transform: AffineTransform_float_3_3
Parameters: 1 0.000385202 -0.000976507 -0.000388796 0.999993 -0.00389162 0.000974495 0.00389238 0.999992 -0.103742 -0.0572804 0.41449
FixedParameters: 0 0 0

#Transform 81
Transform: AffineTransform_float_3_3
Parameters: 1 0.000386972 -0.000587341 -0.000389027 0.999994 -0.00345677 0.000585659 0.00345623 0.999994 -0.0891688 -0.0967347 0.342517
FixedParameters: 0 0 0

#Transform 82
Transform: AffineTransform_float_3_3
Parameters: 0.999999 0.000386204 -0.000775399 -0.000388798 0.999994 -0.0036087 0.000774602 0.0036093 0.999993 -0.0911884 -0.0984083 0.323097
FixedParameters: 0 0 0

#Transform 83
Transform: AffineTransform_float_3_3
Parameters: 1 0.000387619 -0.000429251 -0.00038938 0.999994 -0.00322083 0.000427748 0.00322116 0.999994 -0.0976608 -0.19021 0.35927
FixedParameters: 0 0 0

#Transform 84
Transform: AffineTransform_float_3_3
Parameters: 1 0.000389095 2.87352e-05 -0.000388907 0.999994 -0.00325101 -2.92645e-05 0.00325099 0.999994 -0.0895165 -0.164036 0.356438
FixedParameters: 0 0 0

#Transform 85
Transform: AffineTransform_float_3_3
Parameters: 1 0.000388772 -7.6176e-05 -0.000389228 0.999996 -0.00302397 7.48233e-05 0.00302403 0.999996 -0.0936186 -0.178518 0.32733
FixedParameters: 0 0 0

#Transform 86
Transform: AffineTransform_float_3_3
Parameters: 1 0.000497088 2.85099e-05 -0.000496914 0.999996 -0.00299802 -2.94899e-05 0.00299799 0.999996 -0.107573 -0.114766 0.321744
FixedParameters: 0 0 0

#Transform 87
Transform: AffineTransform_float_3_3
Parameters: 1 0.00066709 2.79281e-05 -0.00066691 0.999995 -0.00310602 -3.00716e-05 0.00310598 0.999995 -0.114643 -0.0995608 0.283627
FixedParameters: 0 0 0

#Transform 88
Transform: AffineTransform_float_3_3
Parameters: 1 0.000627105 2.7725e-05 -0.000626898 0.999993 -0.00362802 -2.92746e-05 0.00362798 0.999993 -0.116929 -0.0623147 0.289577
FixedParameters: 0 0 0

#Transform 89
Transform: AffineTransform_float_3_3
Parameters: 0.999999 0.000714834 -4.09991e-05 -0.000715165 0.999991 -0.00419497 3.80009e-05 0.00419403 0.999991 -0.10547 -0.0340591 0.227237
FixedParameters: 0 0 0

#Transform 90
Transform: AffineTransform_float_3_3
Parameters: 1 0.000581673 0.000792045 -0.000578324 0.999994 -0.00337046 -0.000794954 0.00336954 0.999994 -0.0665782 -0.0571793 0.24363
FixedParameters: 0 0 0

#Transform 91
Transform: AffineTransform_float_3_3
Parameters: 1 0.000475357 0.000810623 -0.000472645 0.999995 -0.00290538 -0.000811377 0.00290462 0.999996 -0.0450103 -0.0990499 0.242562
FixedParameters: 0 0 0

#Transform 92
Transform: AffineTransform_float_3_3
Parameters: 0.999999 0.000459847 0.000647692 -0.000458155 0.999996 -0.0028493 -0.000648308 0.0028497 0.999995 -0.0468649 -0.17971 0.268282
FixedParameters: 0 0 0

#Transform 93
Transform: AffineTransform_float_3_3
Parameters: 1 0.000431993 0.0004761 -0.000431007 0.999997 -0.0020842 -0.000476899 0.00208379 0.999997 -0.0485715 -0.187045 0.249786
FixedParameters: 0 0 0

#Transform 94
Transform: AffineTransform_float_3_3
Parameters: 1 0.000343779 0.000298104 -0.000343221 0.999996 -0.0026101 -0.000298897 0.0026109 0.999996 -0.0648799 -0.145025 0.223938
FixedParameters: 0 0 0

#Transform 95
Transform: AffineTransform_float_3_3
Parameters: 0.999999 0.000792062 0.000476237 -0.000790938 0.999997 -0.00222738 -0.000477762 0.00222662 0.999998 -0.0544904 -0.154578 0.231153
FixedParameters: 0 0 0

#Transform 96
Transform: AffineTransform_float_3_3
Parameters: 0.999999 0.000791481 0.000320815 -0.000791518 0.999998 -0.00149725 -0.000322186 0.00149774 0.999999 -0.0607534 -0.0734463 0.229491
FixedParameters: 0 0 0

#Transform 97
Transform: AffineTransform_float_3_3
Parameters: 0.999999 0.000791646 0.000239878 -0.000791353 0.999996 -0.00268219 -0.000242123 0.00268181 0.999997 -0.0763612 -0.0348907 0.244664
FixedParameters: 0 0 0

#Transform 98
Transform: AffineTransform_float_3_3
Parameters: 0.999999 0.000791377 0.000185397 -0.000791621 0.999997 -0.00202615 -0.000187604 0.00202585 0.999998 -0.0542867 -0.054661 0.225934
FixedParameters: 0 0 0

#Transform 99
Transform: AffineTransform_float_3_3
Parameters: 0.999999 0.000790398 -0.000216211 -0.0007916 0.999996 -0.00279583 0.000213787 0.00279617 0.999996 -0.0654491 0.022448 0.225158
FixedParameters: 0 0 0

#Transform 100
Transform: AffineTransform_float_3_3
Parameters: 1 0.000197254 -0.000214688 -0.000197743 0.999994 -0.00347996 0.000213313 0.00348004 0.999994 -0.0368248 0.00232354 0.206401
FixedParameters: 0 0 0

#Transform 101
Transform: AffineTransform_float_3_3
Parameters: 0.999999 0.000789782 -0.000433226 -0.000791219 0.999995 -0.00281666 0.000431773 0.00281734 0.999996 -0.0744002 -0.117892 0.265282
FixedParameters: 0 0 0

#Transform 102
Transform: AffineTransform_float_3_3
Parameters: 0.999999 0.000790342 -0.000156359 -0.000791655 0.99999 -0.00424788 0.000152638 0.00424812 0.999991 -0.0700549 -0.10326 0.228148
FixedParameters: 0 0 0

#Transform 103
Transform: AffineTransform_float_3_3
Parameters: 1 0.000198613 -0.000428645 -0.000199388 0.999994 -0.00323791 0.000428356 0.00323808 0.999994 -0.061968 -0.180801 0.250224
FixedParameters: 0 0 0

#Transform 104
Transform: AffineTransform_float_3_3
Parameters: 1 0.000827006 -0.000692389 -0.000828997 0.999996 -0.00288543 0.00069061 0.00288657 0.999995 -0.0858675 -0.164696 0.250094
FixedParameters: 0 0 0

#Transform 105
Transform: AffineTransform_float_3_3
Parameters: 0.999999 0.000803395 -0.000652978 -0.000804603 0.999996 -0.00245947 0.000651022 0.00246052 0.999997 -0.12256 -0.11769 0.269463
FixedParameters: 0 0 0

#Transform 106
Transform: AffineTransform_float_3_3
Parameters: 1 0.000544216 -0.000340257 -0.000545783 0.999997 -0.00230782 0.000338741 0.00230819 0.999998 -0.0901594 -0.125245 0.28725
FixedParameters: 0 0 0

#Transform 107
Transform: AffineTransform_float_3_3
Parameters: 0.999999 0.000543477 -0.000506638 -0.000545524 0.999996 -0.00300973 0.00050536 0.00301028 0.999996 -0.0575216 -0.00704314 0.271989
FixedParameters: 0 0 0

#Transform 108
Transform: AffineTransform_float_3_3
Parameters: 0.999999 0.000543308 -0.000566628 -0.000545694 0.999996 -0.00299169 0.00056537 0.00299131 0.999996 -0.092899 0.00602419 0.225603
FixedParameters: 0 0 0

#Transform 109
Transform: AffineTransform_float_3_3
Parameters: 0.999999 0.000543306 -0.000610512 -0.000545693 0.999996 -0.00277867 0.000608486 0.00277833 0.999996 -0.0961845 -0.0661985 0.235922
FixedParameters: 0 0 0

#Transform 110
Transform: AffineTransform_float_3_3
Parameters: 1 0.000541849 -0.000970767 -0.000545149 0.999994 -0.00324947 0.000968234 0.00324953 0.999995 -0.0780785 -0.0231345 0.274807
FixedParameters: 0 0 0

#Transform 111
Transform: AffineTransform_float_3_3
Parameters: 0.999999 0.00113957 -0.000650277 -0.00114243 0.999993 -0.00374926 0.000645721 0.00374974 0.999993 -0.123195 0.0296995 0.267565
FixedParameters: 0 0 0

#Transform 112
Transform: AffineTransform_float_3_3
Parameters: 0.999999 0.00100392 -0.000738835 -0.00100608 0.999995 -0.00282026 0.000736164 0.00282174 0.999995 -0.100984 -0.12747 0.273035
FixedParameters: 0 0 0

#Transform 113
Transform: AffineTransform_float_3_3
Parameters: 1 -8.82832e-06 -0.000269974 8.1716e-06 0.999996 -0.003068 0.000270026 0.003068 0.999996 -0.0407354 -0.0931889 0.272084
FixedParameters: 0 0 0

#Transform 114
Transform: AffineTransform_float_3_3
Parameters: 0.999999 0.000596191 -0.000588836 -0.000597809 0.999995 -0.00307565 0.000587164 0.00307635 0.999995 -0.0950274 -0.129132 0.274375
FixedParameters: 0 0 0

#Transform 115
Transform: AffineTransform_float_3_3
Parameters: 1 0.000597498 -0.000204471 -0.000597502 0.999997 -0.00246088 0.00020353 0.00246112 0.999997 -0.0714104 -0.139096 0.283481
FixedParameters: 0 0 0

#Transform 116
Transform: AffineTransform_float_3_3
Parameters: 0.999999 -0.000327907 -0.000875917 0.000325092 0.999995 -0.00331729 0.000877083 0.00331672 0.999994 -0.029224 -0.0698597 0.287372
FixedParameters: 0 0 0

#Transform 117
Transform: AffineTransform_float_3_3
Parameters: 1 0.000277389 -0.00045798 -0.000279611 0.999994 -0.00352187 0.000457018 0.00352213 0.999993 -0.0866284 -0.0101458 0.250778
FixedParameters: 0 0 0

#Transform 118
Transform: AffineTransform_float_3_3
Parameters: 1 0.000275223 -0.00108197 -0.000279773 0.999994 -0.0034917 0.00108003 0.0034923 0.999994 -0.0935673 -0.0597486 0.176027
FixedParameters: 0 0 0

#Transform 119
Transform: AffineTransform_float_3_3
Parameters: 0.999999 -0.000126432 -0.000876511 0.000122566 0.999993 -0.00391411 0.000877486 0.00391389 0.999992 -0.0388641 -0.0233338 0.242479
FixedParameters: 0 0 0

#Transform 120
Transform: AffineTransform_float_3_3
Parameters: 1 0.000252939 -0.000279962 -0.000254061 0.999993 -0.00379593 0.000279037 0.00379607 0.999993 -0.0883609 -0.0733176 0.28057
FixedParameters: 0 0 0

#Transform 121
Transform: AffineTransform_float_3_3
Parameters: 0.999999 0.000800469 -0.000175441 -0.00080153 0.999995 -0.00304886 0.000172557 0.00304914 0.999996 -0.108442 -0.0574684 0.286605
FixedParameters: 0 0 0

#Transform 122
Transform: AffineTransform_float_3_3
Parameters: 1 0.000368636 -0.000338491 -0.000370362 0.999992 -0.00403787 0.000336507 0.00403812 0.999992 -0.089776 -0.0424444 0.249876
FixedParameters: 0 0 0

#Transform 123
Transform: AffineTransform_float_3_3
Parameters: 0.999999 0.000742184 -0.00032686 -0.000742817 0.999997 -0.00250476 0.000325141 0.00250424 0.999997 -0.0923316 -0.0629357 0.292128
FixedParameters: 0 0 0

#Transform 124
Transform: AffineTransform_float_3_3
Parameters: 1 0.000799244 -0.000657142 -0.000801756 0.999996 -0.00267648 0.000654856 0.00267753 0.999996 -0.11784 -0.0532593 0.272349
FixedParameters: 0 0 0

#Transform 125
Transform: AffineTransform_float_3_3
Parameters: 1 0.000693899 -0.000898404 -0.0006971 0.999994 -0.00345637 0.000895596 0.00345662 0.999993 -0.0632417 0.00872149 0.242948
FixedParameters: 0 0 0

#Transform 126
Transform: AffineTransform_float_3_3
Parameters: 1 0.000526695 -0.000974794 -0.000530307 0.999994 -0.00339448 0.000973206 0.00339451 0.999994 -0.0731959 -0.0495181 0.21179
FixedParameters: 0 0 0

#Transform 127
Transform: AffineTransform_float_3_3
Parameters: 0.999999 0.000987207 -0.000867191 -0.000989794 0.999995 -0.00322715 0.00086381 0.00322786 0.999995 -0.112893 -0.112773 0.258276
FixedParameters: 0 0 0

#Transform 128
Transform: AffineTransform_float_3_3
Parameters: 0.999999 0.000292485 -0.000943096 -0.000296514 0.999993 -0.00372872 0.0009419 0.00372928 0.999992 -0.0528834 -0.089176 0.266363
FixedParameters: 0 0 0

#Transform 129
Transform: AffineTransform_float_3_3
Parameters: 0.999999 0.000292969 -0.000865032 -0.000296031 0.999994 -0.00350574 0.000863967 0.00350625 0.999993 -0.0725559 -0.0744218 0.270263
FixedParameters: 0 0 0

#Transform 130
Transform: AffineTransform_float_3_3
Parameters: 1 0.000668261 -0.000866121 -0.000670739 0.999995 -0.00316642 0.000863881 0.00316658 0.999994 -0.112251 -0.124451 0.277994
FixedParameters: 0 0 0

#Transform 131
Transform: AffineTransform_float_3_3
Parameters: 1 0.000453664 -0.000926641 -0.000456335 0.999994 -0.00360358 0.000924362 0.00360442 0.999993 -0.0676942 -0.0242171 0.306989
FixedParameters: 0 0 0

#Transform 132
Transform: AffineTransform_float_3_3
Parameters: 0.999999 0.000453401 -0.000865366 -0.000456597 0.999996 -0.00300461 0.000863631 0.00300539 0.999995 -0.0703351 -0.095491 0.327562
FixedParameters: 0 0 0

#Transform 133
Transform: AffineTransform_float_3_3
Parameters: 1 0.000837209 -0.000866706 -0.000839794 0.999995 -0.00322628 0.000864296 0.00322673 0.999995 -0.117034 -0.0529951 0.344863
FixedParameters: 0 0 0

#Transform 134
Transform: AffineTransform_float_3_3
Parameters: 0.999999 0.000507716 -0.000865344 -0.000509283 0.999997 -0.00264156 0.000863658 0.00264144 0.999996 -0.106181 -0.10483 0.315102
FixedParameters: 0 0 0

#Transform 135
Transform: AffineTransform_float_3_3
Parameters: 1 0.000507212 -0.000865641 -0.00050979 0.999994 -0.00322456 0.000864362 0.00322444 0.999995 -0.114872 -0.0025839 0.347993
FixedParameters: 0 0 0

#Transform 136
Transform: AffineTransform_float_3_3
Parameters: 0.999999 3.21164e-05 -0.0013081 -3.58833e-05 0.999995 -0.00296895 0.0013079 0.00296904 0.999994 -0.0692642 0.00222836 0.294895
FixedParameters: 0 0 0

#Transform 137
Transform: AffineTransform_float_3_3
Parameters: 1 0.000825935 -0.000868925 -0.000829067 0.999994 -0.00353428 0.000866076 0.00353472 0.999994 -0.103134 -0.0708374 0.32547
FixedParameters: 0 0 0

#Transform 138
Transform: AffineTransform_float_3_3
Parameters: 0.999999 -0.000114644 -0.00178653 0.000107354 0.999991 -0.0042782 0.00178748 0.0042778 0.99999 -0.0299824 -0.0570133 0.277246
FixedParameters: 0 0 0

#Transform 139
Transform: AffineTransform_float_3_3
Parameters: 0.999999 0.000965426 -0.00100843 -0.000968577 0.999993 -0.00355003 0.00100557 0.00355098 0.999993 -0.0895177 -0.107076 0.297472
FixedParameters: 0 0 0

#Transform 140
Transform: AffineTransform_float_3_3
Parameters: 0.999999 0.000779682 -0.00106717 -0.000783318 0.999992 -0.00405217 0.00106383 0.00405284 0.999991 -0.0525118 -0.112195 0.315711
FixedParameters: 0 0 0

#Transform 141
Transform: AffineTransform_float_3_3
Parameters: 0.999999 0.000965371 -0.00106729 -0.000968631 0.999993 -0.00340497 0.00106471 0.00340603 0.999993 -0.0683644 -0.17292 0.340482
FixedParameters: 0 0 0

#Transform 142
Transform: AffineTransform_float_3_3
Parameters: 0.999999 0.000965216 -0.00106743 -0.000968786 0.999993 -0.00354997 0.00106457 0.00355103 0.999993 -0.0948046 -0.166459 0.354098
FixedParameters: 0 0 0

#Transform 143
Transform: AffineTransform_float_3_3
Parameters: 0.999999 0.000367311 -0.00142248 -0.000373686 0.999992 -0.00400047 0.00142052 0.00400153 0.999991 -0.067552 -0.0991528 0.35222
FixedParameters: 0 0 0

#Transform 144
Transform: AffineTransform_float_3_3
Parameters: 0.999999 0.000796733 -0.00117391 -0.000801268 0.999993 -0.00363906 0.00117109 0.00363994 0.999992 -0.109789 -0.113723 0.336071
FixedParameters: 0 0 0

#Transform 145
Transform: AffineTransform_float_3_3
Parameters: 0.999999 0.000363707 -0.00153251 -0.000370292 0.999992 -0.00410844 0.00153049 0.00410857 0.999991 -0.0631626 -0.00602047 0.355695
FixedParameters: 0 0 0

#Transform 146
Transform: AffineTransform_float_3_3
Parameters: 0.999999 0.000553327 -0.00142882 -0.00055867 0.999995 -0.00327221 0.00142618 0.00327279 0.999993 -0.0885235 -0.0618605 0.364662
FixedParameters: 0 0 0

#Transform 147
Transform: AffineTransform_float_3_3
Parameters: 0.999999 0.00096371 -0.000895553 -0.000967287 0.999993 -0.00368014 0.000891446 0.00368086 0.999993 -0.0756619 -0.0018636 0.394587
FixedParameters: 0 0 0

#Transform 148
Transform: AffineTransform_float_3_3
Parameters: 0.999999 0.000454874 -0.00150855 -0.000459124 0.999994 -0.00339931 0.00150645 0.00339969 0.999993 -0.0790963 -0.0380919 0.35493
FixedParameters: 0 0 0

#Transform 149
Transform: AffineTransform_float_3_3
Parameters: 0.999999 0.000808336 -0.000986014 -0.000811663 0.999992 -0.0037202 0.000982986 0.0037218 0.999992 -0.105895 -0.0430228 0.382074
FixedParameters: 0 0 0

#Transform 150
Transform: AffineTransform_float_3_3
Parameters: 0.999998 0.000187367 -0.00157868 -0.00019363 0.999993 -0.0035687 0.00157732 0.0035693 0.999993 -0.0689557 -0.0692275 0.333378
FixedParameters: 0 0 0

#Transform 151
Transform: AffineTransform_float_3_3
Parameters: 0.999999 0.000949602 -0.000785907 -0.000951399 0.999995 -0.00305725 0.000783095 0.00305775 0.999995 -0.0994571 -0.1826 0.403189
FixedParameters: 0 0 0

#Transform 152
Transform: AffineTransform_float_3_3
Parameters: 1 0.000492444 -0.00109461 -0.000495558 0.999994 -0.00325146 0.0010934 0.00325154 0.999994 -0.0755213 -0.104921 0.379447
FixedParameters: 0 0 0

#Transform 153
Transform: AffineTransform_float_3_3
Parameters: 1 0.000729969 -0.000909442 -0.000733034 0.999994 -0.00333734 0.000907559 0.00333767 0.999994 -0.0864776 -0.0439768 0.402365
FixedParameters: 0 0 0

#Transform 154
Transform: AffineTransform_float_3_3
Parameters: 0.999999 0.000417422 -0.000908188 -0.000420579 0.999996 -0.00283962 0.000907808 0.00284038 0.999995 -0.0731326 -0.0949198 0.378782
FixedParameters: 0 0 0

#Transform 155
Transform: AffineTransform_float_3_3
Parameters: 0.999999 0.00105876 -0.00100144 -0.00106224 0.999994 -0.00324094 0.000998562 0.00324206 0.999994 -0.0884443 -0.0670566 0.343728
FixedParameters: 0 0 0

#Transform 156
Transform: AffineTransform_float_3_3
Parameters: 0.999999 0.000414643 -0.00132569 -0.000420358 0.999991 -0.00404345 0.00132431 0.00404355 0.999991 -0.0604503 -0.0434237 0.302359
FixedParameters: 0 0 0

#Transform 157
Transform: AffineTransform_float_3_3
Parameters: 0.999999 0.00163168 -0.000759015 -0.00163432 0.999994 -0.00307076 0.000753985 0.00307124 0.999995 -0.0922989 -0.0957473 0.290415
FixedParameters: 0 0 0

#Transform 158
Transform: AffineTransform_float_3_3
Parameters: 0.999999 0.00118148 -0.000663504 -0.00118352 0.999992 -0.00380722 0.000659499 0.00380778 0.999993 -0.0905977 -0.0768416 0.318404
FixedParameters: 0 0 0

#Transform 159
Transform: AffineTransform_float_3_3
Parameters: 0.999999 0.00100433 -0.00113027 -0.00100767 0.999994 -0.00325087 0.00112773 0.00325214 0.999994 -0.106596 -0.163897 0.303315
FixedParameters: 0 0 0

#Transform 160
Transform: AffineTransform_float_3_3
Parameters: 0.999999 0.000723787 -0.000284108 -0.000725211 0.99999 -0.00429079 0.00028089 0.0042912 0.999991 -0.0966708 -0.138218 0.330022
FixedParameters: 0 0 0

#Transform 161
Transform: AffineTransform_float_3_3
Parameters: 0.999999 0.000724033 -0.000345036 -0.000724969 0.999996 -0.00281075 0.000343964 0.00281025 0.999996 -0.106072 -0.166289 0.303634
FixedParameters: 0 0 0

#Transform 162
Transform: AffineTransform_float_3_3
Parameters: 0.999999 0.000724899 -3.04902e-05 -0.000725102 0.999994 -0.00343498 2.85094e-05 0.00343502 0.999994 -0.102485 -0.0905229 0.325197
FixedParameters: 0 0 0

#Transform 163
Transform: AffineTransform_float_3_3
Parameters: 0.999999 0.00081251 0.000220124 -0.000812489 0.999997 -0.00231018 -0.000221877 0.00230982 0.999998 -0.100282 -0.130526 0.326894
FixedParameters: 0 0 0

#Transform 164
Transform: AffineTransform_float_3_3
Parameters: 0.999999 0.000724661 -8.97811e-05 -0.00072434 0.999993 -0.00383694 8.72213e-05 0.00383706 0.999992 -0.0806697 0.00733462 0.267405
FixedParameters: 0 0 0

#Transform 165
Transform: AffineTransform_float_3_3
Parameters: 0.999999 0.000913331 -0.00088576 -0.00091567 0.999995 -0.00301719 0.00088324 0.00301881 0.999995 -0.114526 -0.05808 0.207196
FixedParameters: 0 0 0

#Transform 166
Transform: AffineTransform_float_3_3
Parameters: 0.999999 0.000879428 -0.000892533 -0.000883573 0.999991 -0.00400921 0.000889464 0.00400978 0.999991 -0.094536 -0.0897202 0.163305
FixedParameters: 0 0 0

#Transform 167
Transform: AffineTransform_float_3_3
Parameters: 1 0.000880573 -0.000701059 -0.000883426 0.999993 -0.00346838 0.000697939 0.00346961 0.999993 -0.0757649 -0.21075 0.194257
FixedParameters: 0 0 0

#Transform 168
Transform: AffineTransform_float_3_3
Parameters: 0.999999 0.000657029 -0.0012481 -0.000660971 0.999994 -0.00318418 0.0012459 0.00318482 0.999994 -0.0798114 -0.229589 0.252931
FixedParameters: 0 0 0

#Transform 169
Transform: AffineTransform_float_3_3
Parameters: 0.999999 0.000734386 -0.00110541 -0.000738614 0.999995 -0.00327319 0.00110259 0.00327381 0.999994 -0.0791686 -0.09826 0.298129
FixedParameters: 0 0 0

#Transform 170
Transform: AffineTransform_float_3_3
Parameters: 0.999999 0.00106111 -0.000627201 -0.00106288 0.999995 -0.00301334 0.0006238 0.00301366 0.999996 -0.123351 -0.273003 0.372767
FixedParameters: 0 0 0

#Transform 171
Transform: AffineTransform_float_3_3
Parameters: 0.999999 0.0011133 -0.000678454 -0.0011167 0.999992 -0.00399525 0.000674544 0.00399576 0.999992 -0.143918 -0.0655507 0.375673
FixedParameters: 0 0 0

#Transform 172
Transform: AffineTransform_float_3_3
Parameters: 0.999999 0.00131647 -0.000678928 -0.00131853 0.999992 -0.00373911 0.000674074 0.00373989 0.999993 -0.129645 -0.112432 0.305292
FixedParameters: 0 0 0

#Transform 173
Transform: AffineTransform_float_3_3
Parameters: 0.999999 0.00112875 -0.000677754 -0.00113125 0.999994 -0.00332224 0.000674246 0.00332276 0.999995 -0.128234 -0.124326 0.28578
FixedParameters: 0 0 0

#Transform 174
Transform: AffineTransform_float_3_3
Parameters: 1 0.00112966 -0.000395841 -0.00113134 0.999993 -0.00339755 0.000391159 0.00339744 0.999994 -0.109135 -0.133978 0.284058
FixedParameters: 0 0 0

#Transform 175
Transform: AffineTransform_float_3_3
Parameters: 0.999999 0.00112949 -0.000482547 -0.00113151 0.999995 -0.00313746 0.000479451 0.00313855 0.999995 -0.106857 -0.131031 0.241573
FixedParameters: 0 0 0

#Transform 176
Transform: AffineTransform_float_3_3
Parameters: 0.999999 0.00120126 -0.000474438 -0.00120274 0.999993 -0.00369143 0.000469564 0.00369157 0.999993 -0.0983859 -0.137448 0.233638
FixedParameters: 0 0 0

#Transform 177
Transform: AffineTransform_float_3_3
Parameters: 1 0.00112999 -0.000295881 -0.00113101 0.999994 -0.00343267 0.00029212 0.00343233 0.999994 -0.0958169 -0.16671 0.201641
FixedParameters: 0 0 0

#Transform 178
Transform: AffineTransform_float_3_3
Parameters: 1 0.00112972 -0.000384782 -0.00113128 0.999994 -0.00334557 0.000381218 0.00334543 0.999995 -0.0968636 -0.165835 0.251318
FixedParameters: 0 0 0

#Transform 179
Transform: AffineTransform_float_3_3
Parameters: 0.999999 0.00098207 -0.000839264 -0.000983929 0.999997 -0.00230218 0.000836737 0.00230282 0.999997 -0.0824327 -0.168152 0.222321
FixedParameters: 0 0 0

#Transform 180
Transform: AffineTransform_float_3_3
Parameters: 0.999999 0.000542215 -0.000548768 -0.000544785 0.999994 -0.0032567 0.000547228 0.00325729 0.999994 -0.0759531 -0.125543 0.256854
FixedParameters: 0 0 0

#Transform 181
Transform: AffineTransform_float_3_3
Parameters: 0.999999 5.87678e-05 -0.000995196 -6.22314e-05 0.999994 -0.00324794 0.000994803 0.00324806 0.999994 -0.0375897 -0.123573 0.226221
FixedParameters: 0 0 0

#Transform 182
Transform: AffineTransform_float_3_3
Parameters: 0.999999 0.000636768 -0.000625282 -0.000639231 0.999994 -0.0035766 0.000622718 0.0035764 0.999994 -0.0488962 -0.0612642 0.245528
FixedParameters: 0 0 0

#Transform 183
Transform: AffineTransform_float_3_3
Parameters: 1 0.000127753 -0.00113649 -0.000132245 0.999993 -0.00373785 0.00113551 0.00373815 0.999993 -0.0196443 -0.0987559 0.193671
FixedParameters: 0 0 0

#Transform 184
Transform: AffineTransform_float_3_3
Parameters: 0.999999 0.000511104 -0.000580562 -0.000513898 0.999988 -0.00499871 0.000578438 0.0049993 0.999988 -0.0167167 -0.0747919 0.167865
FixedParameters: 0 0 0

#Transform 185
Transform: AffineTransform_float_3_3
Parameters: 0.999999 0.000511342 -0.000731864 -0.000513655 0.999994 -0.00363663 0.000729137 0.00363638 0.999993 -4.72833e-05 -0.109989 0.135086
FixedParameters: 0 0 0

#Transform 186
Transform: AffineTransform_float_3_3
Parameters: 0.999998 0.0016164 0.000703235 -0.0016136 0.999987 -0.00480914 -0.000711767 0.00480786 0.999988 -0.0188122 -0.147517 0.129115
FixedParameters: 0 0 0

#Transform 187
Transform: AffineTransform_float_3_3
Parameters: 0.999998 0.00148277 0.000705204 -0.00148023 0.999991 -0.00391305 -0.000711797 0.00391195 0.999992 -0.00971738 -0.272292 0.122634
FixedParameters: 0 0 0

#Transform 188
Transform: AffineTransform_float_3_3
