#Insight Transform File V1.0
#Transform 0
Transform: AffineTransform_float_3_3
Parameters: 1 -0.00020187 0.000322457 0.000201132 0.999997 0.00269507 -0.000322543 -0.00269494 0.999997 -0.00106268 0.109743 0.05701
FixedParameters: 0 0 0

#Transform 1
Transform: AffineTransform_float_3_3
Parameters: 1 -0.000168583 0.000249607 0.000167416 0.999998 0.00233404 -0.000250391 -0.00233396 0.999997 -0.00474935 0.0976608 0.0411423
FixedParameters: 0 0 0

#Transform 2
Transform: AffineTransform_float_3_3
Parameters: 1 -0.000330719 -0.000125743 0.000331282 0.999998 0.00224596 0.000125256 -0.00224604 0.999998 0.000295731 0.0827922 0.0493997
FixedParameters: 0 0 0

#Transform 3
Transform: AffineTransform_float_3_3
Parameters: 1 -0.000482321 -0.000336973 0.000482676 0.999998 0.00201584 0.000335027 -0.00201616 0.999998 -0.00860771 0.0746596 0.033831
FixedParameters: 0 0 0

#Transform 4
Transform: AffineTransform_float_3_3
Parameters: 1 0.000154292 -0.000266831 -0.000153708 1 0.00109404 0.000267168 -0.00109396 1 -0.0120208 0.0985012 0.043178
FixedParameters: 0 0 0

#Transform 5
Transform: AffineTransform_float_3_3
Parameters: 1 0.000113794 -0.000535832 -0.000113205 0.999999 0.00148206 0.000536168 -0.00148194 0.999999 -0.0115727 0.0938227 0.0319294
FixedParameters: 0 0 0

#Transform 6
Transform: AffineTransform_float_3_3
Parameters: 1 0.000131683 -0.000535832 -0.000131316 0.999999 0.00127507 0.000536168 -0.00127493 0.999999 -0.0127095 0.00419066 0.0464034
FixedParameters: 0 0 0

#Transform 7
Transform: AffineTransform_float_3_3
Parameters: 1 5.74462e-05 -0.000270906 -5.65536e-05 0.999998 0.00164701 0.000271093 -0.00164698 0.999998 -0.00185253 0.017956 0.0369952
FixedParameters: 0 0 0

#Transform 8
Transform: AffineTransform_float_3_3
Parameters: 1 3.44696e-05 -0.000350954 -3.45303e-05 0.999999 0.00133801 0.000351047 -0.00133799 0.999999 -0.00684008 -0.0223101 0.0330431
FixedParameters: 0 0 0

#Transform 9
Transform: AffineTransform_float_3_3
Parameters: 1 -9.4234e-05 0.000269918 9.37658e-05 0.999999 0.000867025 -0.000270081 -0.000866974 0.999999 0.000913682 -0.0249422 0.00640638
FixedParameters: 0 0 0

#Transform 10
Transform: AffineTransform_float_3_3
Parameters: 1 0.000149701 0.000293153 -0.0001503 1 0.00102096 -0.000293847 -0.00102104 1 -0.00538267 0.0184803 0.00975197
FixedParameters: 0 0 0

#Transform 11
Transform: AffineTransform_float_3_3
Parameters: 1 0.000125555 0.000449125 -0.000125444 1 0.000989945 -0.000448876 -0.000990057 1 0.00484192 0.0539997 0.0113076
FixedParameters: 0 0 0

#Transform 12
Transform: AffineTransform_float_3_3
Parameters: 1 0.000155924 0.000125095 -0.000156076 1 0.00060798 -0.000124905 -0.000608019 1 -0.0178603 0.068832 0.00481828
FixedParameters: 0 0 0

#Transform 13
Transform: AffineTransform_float_3_3
Parameters: 1 0.000146869 0.000125154 -0.000146131 1 0.00104898 -0.000124847 -0.00104902 1 -0.0177739 0.0514973 0.0329753
FixedParameters: 0 0 0

#Transform 14
Transform: AffineTransform_float_3_3
Parameters: 1 0.000148009 0.000374996 -0.000147991 1 -2.40555e-05 -0.000375003 2.39445e-05 1 -0.00739932 0.0671616 0.029152
FixedParameters: 0 0 0

#Transform 15
Transform: AffineTransform_float_3_3
Parameters: 1 4.0945e-05 -0.00022101 -4.1055e-05 1 -0.000248991 0.00022099 0.000249009 1 0.0111982 0.0226304 0.0367959
FixedParameters: 0 0 0

#Transform 16
Transform: AffineTransform_float_3_3
Parameters: 1 -9.80486e-05 -0.000277983 9.79513e-05 1 -0.000175027 0.000278017 0.000174973 1 0.00057512 0.00815226 0.0453847
FixedParameters: 0 0 0

#Transform 17
Transform: AffineTransform_float_3_3
Parameters: 1 2.61195e-05 -0.000277989 -2.58805e-05 1 0.000430007 0.000278011 -0.000429993 1 0.011715 -0.0991001 0.0166163
FixedParameters: 0 0 0

#Transform 18
Transform: AffineTransform_float_3_3
Parameters: 1 -9.79469e-05 -0.000278019 9.80531e-05 1 0.000190973 0.000277981 -0.000191027 1 0.00987096 -0.0745232 0.0247287
FixedParameters: 0 0 0

#Transform 19
Transform: AffineTransform_float_3_3
Parameters: 1 -9.79135e-05 -0.00027803 9.80864e-05 1 0.000310973 0.000277969 -0.000311027 1 0.0022508 -0.0516475 0.0100522
FixedParameters: 0 0 0

#Transform 20
Transform: AffineTransform_float_3_3
Parameters: 1 -9.78629e-05 -0.000278048 9.8137e-05 1 0.000492973 0.000277952 -0.000493027 1 -0.00241524 0.00504326 -0.00257373
FixedParameters: 0 0 0

#Transform 21
Transform: AffineTransform_float_3_3
Parameters: 1 -2.81272e-05 0.000290988 2.78728e-05 1 0.000437008 -0.000291012 -0.000436992 1 -0.00129651 0.0197869 0.00913005
FixedParameters: 0 0 0

#Transform 22
Transform: AffineTransform_float_3_3
Parameters: 1 4.5181e-05 0.000356977 -4.4819e-05 1 -0.000507016 -0.000357023 0.000506984 1 -0.00208376 0.0529316 -0.00723377
FixedParameters: 0 0 0

#Transform 23
Transform: AffineTransform_float_3_3
Parameters: 1 9.91688e-05 0.00033295 -9.98311e-05 1 -0.000507033 -0.000333051 0.000506967 1 -0.00161711 0.0411095 -0.00475538
FixedParameters: 0 0 0

#Transform 24
Transform: AffineTransform_float_3_3
Parameters: 1 3.02234e-05 0.000391983 -2.97765e-05 1 -0.000570011 -0.000392017 0.000569988 1 0.00145015 0.0373952 0.0180418
FixedParameters: 0 0 0

#Transform 25
Transform: AffineTransform_float_3_3
Parameters: 1 3.02217e-05 0.000153957 -2.97782e-05 0.999999 -0.00144 -0.000154043 0.00144 0.999999 -0.00725146 0.000431891 0.0187869
FixedParameters: 0 0 0

#Transform 26
Transform: AffineTransform_float_3_3
Parameters: 1 -5.93555e-05 -0.000277924 5.86444e-05 0.999999 -0.00127902 0.000278075 0.00127898 0.999999 0.00127841 -0.0249842 -0.0291238
FixedParameters: 0 0 0

#Transform 27
Transform: AffineTransform_float_3_3
Parameters: 1 -7.42323e-05 -0.000277938 7.47675e-05 0.999999 -0.00083602 0.000278062 0.000835979 0.999999 0.0108526 -0.116558 0.0223857
FixedParameters: 0 0 0

#Transform 28
Transform: AffineTransform_float_3_3
Parameters: 1 2.98076e-05 -0.000278021 -2.91924e-05 1 -0.000691992 0.00027798 0.000692008 0.999999 -0.00697209 -0.135011 -0.00825915
FixedParameters: 0 0 0

#Transform 29
Transform: AffineTransform_float_3_3
Parameters: 1 -7.79904e-05 1.50495e-05 7.80095e-05 1 -0.000634999 -1.49505e-05 0.000635001 1 0.0167983 -0.120235 0.00291624
FixedParameters: 0 0 0

#Transform 30
Transform: AffineTransform_float_3_3
Parameters: 1 3.04689e-05 0.000564975 -2.9531e-05 0.999999 -0.000830017 -0.000565025 0.000829983 1 0.0210263 -0.0687752 -0.0102296
FixedParameters: 0 0 0

#Transform 31
Transform: AffineTransform_float_3_3
Parameters: 1 3.04688e-05 0.000396964 -2.95311e-05 1 -0.00118101 -0.000397035 0.00118099 0.999999 0.00443707 -0.0215287 -0.026207
FixedParameters: 0 0 0

#Transform 32
Transform: AffineTransform_float_3_3
Parameters: 1 0.00016545 0.000418823 -0.00016455 1 -0.00107407 -0.000419177 0.00107393 1 -0.000113601 0.0039635 -0.0157622
FixedParameters: 0 0 0

#Transform 33
Transform: AffineTransform_float_3_3
Parameters: 1 3.04126e-05 0.000260952 -2.95873e-05 0.999998 -0.00158101 -0.000261047 0.00158099 0.999998 0.00250546 0.00250292 -0.0207174
FixedParameters: 0 0 0

#Transform 34
Transform: AffineTransform_float_3_3
Parameters: 1 -4.05456e-05 -0.000277921 4.04542e-05 0.999998 -0.00196301 0.00027808 0.00196299 0.999998 -0.0086163 0.0134779 -0.0082648
FixedParameters: 0 0 0

#Transform 35
Transform: AffineTransform_float_3_3
Parameters: 1 -9.05136e-05 -0.000277833 8.94861e-05 0.999999 -0.00184803 0.000278166 0.00184798 0.999999 -0.00179397 0.0160638 -0.0433824
FixedParameters: 0 0 0

#Transform 36
Transform: AffineTransform_float_3_3
Parameters: 1 2.94348e-05 -0.00027806 -2.95651e-05 0.999998 -0.00203299 0.00027794 0.00203301 0.999998 0.00635999 -0.108571 0.012286
FixedParameters: 0 0 0

#Transform 37
Transform: AffineTransform_float_3_3
Parameters: 1 2.99624e-05 -2.10536e-05 -3.00375e-05 0.999999 -0.001788 2.09463e-05 0.001788 0.999999 0.0181448 -0.128733 0.00708536
FixedParameters: 0 0 0

#Transform 38
Transform: AffineTransform_float_3_3
Parameters: 1 -2.73328e-05 -0.000277968 2.66672e-05 1 -0.00119701 0.000278032 0.00119699 0.999999 0.00963998 -0.106916 0.000996487
FixedParameters: 0 0 0

#Transform 39
Transform: AffineTransform_float_3_3
Parameters: 1 -6.23177e-05 -0.000277929 6.16822e-05 1 -0.00114302 0.000278071 0.00114298 1 0.000156832 -0.117137 -0.021799
FixedParameters: 0 0 0

#Transform 40
Transform: AffineTransform_float_3_3
Parameters: 1 2.95638e-05 -0.000278047 -2.94361e-05 0.999999 -0.00156899 0.000277954 0.00156901 0.999998 -0.00126219 -0.0785127 -0.0377837
FixedParameters: 0 0 0

#Transform 41
Transform: AffineTransform_float_3_3
Parameters: 1 -7.35535e-05 0.000248133 7.44463e-05 0.999999 -0.00179998 -0.000247866 0.00180002 0.999999 -0.0083313 -0.0765724 -0.0381099
FixedParameters: 0 0 0

#Transform 42
Transform: AffineTransform_float_3_3
Parameters: 1 3.0285e-05 0.000134936 -2.97148e-05 0.999998 -0.002112 -0.000135063 0.00211199 0.999998 -0.0070639 0.00399157 -0.013479
FixedParameters: 0 0 0

#Transform 43
Transform: AffineTransform_float_3_3
Parameters: 1 3.03684e-05 0.000134918 -2.96313e-05 0.999997 -0.00273001 -0.000135081 0.00273 0.999997 0.00801987 -0.00105646 -0.0214816
FixedParameters: 0 0 0

#Transform 44
Transform: AffineTransform_float_3_3
Parameters: 1 -0.000290667 0.000135716 0.000291334 0.999997 -0.00246196 -0.000135283 0.00246204 0.999997 0.0182291 -0.0496254 0.00927062
FixedParameters: 0 0 0

#Transform 45
Transform: AffineTransform_float_3_3
Parameters: 1 -0.000166553 0.0001864 0.000166446 0.999997 -0.00239997 -0.000185601 0.00240003 0.999997 0.0132468 -0.121852 -0.0112543
FixedParameters: 0 0 0

#Transform 46
Transform: AffineTransform_float_3_3
Parameters: 1 -0.000317888 5.36648e-05 0.00031811 0.999998 -0.00209098 -5.23349e-05 0.00209102 0.999998 0.0157644 -0.135718 -0.0161925
FixedParameters: 0 0 0

#Transform 47
Transform: AffineTransform_float_3_3
Parameters: 1 -0.000280349 0.000310588 0.000281651 0.999998 -0.00209691 -0.00031041 0.00209709 0.999998 0.00963309 -0.132789 -0.0404032
FixedParameters: 0 0 0

#Transform 48
Transform: AffineTransform_float_3_3
Parameters: 1 -0.000186705 0.000143385 0.000186294 0.999998 -0.00205797 -0.000142617 0.00205803 0.999998 0.00227402 -0.0885399 -0.0353325
FixedParameters: 0 0 0

#Transform 49
Transform: AffineTransform_float_3_3
Parameters: 1 -8.27111e-05 0.000156153 8.32905e-05 0.999999 -0.00185099 -0.000156846 0.00185101 0.999999 -0.0131345 -0.0811421 -0.0262663
FixedParameters: 0 0 0

#Transform 50
Transform: AffineTransform_float_3_3
Parameters: 1 -5.29148e-06 0.000424009 5.70849e-06 0.999998 -0.001671 -0.000423991 0.001671 0.999998 -0.00350743 -0.0332888 -0.0242309
FixedParameters: 0 0 0

#Transform 51
Transform: AffineTransform_float_3_3
Parameters: 1 0.000116692 0.000483833 -0.000116307 0.999999 -0.00143106 -0.000484167 0.00143094 0.999999 0.00368221 -0.0247886 -0.0206984
FixedParameters: 0 0 0

#Transform 52
Transform: AffineTransform_float_3_3
Parameters: 1 0.000116689 0.000462827 -0.000116311 0.999999 -0.00148805 -0.000463173 0.00148795 0.999999 0.00944108 -0.0268124 -0.00736701
FixedParameters: 0 0 0

#Transform 53
Transform: AffineTransform_float_3_3
Parameters: 1 0.000116097 5.27868e-05 -0.000115902 0.999999 -0.00183701 -5.3213e-05 0.00183699 0.999999 0.00341855 0.00479364 0.000452789
FixedParameters: 0 0 0

#Transform 54
Transform: AffineTransform_float_3_3
Parameters: 1 -0.000345638 -0.000332337 0.000344362 0.999998 -0.00191912 0.000332661 0.00191889 0.999998 0.0137567 -0.00915612 -0.0424467
FixedParameters: 0 0 0

#Transform 55
Transform: AffineTransform_float_3_3
Parameters: 1 -2.86212e-05 -0.000276937 2.83786e-05 0.999997 -0.00224301 0.000277064 0.00224299 0.999998 0.0211684 -0.113146 -0.00425486
FixedParameters: 0 0 0

#Transform 56
Transform: AffineTransform_float_3_3
Parameters: 1 -4.92598e-05 -9.98722e-05 4.97398e-05 0.999996 -0.0026 0.00010013 0.00259999 0.999996 0.0279276 -0.157337 -0.0258453
FixedParameters: 0 0 0

#Transform 57
Transform: AffineTransform_float_3_3
Parameters: 1 0.000116132 5.27106e-05 -0.000116867 0.999997 -0.00249301 -5.32915e-05 0.00249299 0.999997 0.021134 -0.171118 0.0175387
FixedParameters: 0 0 0

#Transform 58
Transform: AffineTransform_float_3_3
Parameters: 1 -0.000108745 -0.000361777 0.000108255 0.999998 -0.00205804 0.000362223 0.00205796 0.999998 0.0162178 -0.134785 -0.0214864
FixedParameters: 0 0 0

#Transform 59
Transform: AffineTransform_float_3_3
Parameters: 1 -0.000155911 5.32604e-05 0.000156088 0.999998 -0.00166999 -5.27394e-05 0.00167001 0.999998 0.0251392 -0.107451 -0.0279829
FixedParameters: 0 0 0

#Transform 60
Transform: AffineTransform_float_3_3
Parameters: 1 -9.5199e-05 -0.000100812 9.48006e-05 0.999998 -0.00197201 0.000101187 0.00197199 0.999998 0.018577 -0.0644862 -0.0347786
FixedParameters: 0 0 0

#Transform 61
Transform: AffineTransform_float_3_3
Parameters: 1 -0.00030088 5.3675e-05 0.00030112 0.999998 -0.00224299 -5.33247e-05 0.00224302 0.999998 0.0272524 -0.0326872 -0.0444619
FixedParameters: 0 0 0

#Transform 62
Transform: AffineTransform_float_3_3
Parameters: 1 -0.000199588 -0.000249531 0.000199411 0.999997 -0.00235405 0.00025047 0.00235395 0.999997 0.0147166 -0.0189468 -0.0324277
FixedParameters: 0 0 0

#Transform 63
Transform: AffineTransform_float_3_3
Parameters: 1 -0.000301874 -0.000308146 0.000301123 0.999996 -0.00283309 0.000309854 0.00283291 0.999996 0.0140445 0.00802105 -0.0181969
FixedParameters: 0 0 0

#Transform 64
Transform: AffineTransform_float_3_3
Parameters: 1 -0.00030083 5.39578e-05 0.00030117 0.999995 -0.00318298 -5.30416e-05 0.00318302 0.999995 0.0383996 -0.0979655 -0.0353487
FixedParameters: 0 0 0

#Transform 65
Transform: AffineTransform_float_3_3
Parameters: 1 -0.000301188 -5.90464e-05 0.000300812 0.999995 -0.00316702 5.9953e-05 0.00316698 0.999995 0.0231431 -0.15229 -0.00754813
FixedParameters: 0 0 0

#Transform 66
Transform: AffineTransform_float_3_3
Parameters: 1 -0.000301537 -0.000196178 0.000301464 0.999996 -0.00272906 0.000196823 0.00272894 0.999997 0.0318578 -0.214731 -0.0231394
FixedParameters: 0 0 0

#Transform 67
Transform: AffineTransform_float_3_3
Parameters: 1 -0.000300861 5.37806e-05 0.000301139 0.999996 -0.00259398 -5.3219e-05 0.00259401 0.999996 0.0399503 -0.17397 -0.0370888
FixedParameters: 0 0 0

#Transform 68
Transform: AffineTransform_float_3_3
Parameters: 1 -0.000300876 5.36991e-05 0.000301125 0.999998 -0.00232299 -5.33006e-05 0.00232302 0.999998 0.0310292 -0.15497 -0.044835
FixedParameters: 0 0 0

#Transform 69
Transform: AffineTransform_float_3_3
Parameters: 1 -0.000300882 5.36687e-05 0.000301117 0.999998 -0.00222198 -5.2331e-05 0.00222202 0.999997 0.0177284 -0.0968132 -0.0505495
FixedParameters: 0 0 0

#Transform 70
Transform: AffineTransform_float_3_3
Parameters: 1 -0.000300883 5.36584e-05 0.000301115 0.999997 -0.00218798 -5.23413e-05 0.00218801 0.999997 0.0272565 -0.0491461 -0.0425942
FixedParameters: 0 0 0

#Transform 71
Transform: AffineTransform_float_3_3
Parameters: 1 -0.00022981 -0.00029938 0.000229191 0.999997 -0.00270207 0.00029962 0.00270193 0.999997 0.0132831 -0.0176024 -0.0643743
FixedParameters: 0 0 0

#Transform 72
Transform: AffineTransform_float_3_3
Parameters: 1 -0.000354026 -0.000376037 0.000352974 0.999996 -0.00272413 0.000376963 0.00272387 0.999996 0.0222511 -0.0182465 -0.0206556
FixedParameters: 0 0 0

#Transform 73
Transform: AffineTransform_float_3_3
Parameters: 1 -0.000301316 -0.000112155 0.000301685 0.999996 -0.00280603 0.000112847 0.00280597 0.999996 0.0245794 -0.103129 -0.0327423
FixedParameters: 0 0 0

#Transform 74
Transform: AffineTransform_float_3_3
Parameters: 1 -0.000301708 -0.000277231 0.000301292 0.999996 -0.00255108 0.000277769 0.00255091 0.999996 0.0151544 -0.129819 -0.018762
FixedParameters: 0 0 0

#Transform 75
Transform: AffineTransform_float_3_3
Parameters: 1 -0.000301035 -1.32252e-05 0.000300965 0.999996 -0.002574 1.37747e-05 0.00257399 0.999996 0.0396016 -0.162671 -0.0344161
FixedParameters: 0 0 0

#Transform 76
Transform: AffineTransform_float_3_3
Parameters: 1 -0.000355015 -6.2094e-06 0.000355984 0.999998 -0.002227 7.7928e-06 0.002227 0.999998 0.0412297 -0.147604 -0.0448106
FixedParameters: 0 0 0

#Transform 77
Transform: AffineTransform_float_3_3
Parameters: 1 -0.00030089 5.36181e-05 0.000301108 0.999998 -0.00205398 -5.23816e-05 0.00205402 0.999998 0.0372781 -0.122929 -0.0533645
FixedParameters: 0 0 0

#Transform 78
Transform: AffineTransform_float_3_3
Parameters: 1 -0.000501876 5.4164e-05 0.000502124 0.999997 -0.00231897 -5.28357e-05 0.00231903 0.999998 0.0302458 -0.0995384 -0.0927404
FixedParameters: 0 0 0

#Transform 79
Transform: AffineTransform_float_3_3
Parameters: 1 -0.000555878 5.42603e-05 0.000556121 0.999998 -0.00226697 -5.27394e-05 0.00226703 0.999998 0.0310665 -0.0735078 -0.0781319
FixedParameters: 0 0 0

#Transform 80
Transform: AffineTransform_float_3_3
Parameters: 1 -0.000555091 -3.24781e-05 0.000554907 0.999996 -0.00274202 3.45217e-05 0.00274198 0.999996 0.0249167 -0.0769498 -0.0751886
FixedParameters: 0 0 0

#Transform 81
Transform: AffineTransform_float_3_3
Parameters: 1 -0.000570535 -0.000166174 0.000569465 0.999994 -0.00320209 0.000167824 0.0032019 0.999995 0.0231571 -0.0229991 -0.0531861
FixedParameters: 0 0 0

#Transform 82
Transform: AffineTransform_float_3_3
Parameters: 1 -0.000445263 -8.056e-05 0.000444735 0.999994 -0.00323503 8.24391e-05 0.00323496 0.999995 0.0376551 -0.0673486 -0.0679739
FixedParameters: 0 0 0

#Transform 83
Transform: AffineTransform_float_3_3
Parameters: 1 -0.000472783 -0.000274656 0.000471218 0.999996 -0.00284513 0.000275342 0.00284487 0.999996 0.02384 -0.160687 -0.0370289
FixedParameters: 0 0 0

#Transform 84
Transform: AffineTransform_float_3_3
Parameters: 1 -0.000575753 -0.000279454 0.000575246 0.999996 -0.00268716 0.000281547 0.00268684 0.999997 0.0346534 -0.154608 -0.0644006
FixedParameters: 0 0 0

#Transform 85
Transform: AffineTransform_float_3_3
Parameters: 1 -0.000265842 5.37858e-05 0.000266158 0.999995 -0.00295498 -5.32137e-05 0.00295501 0.999995 0.0267665 -0.152741 -0.0746057
FixedParameters: 0 0 0

#Transform 86
Transform: AffineTransform_float_3_3
Parameters: 1 -0.000267846 5.37719e-05 0.000268154 0.999996 -0.00288098 -5.32277e-05 0.00288101 0.999996 0.02682 -0.144896 -0.082998
FixedParameters: 0 0 0

#Transform 87
Transform: AffineTransform_float_3_3
Parameters: 1 -0.000417837 5.42709e-05 0.000418162 0.999996 -0.00304098 -5.27286e-05 0.00304102 0.999996 0.0150758 -0.137529 -0.0884018
FixedParameters: 0 0 0

#Transform 88
Transform: AffineTransform_float_3_3
Parameters: 1 -0.000404842 5.41949e-05 0.000405157 0.999995 -0.00295098 -5.28046e-05 0.00295102 0.999995 0.028829 -0.124904 -0.0949676
FixedParameters: 0 0 0

#Transform 89
Transform: AffineTransform_float_3_3
Parameters: 1 -0.000504843 5.44748e-05 0.000505155 0.999995 -0.00292097 -5.25246e-05 0.00292102 0.999995 0.0171327 -0.0831693 -0.0896486
FixedParameters: 0 0 0

#Transform 90
Transform: AffineTransform_float_3_3
Parameters: 1 -0.000583856 5.45673e-05 0.000584143 0.999996 -0.00268397 -5.24324e-05 0.00268403 0.999997 0.0141327 -0.0808257 -0.0800625
FixedParameters: 0 0 0

#Transform 91
Transform: AffineTransform_float_3_3
Parameters: 0.999999 -0.000713855 5.49197e-05 0.000713145 0.999996 -0.00268896 -5.30825e-05 0.00268904 0.999997 0.0141446 -0.091699 -0.0802274
FixedParameters: 0 0 0

#Transform 92
Transform: AffineTransform_float_3_3
Parameters: 0.999999 -0.000713831 5.52288e-05 0.000713168 0.999995 -0.00312196 -5.27737e-05 0.00312204 0.999995 0.0300157 -0.0522005 -0.0751111
FixedParameters: 0 0 0

#Transform 93
Transform: AffineTransform_float_3_3
Parameters: 1 -0.00035084 -0.00024681 0.000350162 0.999994 -0.00339709 0.000247191 0.00339691 0.999994 0.0283955 -0.132567 -0.0659571
FixedParameters: 0 0 0

#Transform 94
Transform: AffineTransform_float_3_3
Parameters: 1 -0.000494809 5.47495e-05 0.000495191 0.999993 -0.00353497 -5.32498e-05 0.00353502 0.999994 0.0398605 -0.191329 -0.0520286
FixedParameters: 0 0 0

#Transform 95
Transform: AffineTransform_float_3_3
Parameters: 1 -0.000383014 -0.000332837 0.000381986 0.999996 -0.00304113 0.000334163 0.00304087 0.999996 0.0241201 -0.212453 -0.0611398
FixedParameters: 0 0 0

#Transform 96
Transform: AffineTransform_float_3_3
Parameters: 1 -0.000394117 -3.6763e-05 0.000393882 0.999995 -0.00313901 3.82366e-05 0.00313899 0.999995 0.035009 -0.193503 -0.102926
FixedParameters: 0 0 0

#Transform 97
Transform: AffineTransform_float_3_3
Parameters: 0.999999 -0.000713835 5.5171e-05 0.000713164 0.999995 -0.00304096 -5.28315e-05 0.00304104 0.999996 0.0377482 -0.164188 -0.101645
FixedParameters: 0 0 0

#Transform 98
Transform: AffineTransform_float_3_3
Parameters: 1 -0.000540826 5.47406e-05 0.000541174 0.999994 -0.00321797 -5.32588e-05 0.00321803 0.999995 0.00923746 -0.124821 -0.104213
FixedParameters: 0 0 0

#Transform 99
Transform: AffineTransform_float_3_3
Parameters: 1 -0.000530139 -3.81129e-05 0.000529861 0.999993 -0.00356002 3.98865e-05 0.00355998 0.999993 0.00570388 -0.110083 -0.108948
FixedParameters: 0 0 0

#Transform 100
Transform: AffineTransform_float_3_3
Parameters: 0.999999 -0.000713786 5.57999e-05 0.000713214 0.999992 -0.00392196 -5.32032e-05 0.00392204 0.999993 0.0162153 -0.0915499 -0.101641
FixedParameters: 0 0 0

#Transform 101
Transform: AffineTransform_float_3_3
Parameters: 0.999999 -0.000713748 5.6296e-05 0.000713251 0.999989 -0.00461696 -5.27075e-05 0.00461704 0.99999 0.0118214 -0.0902811 -0.102815
FixedParameters: 0 0 0

#Transform 102
Transform: AffineTransform_float_3_3
Parameters: 1 -0.000570749 5.56357e-05 0.000571248 0.999989 -0.00461697 -5.23631e-05 0.00461703 0.99999 0.0273885 -0.169903 -0.106908
FixedParameters: 0 0 0

#Transform 103
Transform: AffineTransform_float_3_3
Parameters: 0.999999 -0.000713758 5.61668e-05 0.000713241 0.99999 -0.00443596 -5.28366e-05 0.00443604 0.99999 0.0210137 -0.217582 -0.0943851
FixedParameters: 0 0 0

#Transform 104
Transform: AffineTransform_float_3_3
Parameters: 0.999999 -0.000713793 5.57249e-05 0.000713209 0.999993 -0.00381696 -5.3278e-05 0.00381704 0.999992 0.0271175 -0.209074 -0.0974938
FixedParameters: 0 0 0

#Transform 105
Transform: AffineTransform_float_3_3
Parameters: 0.999999 -0.000715072 -0.0002934 0.000713925 0.999993 -0.00363921 0.0002966 0.00363879 0.999994 0.00856237 -0.195399 -0.105749
FixedParameters: 0 0 0

#Transform 106
Transform: AffineTransform_float_3_3
Parameters: 1 -0.000556229 -6.19746e-05 0.000556771 0.999993 -0.00364204 6.40282e-05 0.00364197 0.999994 0.00419283 -0.173788 -0.107735
FixedParameters: 0 0 0

#Transform 107
Transform: AffineTransform_float_3_3
Parameters: 0.999999 -0.000714031 -7.45166e-06 0.000713967 0.999994 -0.00356901 1.05482e-05 0.00356899 0.999993 0.0133736 -0.152435 -0.0945101
FixedParameters: 0 0 0

#Transform 108
Transform: AffineTransform_float_3_3
Parameters: 0.999999 -0.00071381 5.54915e-05 0.000713187 0.999993 -0.00348996 -5.25113e-05 0.00349004 0.999994 0.0139699 -0.112237 -0.10651
FixedParameters: 0 0 0

#Transform 109
Transform: AffineTransform_float_3_3
Parameters: 0.999999 -0.000713785 5.58163e-05 0.000713215 0.999992 -0.00394496 -5.31868e-05 0.00394504 0.999992 0.014264 -0.0977245 -0.11525
FixedParameters: 0 0 0

#Transform 110
Transform: AffineTransform_float_3_3
Parameters: 1 -0.000639382 -8.62106e-05 0.000638619 0.999991 -0.00436406 8.87878e-05 0.00436395 0.999991 0.0221617 -0.106555 -0.12653
FixedParameters: 0 0 0

#Transform 111
Transform: AffineTransform_float_3_3
Parameters: 0.999999 -0.000716511 -0.000625133 0.000713485 0.999991 -0.00400845 0.000628864 0.00400755 0.999992 0.00361502 -0.17171 -0.105918
FixedParameters: 0 0 0

#Transform 112
Transform: AffineTransform_float_3_3
Parameters: 0.999999 -0.00071522 -0.000316256 0.000713781 0.999993 -0.00384023 0.000318743 0.00383977 0.999992 0.0148828 -0.17124 -0.113248
FixedParameters: 0 0 0

#Transform 113
Transform: AffineTransform_float_3_3
Parameters: 0.999999 -0.000715283 -0.000398705 0.000713715 0.999994 -0.00321128 0.000401293 0.00321071 0.999995 0.0118986 -0.151183 -0.103661
FixedParameters: 0 0 0

#Transform 114
Transform: AffineTransform_float_3_3
Parameters: 0.999999 -0.000715208 -0.00036162 0.000713794 0.999994 -0.00333026 0.000363379 0.00332974 0.999995 -0.00950779 -0.146933 -0.105512
FixedParameters: 0 0 0

#Transform 115
Transform: AffineTransform_float_3_3
Parameters: 0.999999 -0.000715422 -0.000366235 0.000713579 0.999993 -0.00386827 0.000368763 0.00386774 0.999993 -0.00966461 -0.145694 -0.126392
FixedParameters: 0 0 0

#Transform 116
Transform: AffineTransform_float_3_3
Parameters: 0.999999 -0.000714076 -1.82124e-05 0.000713924 0.999992 -0.00390402 2.07873e-05 0.00390399 0.999993 0.0262049 -0.167811 -0.114709
FixedParameters: 0 0 0

#Transform 117
Transform: AffineTransform_float_3_3
Parameters: 0.999999 -0.000714048 -8.66763e-06 0.000713955 0.999989 -0.00466701 1.13321e-05 0.00466699 0.999989 0.0365521 -0.150264 -0.13319
FixedParameters: 0 0 0

#Transform 118
Transform: AffineTransform_float_3_3
Parameters: 1 -0.000540314 -0.000284519 0.000538684 0.99999 -0.00459816 0.00028748 0.00459785 0.99999 0.0210256 -0.130966 -0.124211
FixedParameters: 0 0 0

#Transform 119
Transform: AffineTransform_float_3_3
Parameters: 0.999999 -0.000715533 -0.000345845 0.000713466 0.99999 -0.00441425 0.000349153 0.00441375 0.99999 0.0162271 -0.210547 -0.11571
FixedParameters: 0 0 0

#Transform 120
Transform: AffineTransform_float_3_3
Parameters: 0.999999 -0.000713773 5.59755e-05 0.000713227 0.999991 -0.00416796 -5.30277e-05 0.00416804 0.999992 0.0260661 -0.206548 -0.128022
FixedParameters: 0 0 0

#Transform 121
Transform: AffineTransform_float_3_3
Parameters: 0.999999 -0.000713759 5.61511e-05 0.00071324 0.99999 -0.00441396 -5.28523e-05 0.00441404 0.999991 0.0260694 -0.197293 -0.129577
FixedParameters: 0 0 0

#Transform 122
Transform: AffineTransform_float_3_3
Parameters: 0.999999 -0.000714208 -4.90671e-05 0.000713793 0.999992 -0.00410704 5.19319e-05 0.00410696 0.999991 0.0135073 -0.161821 -0.132342
FixedParameters: 0 0 0

#Transform 123
Transform: AffineTransform_float_3_3
Parameters: 0.999999 -0.000713765 5.60761e-05 0.000713235 0.999991 -0.00430896 -5.29271e-05 0.00430904 0.99999 0.0166661 -0.169286 -0.134075
FixedParameters: 0 0 0

#Transform 124
Transform: AffineTransform_float_3_3
Parameters: 0.999999 -0.000713741 5.63866e-05 0.000713258 0.999989 -0.00474396 -5.26169e-05 0.00474404 0.999988 0.0149832 -0.178455 -0.14335
FixedParameters: 0 0 0

#Transform 125
Transform: AffineTransform_float_3_3
Parameters: 0.999999 -0.000714975 -0.000193432 0.000714022 0.999988 -0.00499314 0.000197567 0.00499286 0.999987 0.0169288 -0.16996 -0.149108
FixedParameters: 0 0 0

#Transform 126
Transform: AffineTransform_float_3_3
Parameters: 0.999999 -0.000713696 5.6949e-05 0.000713305 0.999985 -0.00553196 -5.30548e-05 0.00553204 0.999984 0.0260502 -0.169057 -0.147752
FixedParameters: 0 0 0

#Transform 127
Transform: AffineTransform_float_3_3
Parameters: 1 -0.00063272 5.6244e-05 0.000633278 0.999986 -0.00512596 -5.27545e-05 0.00512603 0.999987 0.0349713 -0.197777 -0.135537
FixedParameters: 0 0 0

#Transform 128
Transform: AffineTransform_float_3_3
Parameters: 0.999999 -0.000715216 -0.000270808 0.000713782 0.99999 -0.00446719 0.000274191 0.0044668 0.99999 0.0293312 -0.234253 -0.106055
FixedParameters: 0 0 0

#Transform 129
Transform: AffineTransform_float_3_3
Parameters: 0.999999 -0.000714011 -6.56294e-07 0.000713987 0.999989 -0.004683 4.34365e-06 0.004683 0.999989 0.0252707 -0.2259 -0.138617
FixedParameters: 0 0 0

#Transform 130
Transform: AffineTransform_float_3_3
Parameters: 0.999999 -0.000716118 -0.000490923 0.00071388 0.99999 -0.00430335 0.000494076 0.00430264 0.99999 0.00572543 -0.216702 -0.0711342
FixedParameters: 0 0 0

#Transform 131
Transform: AffineTransform_float_3_3
Parameters: 0.999999 -0.000682891 -0.000491382 0.000680106 0.999993 -0.00383934 0.000494615 0.00383867 0.999993 -0.0133363 -0.157977 -0.0342945
FixedParameters: 0 0 0

#Transform 132
Transform: AffineTransform_float_3_3
Parameters: 0.999999 -0.000470173 -0.000580245 0.000467824 0.999993 -0.00374027 0.000582753 0.00373973 0.999993 -0.025063 -0.14461 -0.0324799
FixedParameters: 0 0 0

#Transform 133
Transform: AffineTransform_float_3_3
Parameters: 1 -0.000681631 -0.000702457 0.000679371 0.999993 -0.00373848 0.000704545 0.00373852 0.999993 -0.0310087 -0.116284 -0.0751308
FixedParameters: 0 0 0

#Transform 134
Transform: AffineTransform_float_3_3
Parameters: 0.999999 -0.000812864 -0.000518086 0.000811136 0.999993 -0.00358842 0.000520913 0.00358758 0.999993 -0.00709085 -0.110587 -0.0865633
FixedParameters: 0 0 0

#Transform 135
Transform: AffineTransform_float_3_3
Parameters: 1 -0.00101898 -0.000265264 0.00101802 0.999993 -0.00366827 0.000268736 0.00366773 0.999993 -0.00373371 -0.115069 -0.155524
FixedParameters: 0 0 0

#Transform 136
Transform: AffineTransform_float_3_3
Parameters: 1 -0.00114362 0.000134274 0.00114438 0.999996 -0.00286185 -0.000130726 0.00286115 0.999996 0.000285602 -0.0640973 -0.3087
FixedParameters: 0 0 0

#Transform 137
Transform: AffineTransform_float_3_3
Parameters: 0.999999 -0.00114162 0.000980772 0.00114438 0.999996 -0.00242588 -0.000978225 0.00242712 0.999996 0.0384164 -0.0805054 -0.476758
FixedParameters: 0 0 0

#Transform 138
Transform: AffineTransform_float_3_3
Parameters: 1 -0.000919397 0.000556997 0.000919603 0.999999 -0.00108349 -0.000556004 0.00108451 1 0.0525678 -0.214092 -0.474504
FixedParameters: 0 0 0

#Transform 139
Transform: AffineTransform_float_3_3
Parameters: 1 -0.000548125 -4.24089e-05 0.000547873 0.999995 -0.00290302 4.45906e-05 0.00290297 0.999996 0.0371792 -0.340837 -0.308977
FixedParameters: 0 0 0

#Transform 140
Transform: AffineTransform_float_3_3
Parameters: 1 -0.000582098 -0.000215052 0.000580903 0.999987 -0.00506913 0.000217948 0.00506987 0.999987 0.0520569 -0.303263 -0.102954
FixedParameters: 0 0 0

#Transform 141
Transform: AffineTransform_float_3_3
Parameters: 0.999999 -0.00078088 -0.000126685 0.000780116 0.999976 -0.0068101 0.000132316 0.00681089 0.999977 0.039356 -0.268719 -0.140331
FixedParameters: 0 0 0

#Transform 142
Transform: AffineTransform_float_3_3
Parameters: 0.999999 -0.000825303 -0.000213014 0.000823697 0.999982 -0.00604618 0.000217984 0.00604582 0.999981 0.0260196 -0.170585 -0.195628
FixedParameters: 0 0 0

#Transform 143
Transform: AffineTransform_float_3_3
Parameters: 0.999999 -0.000833724 0.000213057 0.000835276 0.999982 -0.00606082 -0.000207941 0.00606117 0.999981 0.041661 -0.142775 -0.213361
FixedParameters: 0 0 0

#Transform 144
Transform: AffineTransform_float_3_3
Parameters: 0.999999 -0.000792942 0.000180704 0.000794059 0.999982 -0.00592886 -0.000176295 0.00592914 0.999983 0.0317939 -0.105781 -0.211045
FixedParameters: 0 0 0

#Transform 145
Transform: AffineTransform_float_3_3
Parameters: 0.999999 -0.000762187 0.000147271 0.000762811 0.999984 -0.00559989 -0.00014273 0.00560011 0.999985 0.0301653 -0.140279 -0.193372
FixedParameters: 0 0 0

#Transform 146
Transform: AffineTransform_float_3_3
Parameters: 0.999999 -0.000942979 0.00035541 0.000945019 0.999983 -0.00573067 -0.00034959 0.00573033 0.999983 0.035455 -0.187967 -0.18846
FixedParameters: 0 0 0

#Transform 147
Transform: AffineTransform_float_3_3
Parameters: 0.999999 -0.000854393 0.000289781 0.000855608 0.999984 -0.00559076 -0.000285221 0.00559125 0.999985 0.0247611 -0.236433 -0.193999
FixedParameters: 0 0 0

#Transform 148
Transform: AffineTransform_float_3_3
Parameters: 0.999999 -0.000757629 6.54453e-05 0.000757374 0.999983 -0.00586595 -6.15583e-05 0.00586605 0.999983 0.0270066 -0.322883 -0.202718
FixedParameters: 0 0 0

#Transform 149
Transform: AffineTransform_float_3_3
Parameters: 1 -0.000949385 0.00028347 0.000950614 0.999983 -0.00575674 -0.000277533 0.00575627 0.999984 0.0331681 -0.315624 -0.203525
FixedParameters: 0 0 0

#Transform 150
Transform: AffineTransform_float_3_3
Parameters: 0.999999 -0.000675669 0.000386107 0.00067833 0.999982 -0.00606874 -0.00038189 0.00606926 0.999981 0.0288845 -0.350782 -0.206345
FixedParameters: 0 0 0

#Transform 151
Transform: AffineTransform_float_3_3
Parameters: 0.999999 -0.00081479 0.000370893 0.00081721 0.999981 -0.0059967 -0.000366106 0.0059963 0.999982 0.0278328 -0.302038 -0.206897
FixedParameters: 0 0 0

#Transform 152
Transform: AffineTransform_float_3_3
Parameters: 0.999999 -0.000787151 0.000463868 0.000790842 0.99998 -0.00617263 -0.000458126 0.00617336 0.999981 0.0327553 -0.273531 -0.222289
FixedParameters: 0 0 0

#Transform 153
Transform: AffineTransform_float_3_3
Parameters: 1 -0.000949195 0.000620858 0.000953806 0.99998 -0.00615841 -0.000615138 0.00615858 0.999981 0.0409211 -0.24496 -0.218592
FixedParameters: 0 0 0

#Transform 154
Transform: AffineTransform_float_3_3
Parameters: 1 -0.000939135 0.00048064 0.000941867 0.999981 -0.00599555 -0.000475362 0.00599545 0.999982 0.03568 -0.204456 -0.215403
FixedParameters: 0 0 0

#Transform 155
Transform: AffineTransform_float_3_3
Parameters: 1 -0.000784933 0.000662847 0.000789069 0.99998 -0.00615848 -0.000658153 0.00615852 0.999981 0.0400723 -0.197716 -0.20933
FixedParameters: 0 0 0

#Transform 156
Transform: AffineTransform_float_3_3
Parameters: 1 -0.000929181 0.000766876 0.000933819 0.999979 -0.00630729 -0.000761124 0.00630871 0.99998 0.0459134 -0.165062 -0.212424
FixedParameters: 0 0 0

#Transform 157
Transform: AffineTransform_float_3_3
Parameters: 1 -0.000992169 0.000625122 0.00099583 0.99998 -0.00615838 -0.000618879 0.00615861 0.999981 0.0417186 -0.225083 -0.215345
FixedParameters: 0 0 0

#Transform 158
Transform: AffineTransform_float_3_3
Parameters: 1 -0.000959133 0.000460027 0.000961867 0.99998 -0.00627356 -0.000453974 0.00627444 0.99998 0.0296344 -0.221932 -0.21602
FixedParameters: 0 0 0

#Transform 159
Transform: AffineTransform_float_3_3
Parameters: 1 -0.000921693 0.000683844 0.000926308 0.999979 -0.00632537 -0.000678154 0.00632562 0.99998 0.0332754 -0.266608 -0.224295
FixedParameters: 0 0 0

#Transform 160
Transform: AffineTransform_float_3_3
Parameters: 1 -0.000707444 0.00072249 0.00071156 0.999979 -0.00632549 -0.000718514 0.00632551 0.999979 0.0221862 -0.272936 -0.215457
FixedParameters: 0 0 0

#Transform 161
Transform: AffineTransform_float_3_3
Parameters: 1 -0.000989551 0.000716189 0.000994449 0.99998 -0.00623929 -0.000709809 0.00623971 0.999981 0.0254061 -0.268933 -0.214013
FixedParameters: 0 0 0

#Transform 162
Transform: AffineTransform_float_3_3
Parameters: 1 -0.000839809 0.000667309 0.000844189 0.99998 -0.00630544 -0.000661691 0.00630556 0.99998 0.0183021 -0.296519 -0.231806
FixedParameters: 0 0 0

#Transform 163
Transform: AffineTransform_float_3_3
Parameters: 1 -0.000426982 0.000910846 0.00043302 0.999978 -0.00661761 -0.000908155 0.00661739 0.999977 0.0168517 -0.279942 -0.252415
FixedParameters: 0 0 0

#Transform 164
Transform: AffineTransform_float_3_3
Parameters: 0.999999 -0.000763182 0.00107587 0.000769819 0.999979 -0.00635118 -0.00107113 0.00635182 0.99998 0.0391209 -0.260429 -0.248297
FixedParameters: 0 0 0

#Transform 165
Transform: AffineTransform_float_3_3
Parameters: 1 -0.000513022 0.00107436 0.000519976 0.999978 -0.00650545 -0.00107064 0.00650555 0.999979 0.0239174 -0.215036 -0.25146
FixedParameters: 0 0 0

#Transform 166
Transform: AffineTransform_float_3_3
Parameters: 1 -0.00106894 0.00045625 0.00107206 0.999977 -0.00677252 -0.00044875 0.00677249 0.999977 0.0266295 -0.248532 -0.259715
FixedParameters: 0 0 0

#Transform 167
Transform: AffineTransform_float_3_3
Parameters: 1 -0.000434865 0.00107392 0.000441137 0.999978 -0.00665353 -0.00107109 0.00665347 0.999978 0.0149148 -0.245518 -0.255102
FixedParameters: 0 0 0

#Transform 168
Transform: AffineTransform_float_3_3
Parameters: 1 -0.000946608 0.000663313 0.000951391 0.999978 -0.00665337 -0.000656685 0.00665363 0.999977 0.0309552 -0.251855 -0.258268
FixedParameters: 0 0 0

#Transform 169
Transform: AffineTransform_float_3_3
Parameters: 0.999999 -0.000944851 0.000912409 0.000951152 0.999976 -0.00676113 -0.000906589 0.00676286 0.999976 0.0350844 -0.28798 -0.260829
FixedParameters: 0 0 0

#Transform 170
Transform: AffineTransform_float_3_3
Parameters: 0.999999 -0.000945451 0.000784736 0.000951552 0.999975 -0.00710226 -0.000778262 0.00710275 0.999975 0.0333852 -0.28727 -0.26115
FixedParameters: 0 0 0

#Transform 171
Transform: AffineTransform_float_3_3
Parameters: 1 -0.000946076 0.000743311 0.000950923 0.999978 -0.0066533 -0.000736689 0.0066537 0.999977 0.0292674 -0.284258 -0.252243
FixedParameters: 0 0 0

#Transform 172
Transform: AffineTransform_float_3_3
Parameters: 1 -0.000947101 0.000589315 0.000950905 0.999978 -0.00665344 -0.000583686 0.00665356 0.999977 0.0291774 -0.276687 -0.240847
FixedParameters: 0 0 0

#Transform 173
Transform: AffineTransform_float_3_3
Parameters: 1 -0.000947792 0.000528792 0.00095121 0.999981 -0.0061005 -0.000523207 0.0061005 0.999982 0.0213789 -0.254227 -0.232395
FixedParameters: 0 0 0

#Transform 174
Transform: AffineTransform_float_3_3
Parameters: 1 -0.000947658 0.000512233 0.000951341 0.999978 -0.00656452 -0.000505765 0.00656549 0.999979 0.0283571 -0.238944 -0.244381
FixedParameters: 0 0 0

#Transform 175
Transform: AffineTransform_float_3_3
Parameters: 1 -0.00100449 0.000657944 0.00100951 0.999975 -0.00689734 -0.000651053 0.00689766 0.999976 0.0247847 -0.233634 -0.254908
FixedParameters: 0 0 0

#Transform 176
Transform: AffineTransform_float_3_3
Parameters: 0.999999 -0.00107914 0.000812837 0.00108486 0.999973 -0.00724212 -0.000805164 0.00724287 0.999973 0.0470231 -0.298925 -0.244843
FixedParameters: 0 0 0

#Transform 177
Transform: AffineTransform_float_3_3
Parameters: 1 -0.00105054 0.000221036 0.00105146 0.999977 -0.00669277 -0.000213967 0.00669323 0.999977 0.0338918 -0.295738 -0.235332
FixedParameters: 0 0 0

#Transform 178
Transform: AffineTransform_float_3_3
Parameters: 1 -0.000947286 0.000537598 0.000950718 0.999976 -0.00695149 -0.000531403 0.00695251 0.999975 0.0329165 -0.294717 -0.241313
FixedParameters: 0 0 0

#Transform 179
Transform: AffineTransform_float_3_3
Parameters: 1 -0.000947426 0.000537353 0.00095058 0.999977 -0.0066925 -0.000531651 0.00669251 0.999978 0.0282253 -0.245459 -0.242031
FixedParameters: 0 0 0

#Transform 180
Transform: AffineTransform_float_3_3
Parameters: 1 -0.000947127 0.00053788 0.000950876 0.999974 -0.00724849 -0.000531122 0.00724851 0.999973 0.0307499 -0.237397 -0.245225
FixedParameters: 0 0 0

#Transform 181
Transform: AffineTransform_float_3_3
Parameters: 1 -0.000946804 0.000538446 0.0009512 0.999969 -0.00784649 -0.000531552 0.00784751 0.999969 0.0507316 -0.213551 -0.253933
FixedParameters: 0 0 0

#Transform 182
Transform: AffineTransform_float_3_3
Parameters: 0.999999 -0.00111674 0.000539906 0.00112126 0.999967 -0.0079594 -0.000531093 0.0079596 0.999968 0.0590752 -0.335069 -0.242982
FixedParameters: 0 0 0

#Transform 183
Transform: AffineTransform_float_3_3
Parameters: 1 -0.000945612 0.000729043 0.000951388 0.999972 -0.00742631 -0.000721955 0.00742669 0.999972 0.0586089 -0.351315 -0.233729
FixedParameters: 0 0 0

#Transform 184
Transform: AffineTransform_float_3_3
Parameters: 0.999999 -0.000944825 0.00083504 0.000951175 0.999972 -0.00742621 -0.000827959 0.00742679 0.999972 0.0691286 -0.367567 -0.234064
FixedParameters: 0 0 0

#Transform 185
Transform: AffineTransform_float_3_3
Parameters: 1 -0.00094703 0.000538049 0.00095097 0.999972 -0.00742649 -0.000530952 0.00742751 0.999973 0.0645945 -0.317799 -0.25071
FixedParameters: 0 0 0

#Transform 186
Transform: AffineTransform_float_3_3
Parameters: 1 -0.00101611 0.000538405 0.00101989 0.999973 -0.00727246 -0.000531596 0.00727355 0.999974 0.0555838 -0.296685 -0.251506
FixedParameters: 0 0 0

#Transform 187
Transform: AffineTransform_float_3_3
Parameters: 1 -0.000947795 0.000466569 0.000951208 0.999975 -0.00691856 -0.000460431 0.00691844 0.999976 0.05195 -0.276316 -0.256477
FixedParameters: 0 0 0

#Transform 188
Transform: AffineTransform_float_3_3
Parameters: 1 -0.000946448 0.000617041 0.000951553 0.999972 -0.00742042 -0.000609956 0.00742058 0.999973 0.0379657 -0.29466 -0.251916
FixedParameters: 0 0 0

#Transform 189
Transform: AffineTransform_float_3_3
